0.026440678164362907,0.39254236221313477,0.37220337986946106,0.0,0.011073445901274681,-0.011073445901274681
0.026440678164362907,0.39254236221313477,0.37220337986946106,0.002033898374065757,0.011073445901274681,-0.011073445901274681
0.026440678164362907,0.39254236221313477,0.37220337986946106,0.002033898374065757,0.011073445901274681,-0.011073445901274681
0.026440678164362907,0.39254236221313477,0.37220337986946106,0.002033898374065757,0.011073445901274681,-0.011073445901274681
0.026440678164362907,0.39254236221313477,0.37220337986946106,0.002033898374065757,0.011073445901274681,-0.011073445901274681
0.026440678164362907,0.39254236221313477,0.37220337986946106,0.002033898374065757,0.011073445901274681,-0.011073445901274681
0.026440678164362907,0.39254236221313477,0.37220337986946106,0.002033898374065757,0.011073445901274681,-0.011073445901274681
0.026440678164362907,0.39254236221313477,0.37220337986946106,0.002033898374065757,0.011073445901274681,-0.011073445901274681
0.026440678164362907,0.39254236221313477,0.37220337986946106,0.002033898374065757,0.011073445901274681,-0.011073445901274681
0.026440678164362907,0.39254236221313477,0.37220337986946106,0.002033898374065757,0.011073445901274681,-0.011073445901274681
0.026440678164362907,0.39254236221313477,0.37220337986946106,0.0,0.011073445901274681,-0.011073445901274681
0.026440678164362907,0.39254236221313477,0.37220337986946106,0.0,0.011073445901274681,-0.011073445901274681
0.026440678164362907,0.39254236221313477,0.37220337986946106,0.002033898374065757,0.011073445901274681,-0.011073445901274681
0.026440678164362907,0.39254236221313477,0.37220337986946106,0.002033898374065757,0.011073445901274681,-0.011073445901274681
0.026440678164362907,0.39254236221313477,0.37220337986946106,0.002033898374065757,0.011073445901274681,-0.011073445901274681
0.026440678164362907,0.39254236221313477,0.37220337986946106,0.0,0.011073445901274681,-0.011073445901274681
0.026440678164362907,0.39254236221313477,0.37220337986946106,0.0,0.011073445901274681,-0.011073445901274681
0.026440678164362907,0.39254236221313477,0.37220337986946106,0.002033898374065757,0.011073445901274681,-0.011073445901274681
0.026440678164362907,0.39254236221313477,0.37220337986946106,0.0,0.011073445901274681,-0.011073445901274681
0.026440678164362907,0.39254236221313477,0.37220337986946106,0.0,0.011073445901274681,-0.011073445901274681
0.026440678164362907,0.39254236221313477,0.37220337986946106,0.0,0.011073445901274681,-0.011073445901274681
0.026440678164362907,0.39254236221313477,0.37220337986946106,0.002033898374065757,0.011073445901274681,-0.011073445901274681
0.026440678164362907,0.39254236221313477,0.37220337986946106,0.0,0.011073445901274681,-0.011073445901274681
0.026440678164362907,0.39254236221313477,0.37220337986946106,0.002033898374065757,0.011073445901274681,-0.011073445901274681
0.026440678164362907,0.39254236221313477,0.37220337986946106,0.0,0.011073445901274681,-0.011073445901274681
0.026440678164362907,0.39254236221313477,0.37220337986946106,0.002033898374065757,0.011073445901274681,-0.011073445901274681
0.026440678164362907,0.39254236221313477,0.37220337986946106,0.0,0.011073445901274681,-0.011073445901274681
0.026440678164362907,0.39254236221313477,0.37220337986946106,0.0,0.011073445901274681,-0.011073445901274681
0.026440678164362907,0.39254236221313477,0.37220337986946106,0.002033898374065757,0.011073445901274681,-0.011073445901274681
0.026440678164362907,0.39254236221313477,0.37220337986946106,0.0,0.011073445901274681,-0.011073445901274681
0.026440678164362907,0.39254236221313477,0.37220337986946106,0.002033898374065757,0.011073445901274681,-0.011073445901274681
0.026440678164362907,0.39254236221313477,0.37220337986946106,0.0,0.011073445901274681,-0.011073445901274681
0.026440678164362907,0.39254236221313477,0.37220337986946106,0.0,0.011073445901274681,-0.011073445901274681
0.026440678164362907,0.39254236221313477,0.37220337986946106,0.002033898374065757,0.011073445901274681,-0.011073445901274681
0.026440678164362907,0.39254236221313477,0.37220337986946106,0.0,0.011073445901274681,-0.011073445901274681
0.026440678164362907,0.39254236221313477,0.37220337986946106,0.0,0.011073445901274681,-0.011073445901274681
0.026440678164362907,0.39254236221313477,0.37220337986946106,0.002033898374065757,0.011073445901274681,-0.011073445901274681
0.026440678164362907,0.39254236221313477,0.37220337986946106,0.002033898374065757,0.011073445901274681,-0.011073445901274681
0.026440678164362907,0.39254236221313477,0.37220337986946106,0.0,0.011073445901274681,-0.011073445901274681
0.026440678164362907,0.39254236221313477,0.37220337986946106,0.002033898374065757,0.011073445901274681,-0.011073445901274681
0.026440678164362907,0.39254236221313477,0.37220337986946106,0.002033898374065757,0.011073445901274681,-0.011073445901274681
0.026440678164362907,0.39254236221313477,0.37220337986946106,0.002033898374065757,0.011073445901274681,-0.011073445901274681
0.026440678164362907,0.39254236221313477,0.37220337986946106,0.0,0.011073445901274681,-0.011073445901274681
0.026440678164362907,0.39254236221313477,0.37220337986946106,0.0,0.011073445901274681,-0.011073445901274681
0.026440678164362907,0.39254236221313477,0.37220337986946106,0.002033898374065757,0.011073445901274681,-0.011073445901274681
0.026440678164362907,0.39254236221313477,0.37220337986946106,0.0,0.011073445901274681,-0.011073445901274681
0.026440678164362907,0.39254236221313477,0.37220337986946106,0.0,0.011073445901274681,-0.011073445901274681
0.026440678164362907,0.39254236221313477,0.37220337986946106,0.002033898374065757,0.011073445901274681,-0.011073445901274681
0.026440678164362907,0.39254236221313477,0.37220337986946106,0.002033898374065757,0.011073445901274681,-0.011073445901274681
0.026440678164362907,0.39254236221313477,0.37220337986946106,0.002033898374065757,0.011073445901274681,-0.011073445901274681
0.026440678164362907,0.39254236221313477,0.37220337986946106,0.0,0.011073445901274681,-0.011073445901274681
0.026440678164362907,0.39254236221313477,0.37220337986946106,0.002033898374065757,0.011073445901274681,-0.011073445901274681
0.026440678164362907,0.39254236221313477,0.37220337986946106,0.002033898374065757,0.011073445901274681,-0.011073445901274681
0.026440678164362907,0.39254236221313477,0.37220337986946106,0.002033898374065757,0.011073445901274681,-0.011073445901274681
0.026440678164362907,0.39254236221313477,0.37220337986946106,0.002033898374065757,0.011073445901274681,-0.011073445901274681
0.026440678164362907,0.39254236221313477,0.37220337986946106,0.002033898374065757,0.011073445901274681,-0.011073445901274681
0.026440678164362907,0.39254236221313477,0.37220337986946106,0.002033898374065757,0.011073445901274681,-0.011073445901274681
0.026440678164362907,0.39254236221313477,0.37220337986946106,0.002033898374065757,0.011073445901274681,-0.011073445901274681
0.026440678164362907,0.39254236221313477,0.37220337986946106,0.002033898374065757,0.011073445901274681,-0.011073445901274681
0.026440678164362907,0.39254236221313477,0.37220337986946106,0.0,0.011073445901274681,-0.011073445901274681
0.026440678164362907,0.39254236221313477,0.37220337986946106,0.002033898374065757,0.011073445901274681,-0.011073445901274681
0.026440678164362907,0.39254236221313477,0.37220337986946106,0.002033898374065757,0.011073445901274681,-0.011073445901274681
0.026440678164362907,0.39254236221313477,0.37220337986946106,0.002033898374065757,0.011073445901274681,-0.011073445901274681
0.026440678164362907,0.39254236221313477,0.37220337986946106,0.0,0.011073445901274681,-0.011073445901274681
0.026440678164362907,0.39254236221313477,0.37220337986946106,0.002033898374065757,0.011073445901274681,-0.011073445901274681
0.026440678164362907,0.39254236221313477,0.37220337986946106,0.002033898374065757,0.011073445901274681,-0.011073445901274681
0.026440678164362907,0.39254236221313477,0.37220337986946106,0.002033898374065757,0.011073445901274681,-0.011073445901274681
0.026440678164362907,0.39254236221313477,0.37220337986946106,0.0,0.011073445901274681,-0.011073445901274681
0.026440678164362907,0.39254236221313477,0.37220337986946106,0.002033898374065757,0.011073445901274681,-0.011073445901274681
0.026440678164362907,0.39254236221313477,0.37220337986946106,0.002033898374065757,0.011073445901274681,-0.011073445901274681
0.026440678164362907,0.39254236221313477,0.37220337986946106,0.002033898374065757,0.011073445901274681,-0.011073445901274681
0.026440678164362907,0.39254236221313477,0.37220337986946106,0.002033898374065757,0.011073445901274681,-0.011073445901274681
0.026440678164362907,0.39254236221313477,0.37220337986946106,0.002033898374065757,0.011073445901274681,-0.011073445901274681
0.026440678164362907,0.39254236221313477,0.37220337986946106,0.0,0.011073445901274681,-0.011073445901274681
0.026440678164362907,0.39254236221313477,0.37220337986946106,0.002033898374065757,0.011073445901274681,-0.011073445901274681
0.026440678164362907,0.39254236221313477,0.37220337986946106,0.0,0.011073445901274681,-0.011073445901274681
0.026440678164362907,0.39254236221313477,0.37220337986946106,0.002033898374065757,0.011073445901274681,-0.011073445901274681
0.026440678164362907,0.329491525888443,0.40067797899246216,0.002033898374065757,0.025310734286904335,-0.011073445901274681
0.026440678164362907,0.329491525888443,0.40067797899246216,0.002033898374065757,0.025310734286904335,-0.011073445901274681
0.026440678164362907,0.2644067704677582,0.42915254831314087,0.0,0.03954802080988884,-0.011073445901274681
0.026440678164362907,0.2644067704677582,0.42915254831314087,0.002033898374065757,0.03954802080988884,-0.011073445901274681
0.026440678164362907,0.2644067704677582,0.42915254831314087,0.002033898374065757,0.03954802080988884,-0.011073445901274681
0.026440678164362907,0.2644067704677582,0.42915254831314087,0.0,0.03954802080988884,-0.011073445901274681
0.026440678164362907,0.1972881406545639,0.45966100692749023,0.002033898374065757,0.055367231369018555,-0.011073445901274681
0.026440678164362907,0.1972881406545639,0.45966100692749023,0.002033898374065757,0.055367231369018555,-0.011073445901274681
0.026440678164362907,0.1972881406545639,0.45966100692749023,0.002033898374065757,0.055367231369018555,-0.011073445901274681
0.026440678164362907,0.1972881406545639,0.45966100692749023,0.0,0.055367231369018555,-0.011073445901274681
0.026440678164362907,-0.024406779557466507,0.5674576163291931,0.0,0.09966101497411728,-0.011073445901274681
0.026440678164362907,-0.024406779557466507,0.5674576163291931,0.002033898374065757,0.09966101497411728,-0.011073445901274681
0.026440678164362907,0.03254237398505211,0.5674576163291931,0.002033898374065757,0.09491525590419769,-0.011073445901274681
0.026440678164362907,0.1647457629442215,0.5552542209625244,0.0,0.08858756721019745,-0.011073445901274681
0.026440678164362907,0.10983050614595413,0.5938982963562012,0.0,0.09966101497411728,-0.011073445901274681
0.010169491171836853,0.09559322148561478,0.5938982963562012,0.0,0.10124293714761734,-0.011073445901274681
0.018305085599422455,0.06508474797010422,0.6101694703102112,0.002033898374065757,0.09966101497411728,-0.011073445901274681
0.026440678164362907,0.048813559114933014,0.6101694703102112,0.002033898374065757,0.09966101497411728,-0.011073445901274681
0.026440678164362907,-0.08949152380228043,0.6366101503372192,-0.002033898374065757,0.11548022925853729,-0.011073445901274681
0.026440678164362907,-0.08949152380228043,0.6162711977958679,0.0,0.11073446273803711,-0.011073445901274681
0.026440678164362907,-0.10779660940170288,0.6874576210975647,0.0,0.123389832675457,-0.011073445901274681
0.026440678164362907,0.06711864471435547,0.6610169410705566,0.0,0.11548022925853729,-0.011073445901274681
0.026440678164362907,0.2501694858074188,0.5674576163291931,0.002033898374065757,0.10124293714761734,-0.011073445901274681
0.010169491171836853,0.2562711834907532,0.5288135409355164,0.0,0.10915254056453705,-0.011073445901274681
0.010169491171836853,0.22576270997524261,0.5349152684211731,0.0,0.10124293714761734,-0.011073445901274681
0.020338982343673706,0.09762711822986603,0.6000000238418579,0.002033898374065757,0.09491525590419769,-0.011073445901274681
0.026440678164362907,0.022372880950570107,0.626440703868866,0.0,0.08858756721019745,-0.011073445901274681
0.026440678164362907,-0.07932203263044357,0.6203389763832092,0.002033898374065757,0.1028248593211174,-0.011073445901274681
0.020338982343673706,-0.07932203263044357,0.5166101455688477,0.002033898374065757,0.10124293714761734,-0.011073445901274681
0.026440678164362907,0.09355932474136353,0.4555932283401489,0.0,0.09649717807769775,-0.011073445901274681
0.026440678164362907,0.2562711834907532,0.41694915294647217,0.0,0.08700565248727798,-0.011073445901274681
0.010169491171836853,0.30305084586143494,0.4494915306568146,0.002033898374065757,0.07909604161977768,-0.011073445901274681
0.010169491171836853,0.1647457629442215,0.5694915056228638,0.002033898374065757,0.08542373031377792,-0.011073445901274681
0.020338982343673706,0.07728813588619232,0.5796610116958618,0.002033898374065757,0.08384180814027786,-0.011073445901274681
0.020338982343673706,0.050847455859184265,0.5715253949165344,-0.002033898374065757,0.07909604161977768,-0.011073445901274681
0.020338982343673706,0.050847455859184265,0.5532203316688538,0.0,0.0822598859667778,-0.011073445901274681
0.020338982343673706,0.024406779557466507,0.5023728609085083,0.0,0.10598870366811752,-0.011073445901274681
0.010169491171836853,0.052881356328725815,0.47186440229415894,0.002033898374065757,0.10598870366811752,-0.011073445901274681
0.020338982343673706,0.12203390151262283,0.4942372739315033,0.002033898374065757,0.10598870366811752,-0.011073445901274681
0.020338982343673706,0.160677969455719,0.5186440944671631,0.002033898374065757,0.09649717807769775,-0.011073445901274681
0.020338982343673706,0.17491525411605835,0.48813560605049133,0.002033898374065757,0.12022598832845688,-0.011073445901274681
0.020338982343673706,0.12406779825687408,0.4352542459964752,0.002033898374065757,0.1566101759672165,-0.011073445901274681
0.020338982343673706,0.09966101497411728,0.4372881352901459,0.002033898374065757,0.1487005650997162,-0.011073445901274681
0.020338982343673706,0.09966101497411728,0.4372881352901459,0.002033898374065757,0.12971751391887665,-0.011073445901274681
0.020338982343673706,0.09966101497411728,0.4230508506298065,-0.002033898374065757,0.09807909280061722,-0.011073445901274681
0.020338982343673706,0.08745762705802917,0.3661016821861267,0.002033898374065757,0.13920904695987701,-0.011073445901274681
0.020338982343673706,0.10779660940170288,0.36813560128211975,0.002033898374065757,0.11864406615495682,-0.011073445901274681
0.020338982343673706,0.1444067806005478,0.36813560128211975,0.002033898374065757,0.11073446273803711,-0.011073445901274681
0.020338982343673706,0.17491525411605835,0.36813560128211975,0.0,0.09333333373069763,-0.011073445901274681
0.03050847537815571,0.1403389871120453,0.30711865425109863,0.002033898374065757,0.13920904695987701,-0.011073445901274681
0.13627119362354279,0.1322033852338791,0.2928813695907593,0.002033898374065757,0.1360452026128769,-0.011073445901274681
0.13627119362354279,0.1322033852338791,0.2867796719074249,0.002033898374065757,0.12497175484895706,-0.011073445901274681
0.13627119362354279,0.1322033852338791,0.2928813695907593,0.002033898374065757,0.09966101497411728,-0.011073445901274681
0.24610169231891632,0.1769491583108902,0.2542372941970825,0.002033898374065757,0.07276836037635803,-0.011073445901274681
0.24610169231891632,0.1850847452878952,0.2542372941970825,0.002033898374065757,0.06485875695943832,-0.011073445901274681
0.17898304760456085,0.1850847452878952,0.2542372941970825,0.002033898374065757,0.06011299416422844,-0.011073445901274681
0.11186441034078598,0.1850847452878952,0.2542372941970825,0.002033898374065757,0.06485875695943832,-0.011073445901274681
0.2054237276315689,0.2623728811740875,0.1891525387763977,0.0,0.07276836037635803,-0.00949152559041977
0.2176271229982376,0.2623728811740875,0.1891525387763977,0.002033898374065757,0.07276836037635803,-0.00949152559041977
0.160677969455719,0.2623728811740875,0.1891525387763977,0.002033898374065757,0.07276836037635803,-0.00949152559041977
0.17491525411605835,0.3661016821861267,0.10576271265745163,0.002033898374065757,0.07751412689685822,-0.00949152559041977
0.15457627177238464,0.3661016821861267,0.10576271265745163,0.002033898374065757,0.07751412689685822,-0.00949152559041977
0.21966101229190826,0.47186440229415894,0.024406779557466507,0.002033898374065757,0.0822598859667778,-0.00949152559041977
0.2054237276315689,0.47186440229415894,0.03050847537815571,0.002033898374065757,0.0822598859667778,-0.00949152559041977
0.15050847828388214,0.47186440229415894,0.056949153542518616,0.002033898374065757,0.0822598859667778,-0.00949152559041977
0.09966101497411728,0.47186440229415894,0.08949152380228043,0.002033898374065757,0.0822598859667778,-0.00949152559041977
0.15457627177238464,0.5694915056228638,0.04067796468734741,0.002033898374065757,0.08542373031377792,-0.00949152559041977
0.160677969455719,0.5796610116958618,0.06711864471435547,0.002033898374065757,0.08542373031377792,-0.00949152559041977
0.11999999731779099,0.5715253949165344,0.08745762705802917,0.002033898374065757,0.08384180814027786,-0.00949152559041977
0.09966101497411728,0.5593220591545105,0.1281355917453766,0.002033898374065757,0.08384180814027786,-0.00949152559041977
0.19118644297122955,0.7911864519119263,-0.018305085599422455,0.002033898374065757,0.08700565248727798,-0.00949152559041977
0.2176271229982376,0.7932203412055969,-0.010169491171836853,0.002033898374065757,0.08700565248727798,-0.00949152559041977
0.1891525387763977,0.7505084872245789,0.052881356328725815,0.002033898374065757,0.08700565248727798,-0.00949152559041977
0.17084746062755585,0.7647457718849182,0.11186441034078598,0.002033898374065757,0.08542373031377792,-0.00949152559041977
0.15050847828388214,0.6386440396308899,0.2338983118534088,0.002033898374065757,0.08542373031377792,-0.00949152559041977
0.1322033852338791,0.6142373085021973,0.21966101229190826,0.002033898374065757,0.08542373031377792,-0.00949152559041977
0.09559322148561478,0.6955932378768921,0.09966101497411728,0.002033898374065757,0.08542373031377792,-0.00949152559041977
0.08135592937469482,0.8583050966262817,-0.022372880950570107,0.0,0.0822598859667778,-0.00949152559041977
0.09355932474136353,0.8583050966262817,-0.018305085599422455,0.002033898374065757,0.0822598859667778,-0.00949152559041977
0.11796610057353973,0.8094915151596069,0.056949153542518616,0.002033898374065757,0.0822598859667778,-0.00949152559041977
0.13016949594020844,0.7810169458389282,0.1403389871120453,0.002033898374065757,0.07909604161977768,-0.00949152559041977
0.13016949594020844,0.6000000238418579,0.2623728811740875,0.002033898374065757,0.07909604161977768,-0.00949152559041977
0.12203390151262283,0.6162711977958679,0.18305084109306335,0.002033898374065757,0.0743502825498581,-0.00949152559041977
0.12203390151262283,0.6671186685562134,0.08542373031377792,0.002033898374065757,0.0743502825498581,-0.00949152559041977
0.09966101497411728,0.6569491624832153,0.03050847537815571,0.002033898374065757,0.0743502825498581,-0.00949152559041977
0.08542373031377792,0.6061016917228699,0.03254237398505211,0.002033898374065757,0.0743502825498581,-0.00949152559041977
0.06711864471435547,0.685423731803894,0.008135593496263027,0.002033898374065757,0.06802260130643845,-0.00949152559041977
0.06915254145860672,0.6386440396308899,0.06711864471435547,0.002033898374065757,0.06802260130643845,-0.00949152559041977
0.06915254145860672,0.5532203316688538,0.1484745740890503,0.002033898374065757,0.06802260130643845,-0.00949152559041977
0.07728813588619232,0.47186440229415894,0.2216949164867401,0.002033898374065757,0.06802260130643845,-0.00949152559041977
0.002033898374065757,0.7037287950515747,0.03050847537815571,0.002033898374065757,0.05062146857380867,-0.00949152559041977
0.002033898374065757,0.7423728704452515,-0.026440678164362907,0.002033898374065757,0.05062146857380867,-0.00949152559041977
0.002033898374065757,0.701694905757904,-0.016271186992526054,0.002033898374065757,0.05062146857380867,-0.00949152559041977
0.002033898374065757,0.6122034192085266,0.09152542054653168,0.002033898374065757,0.05062146857380867,-0.00949152559041977
-0.06101695075631142,0.5938982963562012,0.19118644297122955,0.002033898374065757,0.0411299429833889,-0.00949152559041977
-0.06101695075631142,0.4311864376068115,0.2806779742240906,0.002033898374065757,0.0411299429833889,-0.00949152559041977
-0.048813559114933014,0.38847458362579346,0.22576270997524261,0.002033898374065757,0.0411299429833889,-0.00949152559041977
-0.03254237398505211,0.4474576413631439,0.13830508291721344,0.002033898374065757,0.0411299429833889,-0.00949152559041977
-0.09762711822986603,0.5877966284751892,0.03661017119884491,0.0,0.03005649708211422,-0.00949152559041977
-0.08338983356952667,0.5674576163291931,0.03661017119884491,0.002033898374065757,0.03005649708211422,-0.00949152559041977
-0.15050847828388214,0.652881383895874,0.002033898374065757,0.002033898374065757,0.022146891802549362,-0.00949152559041977
-0.15864406526088715,0.6711864471435547,0.04677966237068176,0.002033898374065757,0.022146891802549362,-0.00949152559041977
-0.1444067806005478,0.6183050870895386,0.11186441034078598,0.002033898374065757,0.022146891802549362,-0.00949152559041977
-0.23593220114707947,0.5735593438148499,0.1403389871120453,0.002033898374065757,0.014237288385629654,-0.011073445901274681
-0.23796610534191132,0.4576271176338196,0.160677969455719,0.002033898374065757,0.014237288385629654,-0.011073445901274681
-0.17898304760456085,0.36813560128211975,0.12610168755054474,0.002033898374065757,0.014237288385629654,-0.011073445901274681
-0.08949152380228043,0.3335593342781067,0.08542373031377792,0.002033898374065757,0.014237288385629654,-0.011073445901274681
-0.11999999731779099,0.321355938911438,0.054915253072977066,0.002033898374065757,0.00949152559041977,-0.011073445901274681
-0.11389830708503723,0.345762699842453,0.07322034239768982,0.0,0.00949152559041977,-0.011073445901274681
-0.08949152380228043,0.38847458362579346,0.10983050614595413,0.002033898374065757,0.00949152559041977,-0.011073445901274681
-0.168813556432724,0.4494915306568146,0.1322033852338791,0.002033898374065757,0.007909604348242283,-0.011073445901274681
-0.14237287640571594,0.4535593092441559,0.1566101759672165,0.002033898374065757,0.007909604348242283,-0.011073445901274681
-0.22372882068157196,0.4474576413631439,0.15050847828388214,0.002033898374065757,0.007909604348242283,-0.012655367143452168
-0.2054237276315689,0.4474576413631439,0.11796610057353973,0.002033898374065757,0.007909604348242283,-0.012655367143452168
-0.17084746062755585,0.4189830422401428,0.11796610057353973,0.002033898374065757,0.007909604348242283,-0.012655367143452168
-0.10576271265745163,0.3783050775527954,0.11796610057353973,0.002033898374065757,0.007909604348242283,-0.012655367143452168
-0.1647457629442215,0.31932201981544495,0.13423728942871094,0.002033898374065757,0.012655367143452168,-0.012655367143452168
-0.16271185874938965,0.32338982820510864,0.13423728942871094,0.002033898374065757,0.012655367143452168,-0.012655367143452168
-0.1322033852338791,0.33559322357177734,0.13423728942871094,0.002033898374065757,0.012655367143452168,-0.012655367143452168
-0.08338983356952667,0.3579660952091217,0.13423728942871094,0.0,0.012655367143452168,-0.012655367143452168
-0.2562711834907532,0.2176271229982376,0.22576270997524261,0.002033898374065757,0.03005649708211422,-0.014237288385629654
-0.23999999463558197,0.22576270997524261,0.2216949164867401,0.002033898374065757,0.03005649708211422,-0.014237288385629654
-0.1850847452878952,0.2176271229982376,0.2216949164867401,0.002033898374065757,0.03005649708211422,-0.014237288385629654
-0.08338983356952667,0.2176271229982376,0.2216949164867401,0.002033898374065757,0.03005649708211422,-0.014237288385629654
-0.11186441034078598,0.11186441034078598,0.29084745049476624,0.0,0.0411299429833889,-0.014237288385629654
-0.13627119362354279,0.10372881591320038,0.29084745049476624,0.002033898374065757,0.0411299429833889,-0.014237288385629654
-0.168813556432724,0.11186441034078598,0.29084745049476624,0.002033898374065757,0.0411299429833889,-0.014237288385629654
-0.1281355917453766,0.11186441034078598,0.29491525888442993,0.0,0.0411299429833889,-0.014237288385629654
-0.12406779825687408,0.0,0.36000001430511475,0.0,0.05220339074730873,-0.014237288385629654
-0.07525423914194107,0.0,0.36000001430511475,0.002033898374065757,0.05220339074730873,-0.014237288385629654
-0.10983050614595413,-0.10576271265745163,0.4332203269004822,0.0,0.06011299416422844,-0.014237288385629654
-0.13016949594020844,-0.056949153542518616,0.4332203269004822,0.002033898374065757,0.06011299416422844,-0.014237288385629654
-0.14237287640571594,0.04271186515688896,0.4332203269004822,0.0,0.06011299416422844,-0.014237288385629654
-0.1444067806005478,0.03661017119884491,0.508474588394165,0.002033898374065757,0.06802260130643845,-0.014237288385629654
-0.10576271265745163,0.08135592937469482,0.508474588394165,0.002033898374065757,0.06802260130643845,-0.014237288385629654
-0.10169491171836853,0.050847455859184265,0.508474588394165,0.002033898374065757,0.06802260130643845,-0.014237288385629654
-0.12203390151262283,0.008135593496263027,0.508474588394165,-0.002033898374065757,0.06802260130643845,-0.014237288385629654
-0.14237287640571594,-0.13016949594020844,0.5837287902832031,0.0,0.0743502825498581,-0.014237288385629654
-0.11999999731779099,-0.12203390151262283,0.5837287902832031,0.002033898374065757,0.0743502825498581,-0.014237288385629654
-0.06711864471435547,-0.002033898374065757,0.5532203316688538,0.0,0.0743502825498581,-0.014237288385629654
-0.03864406794309616,0.08745762705802917,0.5735593438148499,0.0,0.07909604161977768,-0.014237288385629654
-0.04677966237068176,0.07728813588619232,0.5776271224021912,-0.002033898374065757,0.0822598859667778,-0.014237288385629654
-0.07322034239768982,0.09966101497411728,0.5552542209625244,0.0,0.0822598859667778,-0.014237288385629654
-0.08135592937469482,0.04677966237068176,0.6040678024291992,0.002033898374065757,0.0822598859667778,-0.014237288385629654
-0.08135592937469482,-0.028474576771259308,0.6223728656768799,0.002033898374065757,0.0822598859667778,-0.014237288385629654
-0.06915254145860672,-0.17084746062755585,0.6935593485832214,0.002033898374065757,0.08542373031377792,-0.014237288385629654
-0.06915254145860672,-0.11389830708503723,0.6549152731895447,0.0,0.08542373031377792,-0.014237288385629654
-0.06305084377527237,0.06711864471435547,0.5532203316688538,0.002033898374065757,0.08542373031377792,-0.014237288385629654
-0.06915254145860672,0.2766101658344269,0.4250847399234772,0.0,0.08542373031377792,-0.014237288385629654
-0.04677966237068176,0.2684745788574219,0.40881356596946716,-0.002033898374065757,0.08542373031377792,-0.014237288385629654
-0.016271186992526054,0.08542373031377792,0.5389830470085144,0.002033898374065757,0.08542373031377792,-0.014237288385629654
-0.016271186992526054,-0.04271186515688896,0.6406779885292053,0.002033898374065757,0.08542373031377792,-0.014237288385629654
-0.010169491171836853,-0.09152542054653168,0.6671186685562134,0.0,0.08542373031377792,-0.014237288385629654
0.03254237398505211,-0.06915254145860672,0.5877966284751892,0.002033898374065757,0.08384180814027786,-0.014237288385629654
0.024406779557466507,0.1810169517993927,0.3905084729194641,0.0,0.08384180814027786,-0.014237288385629654
0.002033898374065757,0.38847458362579346,0.2745762765407562,0.0,0.08384180814027786,-0.014237288385629654
-0.004067796748131514,0.3905084729194641,0.32338982820510864,0.0,0.08384180814027786,-0.014237288385629654
0.05898305028676987,0.1525423675775528,0.5186440944671631,0.002033898374065757,0.08067796379327774,-0.014237288385629654
0.06915254145860672,0.04271186515688896,0.5735593438148499,0.002033898374065757,0.08067796379327774,-0.014237288385629654
0.06101695075631142,0.04271186515688896,0.5511864423751831,-0.002033898374065757,0.08067796379327774,-0.014237288385629654
0.11796610057353973,-0.06305084377527237,0.5735593438148499,0.002033898374065757,0.07751412689685822,-0.014237288385629654
0.10779660940170288,-0.054915253072977066,0.5694915056228638,0.002033898374065757,0.07751412689685822,-0.014237288385629654
0.19118644297122955,-0.050847455859184265,0.6508474349975586,0.002033898374065757,0.07118643820285797,-0.012655367143452168
0.168813556432724,0.10169491171836853,0.6488135457038879,0.0,0.07118643820285797,-0.012655367143452168
0.12406779825687408,0.2664406895637512,0.5938982963562012,0.002033898374065757,0.07118643820285797,-0.012655367143452168
0.10372881591320038,0.3620339035987854,0.5125423669815063,0.0,0.07118643820285797,-0.012655367143452168
0.2216949164867401,0.24203389883041382,0.5877966284751892,0.002033898374065757,0.06644067913293839,-0.012655367143452168
0.2542372941970825,0.12610168755054474,0.6366101503372192,0.002033898374065757,0.06644067913293839,-0.012655367143452168
0.20338982343673706,0.06915254145860672,0.6467796564102173,0.0,0.06644067913293839,-0.012655367143452168
0.11186441034078598,0.054915253072977066,0.5654237270355225,0.002033898374065757,0.06644067913293839,-0.012655367143452168
0.2522033751010895,0.03661017119884491,0.5186440944671631,0.002033898374065757,0.06327683478593826,-0.012655367143452168
0.2888135612010956,0.10576271265745163,0.4861016869544983,0.002033898374065757,0.06327683478593826,-0.012655367143452168
0.2338983118534088,0.1647457629442215,0.482033908367157,-0.002033898374065757,0.06327683478593826,-0.012655367143452168
0.09355932474136353,0.160677969455719,0.5430508255958557,0.002033898374065757,0.06327683478593826,-0.011073445901274681
0.05898305028676987,0.12203390151262283,0.5755932331085205,0.002033898374065757,0.06327683478593826,-0.011073445901274681
0.08542373031377792,0.10983050614595413,0.5755932331085205,0.002033898374065757,0.06327683478593826,-0.011073445901274681
0.09966101497411728,0.10983050614595413,0.5613559484481812,0.002033898374065757,0.06327683478593826,-0.011073445901274681
0.08949152380228043,0.10779660940170288,0.5694915056228638,0.002033898374065757,0.047457627952098846,-0.011073445901274681
0.08135592937469482,0.13627119362354279,0.5593220591545105,-0.002033898374065757,0.047457627952098846,-0.011073445901274681
0.10779660940170288,0.1769491583108902,0.5674576163291931,-0.002033898374065757,0.047457627952098846,-0.011073445901274681
0.12610168755054474,0.1322033852338791,0.6406779885292053,0.0,0.015819208696484566,-0.011073445901274681
0.12610168755054474,0.11999999731779099,0.6366101503372192,0.002033898374065757,0.015819208696484566,-0.011073445901274681
0.11796610057353973,0.09966101497411728,0.6874576210975647,0.0,-0.017401130869984627,-0.011073445901274681
0.10983050614595413,0.09966101497411728,0.669152557849884,0.002033898374065757,-0.017401130869984627,-0.011073445901274681
0.10372881591320038,0.11593220382928848,0.6122034192085266,0.0,-0.017401130869984627,-0.011073445901274681
0.11186441034078598,0.168813556432724,0.508474588394165,0.002033898374065757,-0.017401130869984627,-0.011073445901274681
0.11186441034078598,0.1484745740890503,0.5003389716148376,0.0,-0.0616949163377285,-0.011073445901274681
0.11186441034078598,0.12406779825687408,0.5389830470085144,0.0,-0.05853107199072838,-0.011073445901274681
0.11186441034078598,0.12406779825687408,0.5938982963562012,0.0,-0.055367231369018555,-0.011073445901274681
0.11186441034078598,0.12406779825687408,0.6183050870895386,0.002033898374065757,-0.04903954640030861,-0.011073445901274681
0.11186441034078598,0.09559322148561478,0.6955932378768921,0.002033898374065757,-0.09175141155719757,-0.011073445901274681
0.11186441034078598,0.07322034239768982,0.7545762658119202,0.0,-0.12180791050195694,-0.011073445901274681
0.11186441034078598,0.07118643820285797,0.7077966332435608,0.002033898374065757,-0.11706214398145676,-0.011073445901274681
0.11186441034078598,0.08745762705802917,0.6183050870895386,0.002033898374065757,-0.1028248593211174,-0.011073445901274681
0.11186441034078598,0.1566101759672165,0.48406779766082764,0.002033898374065757,-0.07751412689685822,-0.011073445901274681
0.11186441034078598,0.20338982343673706,0.4352542459964752,0.0,-0.0822598859667778,-0.011073445901274681
0.11186441034078598,0.1728813499212265,0.47593221068382263,0.0,-0.06802260130643845,-0.011073445901274681
0.11186441034078598,0.13627119362354279,0.5857627391815186,0.002033898374065757,-0.0616949163377285,-0.011073445901274681
0.11186441034078598,0.13627119362354279,0.5959321856498718,0.0,-0.055367231369018555,-0.011073445901274681
0.11186441034078598,0.1728813499212265,0.5735593438148499,0.002033898374065757,-0.056949153542518616,-0.011073445901274681
0.11186441034078598,0.23999999463558197,0.524745762348175,0.0,-0.056949153542518616,-0.011073445901274681
0.11186441034078598,0.23999999463558197,0.524745762348175,0.0,-0.056949153542518616,-0.011073445901274681
0.11186441034078598,0.23999999463558197,0.524745762348175,0.0,-0.056949153542518616,-0.011073445901274681
0.11186441034078598,0.2969491481781006,0.4738982915878296,0.0,-0.05220339074730873,-0.011073445901274681
0.11186441034078598,0.2969491481781006,0.4738982915878296,0.0,-0.05220339074730873,-0.011073445901274681
0.11186441034078598,0.2969491481781006,0.4738982915878296,0.002033898374065757,-0.05220339074730873,-0.011073445901274681
0.11186441034078598,0.2969491481781006,0.4738982915878296,0.002033898374065757,-0.05220339074730873,-0.011073445901274681
0.11186441034078598,0.35593220591545105,0.4230508506298065,0.0,-0.047457627952098846,-0.011073445901274681
0.11186441034078598,0.35593220591545105,0.4230508506298065,0.0,-0.047457627952098846,-0.011073445901274681
0.11186441034078598,0.35593220591545105,0.4230508506298065,0.002033898374065757,-0.047457627952098846,-0.011073445901274681
0.11186441034078598,0.3661016821861267,0.4149152636528015,0.0,-0.047457627952098846,-0.011073445901274681
0.11186441034078598,0.3661016821861267,0.4149152636528015,0.0,-0.047457627952098846,-0.011073445901274681
0.11186441034078598,0.3661016821861267,0.4149152636528015,0.002033898374065757,-0.047457627952098846,-0.011073445901274681
0.11186441034078598,0.3661016821861267,0.4149152636528015,0.0,-0.047457627952098846,-0.011073445901274681
0.11186441034078598,0.3823728859424591,0.4067796468734741,0.002033898374065757,-0.05062146857380867,-0.011073445901274681
0.11186441034078598,0.3823728859424591,0.4067796468734741,0.002033898374065757,-0.05062146857380867,-0.011073445901274681
0.11186441034078598,0.3823728859424591,0.4067796468734741,0.0,-0.05062146857380867,-0.011073445901274681
0.11186441034078598,0.3823728859424591,0.4067796468734741,0.0,-0.05062146857380867,-0.011073445901274681
0.11186441034078598,0.4535593092441559,0.3701694905757904,0.0,-0.0616949163377285,-0.011073445901274681
0.11186441034078598,0.4535593092441559,0.3701694905757904,0.002033898374065757,-0.0616949163377285,-0.011073445901274681
0.11186441034078598,0.524745762348175,0.3335593342781067,0.002033898374065757,-0.0743502825498581,-0.011073445901274681
0.11186441034078598,0.524745762348175,0.3335593342781067,0.0,-0.0743502825498581,-0.011073445901274681
0.11186441034078598,0.524745762348175,0.3335593342781067,0.002033898374065757,-0.0743502825498581,-0.011073445901274681
0.11186441034078598,0.5959321856498718,0.29491525888442993,0.002033898374065757,-0.08384180814027786,-0.011073445901274681
0.11186441034078598,0.5959321856498718,0.29491525888442993,0.002033898374065757,-0.08384180814027786,-0.011073445901274681
0.11186441034078598,0.5959321856498718,0.29491525888442993,0.002033898374065757,-0.0743502825498581,-0.011073445901274681
0.11186441034078598,0.5959321856498718,0.29491525888442993,0.0,-0.06802260130643845,-0.011073445901274681
0.11186441034078598,0.7077966332435608,0.23796610534191132,0.002033898374065757,-0.08067796379327774,-0.011073445901274681
0.11186441034078598,0.7077966332435608,0.23796610534191132,0.002033898374065757,-0.07118643820285797,-0.011073445901274681
0.11796610057353973,0.6793220043182373,0.23796610534191132,0.002033898374065757,-0.06327683478593826,-0.011073445901274681
0.11796610057353973,0.7789830565452576,0.17898304760456085,0.002033898374065757,-0.08067796379327774,-0.011073445901274681
0.11186441034078598,0.7932203412055969,0.17898304760456085,0.002033898374065757,-0.07276836037635803,-0.011073445901274681
0.10372881591320038,0.8969491720199585,0.11999999731779099,0.002033898374065757,-0.08858756721019745,-0.011073445901274681
0.11186441034078598,0.8888135552406311,0.11999999731779099,0.002033898374065757,-0.07593220472335815,-0.011073445901274681
0.11796610057353973,0.8257626891136169,0.12406779825687408,0.002033898374065757,-0.06960452347993851,-0.011073445901274681
0.11186441034078598,0.7972881197929382,0.12406779825687408,0.002033898374065757,-0.056949153542518616,-0.011073445901274681
0.11186441034078598,0.8644067645072937,0.06101695075631142,0.002033898374065757,-0.07276836037635803,-0.011073445901274681
0.11186441034078598,0.7911864519119263,0.06508474797010422,0.002033898374065757,-0.06960452347993851,-0.011073445901274681
0.11186441034078598,0.7057626843452454,0.07118643820285797,0.002033898374065757,-0.06960452347993851,-0.011073445901274681
0.11186441034078598,0.6162711977958679,0.10169491171836853,0.002033898374065757,-0.06960452347993851,-0.011073445901274681
0.11186441034078598,0.6305084824562073,0.09559322148561478,0.002033898374065757,-0.08542373031377792,-0.011073445901274681
0.11186441034078598,0.7159321904182434,0.03864406794309616,0.002033898374065757,-0.10440678149461746,-0.011073445901274681
0.11186441034078598,0.7138983011245728,0.028474576771259308,0.002033898374065757,-0.09966101497411728,-0.011073445901274681
0.11186441034078598,0.685423731803894,0.03864406794309616,0.002033898374065757,-0.08858756721019745,-0.011073445901274681
0.11186441034078598,0.6366101503372192,0.07932203263044357,0.002033898374065757,-0.07118643820285797,-0.011073445901274681
0.11186441034078598,0.6386440396308899,0.1281355917453766,0.002033898374065757,-0.06327683478593826,-0.011073445901274681
0.11186441034078598,0.6020339131355286,0.14644068479537964,0.002033898374065757,-0.056949153542518616,-0.011073445901274681
0.11186441034078598,0.5918644070625305,0.1281355917453766,0.002033898374065757,-0.055367231369018555,-0.011073445901274681
0.11186441034078598,0.6203389763832092,0.08745762705802917,0.002033898374065757,-0.053785309195518494,-0.011073445901274681
0.11186441034078598,0.7301694750785828,0.04271186515688896,0.002033898374065757,-0.06802260130643845,-0.011073445901274681
0.11186441034078598,0.8054237365722656,0.006101694889366627,0.002033898374065757,-0.08067796379327774,-0.011073445901274681
0.11186441034078598,0.7769491672515869,0.006101694889366627,0.002033898374065757,-0.07593220472335815,-0.011073445901274681
0.11186441034078598,0.7057626843452454,0.04677966237068176,0.002033898374065757,-0.07118643820285797,-0.011073445901274681
0.11186441034078598,0.6081355810165405,0.1484745740890503,0.002033898374065757,-0.07118643820285797,-0.011073445901274681
0.11186441034078598,0.45152541995048523,0.23796610534191132,0.002033898374065757,-0.0616949163377285,-0.011073445901274681
0.11186441034078598,0.3538983166217804,0.24203389883041382,0.002033898374065757,-0.056949153542518616,-0.011073445901274681
0.11186441034078598,0.4230508506298065,0.14644068479537964,0.002033898374065757,-0.055367231369018555,-0.011073445901274681
0.08949152380228043,0.490169495344162,0.13016949594020844,0.002033898374065757,-0.056949153542518616,-0.011073445901274681
0.050847455859184265,0.5410169363021851,0.13016949594020844,0.002033898374065757,-0.056949153542518616,-0.011073445901274681
0.052881356328725815,0.5410169363021851,0.13423728942871094,0.002033898374065757,-0.056949153542518616,-0.011073445901274681
0.08542373031377792,0.5410169363021851,0.1403389871120453,0.002033898374065757,-0.056949153542518616,-0.011073445901274681
0.08542373031377792,0.5125423669815063,0.1403389871120453,0.002033898374065757,-0.056949153542518616,-0.011073445901274681
0.08542373031377792,0.4698305130004883,0.1403389871120453,0.002033898374065757,-0.056949153542518616,-0.011073445901274681
0.07932203263044357,0.48406779766082764,0.1403389871120453,0.002033898374065757,-0.056949153542518616,-0.011073445901274681
0.07932203263044357,0.49627119302749634,0.1403389871120453,0.002033898374065757,-0.056949153542518616,-0.011073445901274681
0.08542373031377792,0.508474588394165,0.1403389871120453,0.002033898374065757,-0.056949153542518616,-0.011073445901274681
0.08542373031377792,0.508474588394165,0.1403389871120453,0.002033898374065757,-0.056949153542518616,-0.011073445901274681
0.07932203263044357,0.508474588394165,0.1403389871120453,0.002033898374065757,-0.056949153542518616,-0.011073445901274681
0.08542373031377792,0.508474588394165,0.1403389871120453,0.002033898374065757,-0.056949153542518616,-0.011073445901274681
0.07932203263044357,0.508474588394165,0.1403389871120453,0.002033898374065757,-0.056949153542518616,-0.011073445901274681
0.07932203263044357,0.508474588394165,0.1403389871120453,0.002033898374065757,-0.056949153542518616,-0.011073445901274681
0.08542373031377792,0.508474588394165,0.1403389871120453,0.002033898374065757,-0.056949153542518616,-0.011073445901274681
0.07932203263044357,0.508474588394165,0.1403389871120453,0.002033898374065757,-0.056949153542518616,-0.011073445901274681
0.07932203263044357,0.508474588394165,0.13423728942871094,0.002033898374065757,-0.056949153542518616,-0.011073445901274681
0.07932203263044357,0.508474588394165,0.1403389871120453,0.002033898374065757,-0.056949153542518616,-0.011073445901274681
0.08542373031377792,0.508474588394165,0.1403389871120453,0.002033898374065757,-0.056949153542518616,-0.011073445901274681
0.08542373031377792,0.508474588394165,0.1403389871120453,0.002033898374065757,-0.056949153542518616,-0.011073445901274681
0.07932203263044357,0.508474588394165,0.1403389871120453,0.002033898374065757,-0.056949153542518616,-0.011073445901274681
0.08542373031377792,0.508474588394165,0.1403389871120453,0.002033898374065757,-0.056949153542518616,-0.011073445901274681
0.08542373031377792,0.508474588394165,0.1403389871120453,0.002033898374065757,-0.056949153542518616,-0.011073445901274681
0.07932203263044357,0.508474588394165,0.1403389871120453,0.0,-0.056949153542518616,-0.011073445901274681
0.08542373031377792,0.508474588394165,0.1403389871120453,0.002033898374065757,-0.056949153542518616,-0.011073445901274681
0.07932203263044357,0.508474588394165,0.1403389871120453,0.002033898374065757,-0.056949153542518616,-0.011073445901274681
0.07932203263044357,0.508474588394165,0.1403389871120453,0.0,-0.056949153542518616,-0.011073445901274681
0.08542373031377792,0.508474588394165,0.1403389871120453,0.0,-0.056949153542518616,-0.011073445901274681
0.08542373031377792,0.508474588394165,0.1403389871120453,0.002033898374065757,-0.056949153542518616,-0.011073445901274681
0.08542373031377792,0.508474588394165,0.1403389871120453,0.002033898374065757,-0.056949153542518616,-0.011073445901274681
0.07932203263044357,0.508474588394165,0.1403389871120453,0.0,-0.056949153542518616,-0.011073445901274681
0.07932203263044357,0.508474588394165,0.1403389871120453,0.002033898374065757,-0.056949153542518616,-0.011073445901274681
0.08542373031377792,0.508474588394165,0.1403389871120453,0.002033898374065757,-0.056949153542518616,-0.011073445901274681
0.07932203263044357,0.508474588394165,0.1403389871120453,0.002033898374065757,-0.056949153542518616,-0.011073445901274681
0.07932203263044357,0.508474588394165,0.1403389871120453,0.0,-0.056949153542518616,-0.011073445901274681
0.07932203263044357,0.508474588394165,0.1403389871120453,0.002033898374065757,-0.056949153542518616,-0.011073445901274681
0.08542373031377792,0.508474588394165,0.1403389871120453,0.002033898374065757,-0.056949153542518616,-0.011073445901274681
0.08542373031377792,0.508474588394165,0.1403389871120453,0.002033898374065757,-0.056949153542518616,-0.011073445901274681
0.07932203263044357,0.508474588394165,0.1403389871120453,0.002033898374065757,-0.056949153542518616,-0.011073445901274681
0.07932203263044357,0.508474588394165,0.1403389871120453,0.002033898374065757,-0.056949153542518616,-0.011073445901274681
0.08542373031377792,0.508474588394165,0.1403389871120453,0.002033898374065757,-0.056949153542518616,-0.011073445901274681
0.08542373031377792,0.508474588394165,0.1403389871120453,0.002033898374065757,-0.056949153542518616,-0.011073445901274681
0.08542373031377792,0.508474588394165,0.1403389871120453,0.002033898374065757,-0.056949153542518616,-0.011073445901274681
0.07932203263044357,0.508474588394165,0.1403389871120453,0.002033898374065757,-0.056949153542518616,-0.011073445901274681
0.07932203263044357,0.508474588394165,0.1403389871120453,0.002033898374065757,-0.056949153542518616,-0.011073445901274681
0.07932203263044357,0.508474588394165,0.1403389871120453,0.002033898374065757,-0.056949153542518616,-0.011073445901274681
0.07932203263044357,0.508474588394165,0.1403389871120453,0.002033898374065757,-0.056949153542518616,-0.011073445901274681
0.08542373031377792,0.508474588394165,0.1403389871120453,0.0,-0.056949153542518616,-0.011073445901274681
0.07932203263044357,0.508474588394165,0.1403389871120453,0.002033898374065757,-0.056949153542518616,-0.011073445901274681
0.07932203263044357,0.508474588394165,0.13423728942871094,0.002033898374065757,-0.056949153542518616,-0.011073445901274681
0.08542373031377792,0.508474588394165,0.13423728942871094,0.002033898374065757,-0.056949153542518616,-0.011073445901274681
0.07932203263044357,0.508474588394165,0.1403389871120453,0.002033898374065757,-0.056949153542518616,-0.011073445901274681
0.08542373031377792,0.508474588394165,0.13423728942871094,0.002033898374065757,-0.056949153542518616,-0.011073445901274681
0.08542373031377792,0.508474588394165,0.1403389871120453,0.002033898374065757,-0.056949153542518616,-0.011073445901274681
0.08542373031377792,0.508474588394165,0.1403389871120453,0.002033898374065757,-0.056949153542518616,-0.011073445901274681
0.08542373031377792,0.508474588394165,0.1403389871120453,0.0,-0.056949153542518616,-0.011073445901274681
0.07932203263044357,0.508474588394165,0.1403389871120453,0.002033898374065757,-0.056949153542518616,-0.011073445901274681
0.08542373031377792,0.508474588394165,0.1403389871120453,0.002033898374065757,-0.056949153542518616,-0.011073445901274681
0.08542373031377792,0.508474588394165,0.1403389871120453,0.002033898374065757,-0.056949153542518616,-0.011073445901274681
0.07932203263044357,0.508474588394165,0.1403389871120453,0.002033898374065757,-0.056949153542518616,-0.011073445901274681
0.08542373031377792,0.508474588394165,0.1403389871120453,0.002033898374065757,-0.056949153542518616,-0.011073445901274681
0.07932203263044357,0.508474588394165,0.1403389871120453,0.002033898374065757,-0.056949153542518616,-0.011073445901274681
0.08542373031377792,0.508474588394165,0.1403389871120453,0.002033898374065757,-0.056949153542518616,-0.011073445901274681
0.07932203263044357,0.508474588394165,0.1403389871120453,0.002033898374065757,-0.056949153542518616,-0.011073445901274681
0.07932203263044357,0.508474588394165,0.1403389871120453,0.002033898374065757,-0.056949153542518616,-0.011073445901274681
0.08542373031377792,0.508474588394165,0.1403389871120453,0.002033898374065757,-0.056949153542518616,-0.011073445901274681
0.07932203263044357,0.508474588394165,0.13423728942871094,0.002033898374065757,-0.056949153542518616,-0.011073445901274681
0.08542373031377792,0.508474588394165,0.1403389871120453,0.002033898374065757,-0.056949153542518616,-0.011073445901274681
0.08542373031377792,0.508474588394165,0.1403389871120453,0.002033898374065757,-0.056949153542518616,-0.011073445901274681
0.08542373031377792,0.508474588394165,0.1403389871120453,0.002033898374065757,-0.056949153542518616,-0.011073445901274681
0.07932203263044357,0.508474588394165,0.1403389871120453,0.002033898374065757,-0.056949153542518616,-0.011073445901274681
0.08542373031377792,0.508474588394165,0.1403389871120453,0.002033898374065757,-0.056949153542518616,-0.011073445901274681
0.07932203263044357,0.508474588394165,0.1403389871120453,0.002033898374065757,-0.056949153542518616,-0.011073445901274681
0.07932203263044357,0.508474588394165,0.1403389871120453,0.002033898374065757,-0.056949153542518616,-0.011073445901274681
0.08542373031377792,0.508474588394165,0.1403389871120453,0.002033898374065757,-0.056949153542518616,-0.011073445901274681
0.07932203263044357,0.508474588394165,0.1403389871120453,0.002033898374065757,-0.056949153542518616,-0.011073445901274681
0.07932203263044357,0.508474588394165,0.1403389871120453,0.002033898374065757,-0.056949153542518616,-0.011073445901274681
0.07932203263044357,0.508474588394165,0.1403389871120453,0.002033898374065757,-0.056949153542518616,-0.011073445901274681
0.08542373031377792,0.508474588394165,0.1403389871120453,0.002033898374065757,-0.056949153542518616,-0.011073445901274681
0.07932203263044357,0.508474588394165,0.1403389871120453,0.002033898374065757,-0.056949153542518616,-0.011073445901274681
0.07932203263044357,0.508474588394165,0.1403389871120453,0.002033898374065757,-0.056949153542518616,-0.011073445901274681
0.08542373031377792,0.508474588394165,0.1403389871120453,0.002033898374065757,-0.056949153542518616,-0.011073445901274681
0.07932203263044357,0.508474588394165,0.1403389871120453,0.002033898374065757,-0.056949153542518616,-0.011073445901274681
0.07932203263044357,0.508474588394165,0.1403389871120453,0.002033898374065757,-0.056949153542518616,-0.011073445901274681
0.08542373031377792,0.508474588394165,0.1403389871120453,0.002033898374065757,-0.056949153542518616,-0.011073445901274681
0.07932203263044357,0.508474588394165,0.1403389871120453,0.002033898374065757,-0.056949153542518616,-0.011073445901274681
0.07932203263044357,0.508474588394165,0.1403389871120453,0.002033898374065757,-0.056949153542518616,-0.011073445901274681
0.08542373031377792,0.508474588394165,0.1403389871120453,0.002033898374065757,-0.056949153542518616,-0.011073445901274681
0.08542373031377792,0.508474588394165,0.1403389871120453,0.002033898374065757,-0.056949153542518616,-0.011073445901274681
0.08542373031377792,0.508474588394165,0.1403389871120453,0.002033898374065757,-0.056949153542518616,-0.011073445901274681
0.07932203263044357,0.508474588394165,0.1403389871120453,0.002033898374065757,-0.056949153542518616,-0.011073445901274681
0.07932203263044357,0.508474588394165,0.1403389871120453,0.002033898374065757,-0.056949153542518616,-0.011073445901274681
0.07932203263044357,0.508474588394165,0.1403389871120453,0.002033898374065757,-0.056949153542518616,-0.011073445901274681
0.07932203263044357,0.508474588394165,0.1403389871120453,0.002033898374065757,-0.056949153542518616,-0.011073445901274681
0.07932203263044357,0.508474588394165,0.1403389871120453,0.002033898374065757,-0.056949153542518616,-0.011073445901274681
0.07932203263044357,0.508474588394165,0.13423728942871094,0.002033898374065757,-0.056949153542518616,-0.011073445901274681
0.07932203263044357,0.508474588394165,0.1403389871120453,0.002033898374065757,-0.056949153542518616,-0.011073445901274681
0.08542373031377792,0.508474588394165,0.1403389871120453,0.002033898374065757,-0.056949153542518616,-0.011073445901274681
0.08542373031377792,0.508474588394165,0.1403389871120453,0.002033898374065757,-0.056949153542518616,-0.011073445901274681
0.08542373031377792,0.508474588394165,0.1403389871120453,0.002033898374065757,-0.056949153542518616,-0.011073445901274681
0.07932203263044357,0.508474588394165,0.1403389871120453,0.002033898374065757,-0.056949153542518616,-0.011073445901274681
0.08542373031377792,0.508474588394165,0.1403389871120453,0.002033898374065757,-0.056949153542518616,-0.011073445901274681
0.08542373031377792,0.508474588394165,0.1403389871120453,0.002033898374065757,-0.056949153542518616,-0.011073445901274681
0.08542373031377792,0.508474588394165,0.1403389871120453,0.002033898374065757,-0.056949153542518616,-0.011073445901274681
0.07932203263044357,0.508474588394165,0.1403389871120453,0.002033898374065757,-0.056949153542518616,-0.011073445901274681
0.07932203263044357,0.508474588394165,0.1403389871120453,0.0,-0.056949153542518616,-0.011073445901274681
0.07932203263044357,0.508474588394165,0.1403389871120453,0.002033898374065757,-0.056949153542518616,-0.011073445901274681
0.07932203263044357,0.508474588394165,0.1403389871120453,0.002033898374065757,-0.056949153542518616,-0.011073445901274681
0.08542373031377792,0.508474588394165,0.1403389871120453,0.002033898374065757,-0.056949153542518616,-0.011073445901274681
0.07932203263044357,0.508474588394165,0.13423728942871094,0.002033898374065757,-0.056949153542518616,-0.011073445901274681
0.07932203263044357,0.508474588394165,0.1403389871120453,0.002033898374065757,-0.056949153542518616,-0.011073445901274681
0.07932203263044357,0.508474588394165,0.1403389871120453,0.002033898374065757,-0.056949153542518616,-0.011073445901274681
0.07932203263044357,0.508474588394165,0.1403389871120453,0.002033898374065757,-0.056949153542518616,-0.011073445901274681
0.07932203263044357,0.508474588394165,0.1403389871120453,0.002033898374065757,-0.056949153542518616,-0.011073445901274681
0.08542373031377792,0.508474588394165,0.1403389871120453,0.002033898374065757,-0.056949153542518616,-0.011073445901274681
0.08542373031377792,0.508474588394165,0.13423728942871094,0.002033898374065757,-0.056949153542518616,-0.011073445901274681
0.07932203263044357,0.508474588394165,0.1403389871120453,0.002033898374065757,-0.056949153542518616,-0.011073445901274681
0.07932203263044357,0.508474588394165,0.1403389871120453,0.002033898374065757,-0.056949153542518616,-0.011073445901274681
0.07932203263044357,0.508474588394165,0.1403389871120453,0.002033898374065757,-0.056949153542518616,-0.011073445901274681
0.07932203263044357,0.508474588394165,0.1403389871120453,0.002033898374065757,-0.056949153542518616,-0.011073445901274681
0.08542373031377792,0.508474588394165,0.1403389871120453,0.002033898374065757,-0.056949153542518616,-0.011073445901274681
0.07932203263044357,0.508474588394165,0.1403389871120453,0.002033898374065757,-0.056949153542518616,-0.011073445901274681
0.07932203263044357,0.508474588394165,0.1403389871120453,0.002033898374065757,-0.056949153542518616,-0.011073445901274681
0.07932203263044357,0.508474588394165,0.1403389871120453,0.002033898374065757,-0.056949153542518616,-0.011073445901274681
0.08542373031377792,0.508474588394165,0.1403389871120453,0.002033898374065757,-0.056949153542518616,-0.011073445901274681
0.08542373031377792,0.508474588394165,0.13423728942871094,0.002033898374065757,-0.056949153542518616,-0.011073445901274681
0.08542373031377792,0.508474588394165,0.1403389871120453,0.002033898374065757,-0.056949153542518616,-0.011073445901274681
0.08542373031377792,0.508474588394165,0.13423728942871094,0.0,-0.056949153542518616,-0.011073445901274681
0.07932203263044357,0.508474588394165,0.1403389871120453,0.002033898374065757,-0.056949153542518616,-0.011073445901274681
0.08542373031377792,0.508474588394165,0.1403389871120453,0.002033898374065757,-0.056949153542518616,-0.011073445901274681
0.07932203263044357,0.508474588394165,0.1403389871120453,0.002033898374065757,-0.056949153542518616,-0.011073445901274681
0.07932203263044357,0.508474588394165,0.1403389871120453,0.002033898374065757,-0.056949153542518616,-0.011073445901274681
0.08542373031377792,0.508474588394165,0.1403389871120453,0.002033898374065757,-0.056949153542518616,-0.011073445901274681
0.08542373031377792,0.508474588394165,0.1403389871120453,0.002033898374065757,-0.056949153542518616,-0.011073445901274681
