0.006095757707953453,0.016919409856200218,-0.003049936145544052,1.575146711729758e-06,5.3340547310654074e-05,-0.5890262722969055
0.006095757707953453,0.016919409856200218,-0.003049936145544052,0.001535555929876864,5.3340547310654074e-05,-0.5890262722969055
0.006095757707953453,0.016919409856200218,-0.003049936145544052,0.001535555929876864,5.3340547310654074e-05,-0.5890262722969055
0.006095757707953453,0.016919409856200218,-0.003049936145544052,0.001535555929876864,5.3340547310654074e-05,-0.5890262722969055
0.006095757707953453,0.016919409856200218,-0.003049936145544052,0.001535555929876864,5.3340547310654074e-05,-0.5890262722969055
0.006095757707953453,0.016919409856200218,-0.003049936145544052,0.001535555929876864,5.3340547310654074e-05,-0.5890262722969055
0.006095757707953453,0.016919409856200218,-0.003049936145544052,0.001535555929876864,5.3340547310654074e-05,-0.5890262722969055
0.006095757707953453,0.016919409856200218,-0.003049936145544052,0.001535555929876864,5.3340547310654074e-05,-0.5890262722969055
0.006095757707953453,0.016919409856200218,-0.003049936145544052,0.001535555929876864,5.3340547310654074e-05,-0.5890262722969055
0.006095757707953453,0.016919409856200218,-0.003049936145544052,0.001535555929876864,5.3340547310654074e-05,-0.5890262722969055
0.006095757707953453,0.016919409856200218,-0.003049936145544052,1.575146711729758e-06,5.3340547310654074e-05,-0.5890262722969055
0.006095757707953453,0.016919409856200218,-0.003049936145544052,1.575146711729758e-06,5.3340547310654074e-05,-0.5890262722969055
0.006095757707953453,0.016919409856200218,-0.003049936145544052,0.001535555929876864,5.3340547310654074e-05,-0.5890262722969055
0.006095757707953453,0.016919409856200218,-0.003049936145544052,0.001535555929876864,5.3340547310654074e-05,-0.5890262722969055
0.006095757707953453,0.016919409856200218,-0.003049936145544052,0.001535555929876864,5.3340547310654074e-05,-0.5890262722969055
0.006095757707953453,0.016919409856200218,-0.003049936145544052,1.575146711729758e-06,5.3340547310654074e-05,-0.590560257434845
0.006095757707953453,0.016919409856200218,-0.003049936145544052,1.575146711729758e-06,5.3340547310654074e-05,-0.5890262722969055
0.006095757707953453,0.016919409856200218,-0.003049936145544052,0.001535555929876864,5.3340547310654074e-05,-0.5890262722969055
0.006095757707953453,0.016919409856200218,-0.003049936145544052,1.575146711729758e-06,5.3340547310654074e-05,-0.5890262722969055
0.006095757707953453,0.016919409856200218,-0.003049936145544052,1.575146711729758e-06,5.3340547310654074e-05,-0.5890262722969055
0.006095757707953453,0.016919409856200218,-0.003049936145544052,1.575146711729758e-06,5.3340547310654074e-05,-0.5890262722969055
0.006095757707953453,0.016919409856200218,-0.003049936145544052,0.001535555929876864,5.3340547310654074e-05,-0.5890262722969055
0.006095757707953453,0.016919409856200218,-0.003049936145544052,1.575146711729758e-06,5.3340547310654074e-05,-0.5890262722969055
0.006095757707953453,0.016919409856200218,-0.003049936145544052,0.001535555929876864,5.3340547310654074e-05,-0.5890262722969055
0.006095757707953453,0.016919409856200218,-0.003049936145544052,1.575146711729758e-06,5.3340547310654074e-05,-0.5890262722969055
0.006095757707953453,0.016919409856200218,-0.003049936145544052,0.001535555929876864,5.3340547310654074e-05,-0.5890262722969055
0.006095757707953453,0.016919409856200218,-0.003049936145544052,1.575146711729758e-06,5.3340547310654074e-05,-0.5890262722969055
0.006095757707953453,0.016919409856200218,-0.003049936145544052,1.575146711729758e-06,5.3340547310654074e-05,-0.5890262722969055
0.006095757707953453,0.016919409856200218,-0.003049936145544052,0.001535555929876864,5.3340547310654074e-05,-0.5890262722969055
0.006095757707953453,0.016919409856200218,-0.003049936145544052,1.575146711729758e-06,5.3340547310654074e-05,-0.590560257434845
0.006095757707953453,0.016919409856200218,-0.003049936145544052,0.001535555929876864,5.3340547310654074e-05,-0.5890262722969055
0.006095757707953453,0.016919409856200218,-0.003049936145544052,1.575146711729758e-06,5.3340547310654074e-05,-0.5890262722969055
0.006095757707953453,0.016919409856200218,-0.003049936145544052,1.575146711729758e-06,5.3340547310654074e-05,-0.590560257434845
0.006095757707953453,0.016919409856200218,-0.003049936145544052,0.001535555929876864,5.3340547310654074e-05,-0.5890262722969055
0.006095757707953453,0.016919409856200218,-0.003049936145544052,1.575146711729758e-06,5.3340547310654074e-05,-0.5890262722969055
0.006095757707953453,0.016919409856200218,-0.003049936145544052,1.575146711729758e-06,5.3340547310654074e-05,-0.5890262722969055
0.006095757707953453,0.016919409856200218,-0.003049936145544052,0.001535555929876864,5.3340547310654074e-05,-0.590560257434845
0.006095757707953453,0.016919409856200218,-0.003049936145544052,0.001535555929876864,5.3340547310654074e-05,-0.5890262722969055
0.006095757707953453,0.016919409856200218,-0.003049936145544052,1.575146711729758e-06,5.3340547310654074e-05,-0.5890262722969055
0.006095757707953453,0.016919409856200218,-0.003049936145544052,0.001535555929876864,5.3340547310654074e-05,-0.5890262722969055
0.006095757707953453,0.016919409856200218,-0.003049936145544052,0.001535555929876864,5.3340547310654074e-05,-0.5890262722969055
0.006095757707953453,0.016919409856200218,-0.003049936145544052,0.001535555929876864,5.3340547310654074e-05,-0.5890262722969055
0.006095757707953453,0.016919409856200218,-0.003049936145544052,1.575146711729758e-06,5.3340547310654074e-05,-0.5890262722969055
0.006095757707953453,0.016919409856200218,-0.003049936145544052,1.575146711729758e-06,5.3340547310654074e-05,-0.5890262722969055
0.006095757707953453,0.016919409856200218,-0.003049936145544052,0.001535555929876864,5.3340547310654074e-05,-0.5890262722969055
0.006095757707953453,0.016919409856200218,-0.003049936145544052,1.575146711729758e-06,5.3340547310654074e-05,-0.5890262722969055
0.006095757707953453,0.016919409856200218,-0.003049936145544052,1.575146711729758e-06,5.3340547310654074e-05,-0.5890262722969055
0.006095757707953453,0.016919409856200218,-0.003049936145544052,0.001535555929876864,5.3340547310654074e-05,-0.5890262722969055
0.006095757707953453,0.016919409856200218,-0.003049936145544052,0.001535555929876864,5.3340547310654074e-05,-0.5890262722969055
0.006095757707953453,0.016919409856200218,-0.003049936145544052,0.001535555929876864,5.3340547310654074e-05,-0.590560257434845
0.006095757707953453,0.016919409856200218,-0.003049936145544052,1.575146711729758e-06,5.3340547310654074e-05,-0.590560257434845
0.006095757707953453,0.016919409856200218,-0.003049936145544052,0.001535555929876864,5.3340547310654074e-05,-0.5890262722969055
0.006095757707953453,0.016919409856200218,-0.003049936145544052,0.001535555929876864,5.3340547310654074e-05,-0.5890262722969055
0.006095757707953453,0.016919409856200218,-0.003049936145544052,0.001535555929876864,5.3340547310654074e-05,-0.5890262722969055
0.006095757707953453,0.016919409856200218,-0.003049936145544052,0.001535555929876864,5.3340547310654074e-05,-0.590560257434845
0.006095757707953453,0.016919409856200218,-0.003049936145544052,0.001535555929876864,5.3340547310654074e-05,-0.5890262722969055
0.006095757707953453,0.016919409856200218,-0.003049936145544052,0.001535555929876864,5.3340547310654074e-05,-0.5890262722969055
0.006095757707953453,0.016919409856200218,-0.003049936145544052,0.001535555929876864,5.3340547310654074e-05,-0.5890262722969055
0.006095757707953453,0.016919409856200218,-0.003049936145544052,0.001535555929876864,5.3340547310654074e-05,-0.590560257434845
0.006095757707953453,0.016919409856200218,-0.003049936145544052,1.575146711729758e-06,5.3340547310654074e-05,-0.5890262722969055
0.006095757707953453,0.016919409856200218,-0.003049936145544052,0.001535555929876864,5.3340547310654074e-05,-0.5890262722969055
0.006095757707953453,0.016919409856200218,-0.003049936145544052,0.001535555929876864,5.3340547310654074e-05,-0.5890262722969055
0.006095757707953453,0.016919409856200218,-0.003049936145544052,0.001535555929876864,5.3340547310654074e-05,-0.5890262722969055
0.006095757707953453,0.016919409856200218,-0.003049936145544052,1.575146711729758e-06,5.3340547310654074e-05,-0.590560257434845
0.006095757707953453,0.016919409856200218,-0.003049936145544052,0.001535555929876864,5.3340547310654074e-05,-0.5890262722969055
0.006095757707953453,0.016919409856200218,-0.003049936145544052,0.001535555929876864,5.3340547310654074e-05,-0.5890262722969055
0.006095757707953453,0.016919409856200218,-0.003049936145544052,0.001535555929876864,5.3340547310654074e-05,-0.5890262722969055
0.006095757707953453,0.016919409856200218,-0.003049936145544052,1.575146711729758e-06,5.3340547310654074e-05,-0.5890262722969055
0.006095757707953453,0.016919409856200218,-0.003049936145544052,0.001535555929876864,5.3340547310654074e-05,-0.5890262722969055
0.006095757707953453,0.016919409856200218,-0.003049936145544052,0.001535555929876864,5.3340547310654074e-05,-0.5890262722969055
0.006095757707953453,0.016919409856200218,-0.003049936145544052,0.001535555929876864,5.3340547310654074e-05,-0.5890262722969055
0.006095757707953453,0.016919409856200218,-0.003049936145544052,0.001535555929876864,5.3340547310654074e-05,-0.5890262722969055
0.006095757707953453,0.016919409856200218,-0.003049936145544052,0.001535555929876864,5.3340547310654074e-05,-0.5890262722969055
0.006095757707953453,0.016919409856200218,-0.003049936145544052,1.575146711729758e-06,5.3340547310654074e-05,-0.5890262722969055
0.006095757707953453,0.016919409856200218,-0.003049936145544052,0.001535555929876864,5.3340547310654074e-05,-0.5890262722969055
0.006095759104937315,0.016913501545786858,-0.0030464190058410168,1.5751096498206607e-06,5.572973168455064e-05,-0.5890262722969055
0.006095759104937315,0.016913501545786858,-0.0030464190058410168,0.001535555929876864,5.572973168455064e-05,-0.5890262722969055
0.006098367739468813,0.0027469107881188393,0.005385798402130604,0.0015354673378169537,0.00578352902084589,-0.5890272259712219
0.006098367739468813,0.0027469107881188393,0.005385798402130604,0.0015354673378169537,0.00578352902084589,-0.5890272259712219
0.006100974977016449,-0.011410897597670555,0.013812788762152195,1.3979429240862373e-06,0.01150777842849493,-0.5890281200408936
0.006100974977016449,-0.011410897597670555,0.013812788762152195,0.0015353787457570434,0.01150777842849493,-0.5890281200408936
0.006100974977016449,-0.011410897597670555,0.013812788762152195,0.0015353787457570434,0.01150777842849493,-0.590562105178833
0.006100974977016449,-0.011410897597670555,0.013812788762152195,1.3979429240862373e-06,0.01150777842849493,-0.5890281200408936
0.006103720981627703,-0.026400860399007797,0.022782709449529648,0.0015352850314229727,0.01752086542546749,-0.58902907371521
0.006103720981627703,-0.026400860399007797,0.022782709449529648,0.0015352850314229727,0.01752086542546749,-0.58902907371521
0.006103720981627703,-0.026400860399007797,0.022782709449529648,0.0015352850314229727,0.01752086542546749,-0.58902907371521
0.006103720981627703,-0.026400860399007797,0.022782709449529648,1.3042218824921292e-06,0.01752086542546749,-0.58902907371521
0.0061121792532503605,-0.07592497766017914,0.05439630523324013,9.960861007130006e-07,0.03540846332907677,-0.5890328884124756
0.0061121792532503605,-0.07592497766017914,0.05439630523324013,0.0015349768800660968,0.03540846332907677,-0.5890328884124756
0.0061121792532503605,-0.06978905200958252,0.05439630523324013,0.0015349768800660968,0.03387448191642761,-0.590566873550415
0.0061121792532503605,-0.059051185846328735,0.05286232382059097,9.960861007130006e-07,0.03234050050377846,-0.590566873550415
0.006116234231740236,-0.07792004942893982,0.06651357561349869,8.407619134231936e-07,0.037546560168266296,-0.5890350341796875
0.004582253284752369,-0.07331810146570206,0.06651357561349869,8.407619134231936e-07,0.037546560168266296,-0.5890350341796875
0.006116234231740236,-0.0717841237783432,0.06651357561349869,0.0015348215820267797,0.03601257875561714,-0.5890350341796875
0.006116234231740236,-0.07025014609098434,0.06651357561349869,0.0015348215820267797,0.03601257875561714,-0.5905689597129822
0.006120129954069853,-0.09524674713611603,0.07923445850610733,6.856175218672433e-07,0.04214084520936012,-0.5905712246894836
0.006120129954069853,-0.09524674713611603,0.07770048081874847,6.856175218672433e-07,0.04060686379671097,-0.5905712246894836
0.0061239455826580524,-0.10950786620378494,0.09380390495061874,5.30524630448781e-07,0.04642292112112045,-0.5905736088752747
0.0061239455826580524,-0.09570203721523285,0.09073594212532043,5.30524630448781e-07,0.04335496202111244,-0.5905736088752747
0.0061239455826580524,-0.07729426771402359,0.07693012058734894,0.0015345113351941109,0.03875301778316498,-0.5905736088752747
0.004593566991388798,-0.08695435523986816,0.08012594282627106,3.7557663290499477e-07,0.04213781654834747,-0.5905761122703552
0.004593566991388798,-0.08081842958927155,0.07705798000097275,3.7557663290499477e-07,0.039069853723049164,-0.5905761122703552
0.004593566991388798,-0.08081842958927155,0.07705798000097275,0.0015343563864007592,0.036001890897750854,-0.5890421271324158
0.006127547938376665,-0.08081842958927155,0.07552400231361389,3.7557663290499477e-07,0.032933931797742844,-0.5890421271324158
0.006130743306130171,-0.10327700525522232,0.08315782994031906,0.0015342171536758542,0.03854445368051529,-0.5905784368515015
0.0045967623591423035,-0.10327700525522232,0.06935200840234756,0.0015342171536758542,0.037010472267866135,-0.5905784368515015
0.006130743306130171,-0.08947117626667023,0.05861414223909378,2.364159570333868e-07,0.03547649458050728,-0.589044451713562
0.006132880225777626,-0.08220431208610535,0.04941454902291298,1.3896254813516862e-07,0.03280005604028702,-0.5905801653862
0.004598899278789759,-0.06839849054813385,0.044812604784965515,0.001534119714051485,0.029732095077633858,-0.5905801653862
0.004601035267114639,-0.08260044455528259,0.058617331087589264,0.0015340223908424377,0.03165608271956444,-0.5905818939208984
0.004601035267114639,-0.08260044455528259,0.05708334967494011,0.0015340223908424377,0.030122101306915283,-0.5905818939208984
0.004601035267114639,-0.08260044455528259,0.05708334967494011,4.155196364763469e-08,0.028588121756911278,-0.5905818939208984
0.004601035267114639,-0.08260044455528259,0.0540153905749321,0.0015340223908424377,0.028588121756911278,-0.5905818939208984
0.004601942375302315,-0.08881763368844986,0.04642979055643082,1.7201406965483557e-10,0.03778589889407158,-0.5905826091766357
0.004601942375302315,-0.08574967086315155,0.04182785004377365,0.0015339809469878674,0.03778589889407158,-0.5905826091766357
0.004601942375302315,-0.07961374521255493,0.04182785004377365,0.0015339809469878674,0.03778589889407158,-0.5905826091766357
0.004601942375302315,-0.07501180469989777,0.04182785004377365,0.0015339809469878674,0.03471793606877327,-0.5905826091766357
0.004601942375302315,-0.07226346433162689,0.030249053612351418,0.0015339809469878674,0.045082371681928635,-0.5890486240386963
0.004601942375302315,-0.07512573897838593,0.014895826578140259,0.0015339809469878674,0.060229912400245667,-0.5905826091766357
0.004601942375302315,-0.07512573897838593,0.014895826578140259,0.0015339809469878674,0.05716194957494736,-0.5890486240386963
0.004601942375302315,-0.07512573897838593,0.014895826578140259,0.0015339809469878674,0.05102602764964104,-0.5905826091766357
0.004601942375302315,-0.07512573897838593,0.013361845165491104,1.7249798811569406e-10,0.04028816148638725,-0.5890486240386963
0.004601942375302315,-0.07809782773256302,-0.005600570701062679,0.0015339809469878674,0.05762072280049324,-0.5890486240386963
0.004601942375302315,-0.07656384259462357,-0.005600570701062679,0.0015339809469878674,0.049950819462537766,-0.5890486240386963
0.004601942375302315,-0.0719619020819664,-0.005600570701062679,0.0015339809469878674,0.0453488752245903,-0.5905826091766357
0.004601942375302315,-0.06889393925666809,-0.005600570701062679,1.7299840726625604e-10,0.03767897188663483,-0.5905826091766357
0.006903446279466152,-0.07349474728107452,-0.0237038005143404,0.0015339809469878674,0.05578106641769409,-0.5882810950279236
0.03190399706363678,-0.06986792385578156,-0.027788864448666573,0.0015339809469878674,0.053171344101428986,-0.5632805228233337
0.03190399706363678,-0.06986792385578156,-0.029322845861315727,0.0015339809469878674,0.04856940358877182,-0.5617465972900391
0.03190399706363678,-0.06986792385578156,-0.027788864448666573,0.0015339809469878674,0.03936551883816719,-0.5617465972900391
0.05716586112976074,-0.05967947468161583,-0.03920339047908783,0.0015339809469878674,0.029853731393814087,-0.5380187034606934
0.05716586112976074,-0.058145493268966675,-0.03920339047908783,0.0015339809469878674,0.025251789018511772,-0.5364847183227539
0.04949595779180527,-0.058145493268966675,-0.03920339047908783,0.0015339809469878674,0.022183826193213463,-0.5380187034606934
0.04182605445384979,-0.058145493268966675,-0.03920339047908783,0.0015339809469878674,0.022183826193213463,-0.5380187034606934
0.06196575611829758,-0.04103461280465126,-0.05817065387964249,1.7384210737603212e-10,0.024040209129452705,-0.5132770538330078
0.06043177470564842,-0.04103461280465126,-0.05817065387964249,0.0015339809469878674,0.024040209129452705,-0.5132770538330078
0.05122788995504379,-0.04103461280465126,-0.05817065387964249,0.0015339809469878674,0.024040209129452705,-0.5132770538330078
0.0626346617937088,-0.01824508234858513,-0.08303716033697128,0.0015339809469878674,0.02611718326807022,-0.4911324083805084
0.05803271755576134,-0.01824508234858513,-0.08303716033697128,0.0015339809469878674,0.02611718326807022,-0.4911324083805084
0.06687808781862259,0.0051724775694310665,-0.10657833516597748,0.0015339809469878674,0.02777477726340294,-0.4746171236038208
0.06381012499332428,0.0051724775694310665,-0.10504435002803802,0.0015339809469878674,0.02777477726340294,-0.4746171236038208
0.053072258830070496,0.0051724775694310665,-0.10197638720273972,0.0015339809469878674,0.02777477726340294,-0.4746171236038208
0.04540235549211502,0.0051724775694310665,-0.09737444669008255,0.0015339809469878674,0.02777477726340294,-0.4746171236038208
0.05200454220175743,0.02736608125269413,-0.11615834385156631,0.0015339809469878674,0.028967013582587242,-0.46187901496887207
0.04740259796380997,0.028900062665343285,-0.10848844051361084,0.0015339809469878674,0.028967013582587242,-0.46187901496887207
0.03973269462585449,0.02736608125269413,-0.10235252231359482,0.0015339809469878674,0.028967013582587242,-0.46187901496887207
0.03513075038790703,0.02736608125269413,-0.09314863383769989,0.0015339809469878674,0.028967013582587242,-0.46187901496887207
0.052440859377384186,0.07647191733121872,-0.13853764533996582,0.0015339809469878674,0.029852133244276047,-0.444568932056427
0.052440859377384186,0.07647191733121872,-0.13393570482730865,0.0015339809469878674,0.029852133244276047,-0.444568932056427
0.04783891886472702,0.07340395450592041,-0.12012987583875656,0.0015339809469878674,0.029852133244276047,-0.444568932056427
0.049819763749837875,0.08919955044984818,-0.12635643780231476,0.0015339809469878674,0.02948698215186596,-0.43952012062072754
0.04521782323718071,0.07692770659923553,-0.10488070547580719,0.0015339809469878674,0.02948698215186596,-0.43952012062072754
0.040615878999233246,0.07232575863599777,-0.09721080213785172,0.0015339809469878674,0.02948698215186596,-0.43952012062072754
0.034479957073926926,0.07079178094863892,-0.09721080213785172,0.0015339809469878674,0.02948698215186596,-0.43952012062072754
0.031124480068683624,0.0957990437746048,-0.12130533158779144,1.7314177869209857e-10,0.028574243187904358,-0.43673965334892273
0.02959050051867962,0.0957990437746048,-0.11977134644985199,0.0015339809469878674,0.028574243187904358,-0.43673965334892273
0.02959050051867962,0.09119710326194763,-0.10749950259923935,0.0015339809469878674,0.028574243187904358,-0.43673965334892273
0.03010433353483677,0.10392128676176071,-0.11108605563640594,0.0015339809469878674,0.027106517925858498,-0.4362258315086365
0.03010433353483677,0.08858148008584976,-0.09421227127313614,0.0015339809469878674,0.027106517925858498,-0.4362258315086365
0.028334766626358032,0.09977741539478302,-0.10799802839756012,0.0015339809469878674,0.02509440667927265,-0.43799540400505066
0.028334766626358032,0.09517546743154526,-0.10799802839756012,0.0015339809469878674,0.02509440667927265,-0.43799540400505066
0.025266803801059723,0.08597158640623093,-0.10799802839756012,0.0015339809469878674,0.02509440667927265,-0.43799540400505066
0.023732824251055717,0.07830168306827545,-0.10493006557226181,0.0015339809469878674,0.02509440667927265,-0.43799540400505066
0.019481264054775238,0.09716476500034332,-0.12123186886310577,0.0015339809469878674,0.022533124312758446,-0.4422469437122345
0.017947282642126083,0.08796088397502899,-0.1135619655251503,0.0015339809469878674,0.022533124312758446,-0.4422469437122345
0.017947282642126083,0.0741550549864769,-0.0966881811618805,0.0015339809469878674,0.022533124312758446,-0.4422469437122345
0.017947282642126083,0.06341718882322311,-0.08441632986068726,0.0015339809469878674,0.022533124312758446,-0.4422469437122345
0.000576358346734196,0.10727681964635849,-0.12459451705217361,0.0015339809469878674,0.01578371599316597,-0.45961788296699524
0.000576358346734196,0.10267487913370132,-0.12459451705217361,0.0015339809469878674,0.01578371599316597,-0.45961788296699524
0.000576358346734196,0.09500497579574585,-0.1215265542268753,0.0015339809469878674,0.01578371599316597,-0.45961788296699524
0.000576358346734196,0.08733507245779037,-0.10618674755096436,0.0015339809469878674,0.01578371599316597,-0.45961788296699524
-0.014189101755619049,0.09717177599668503,-0.10567370057106018,0.0015339809469878674,0.011569882743060589,-0.4743833541870117
-0.014189101755619049,0.08029799163341522,-0.08879990875720978,0.0015339809469878674,0.011569882743060589,-0.4743833541870117
-0.011121140792965889,0.06956012547016144,-0.08573194593191147,0.0015339809469878674,0.011569882743060589,-0.4743833541870117
-0.009587159380316734,0.06649216264486313,-0.08573194593191147,0.0015339809469878674,0.011569882743060589,-0.4743833541870117
-0.026496045291423798,0.0842200517654419,-0.10386927425861359,0.0015339809469878674,0.007377375848591328,-0.4928261935710907
-0.023428084328770638,0.07808412611484528,-0.10386927425861359,0.0015339809469878674,0.007377375848591328,-0.4928261935710907
-0.03887056186795235,0.09421247988939285,-0.11363732069730759,0.0015339809469878674,0.004085029941052198,-0.511336624622345
-0.03887056186795235,0.092678502202034,-0.10750139504671097,0.0015339809469878674,0.004085029941052198,-0.511336624622345
-0.03580259904265404,0.08500859886407852,-0.09829751402139664,0.0015339809469878674,0.004085029941052198,-0.511336624622345
-0.058663371950387955,0.09039050340652466,-0.09897960722446442,0.0015339809469878674,0.0009192025754600763,-0.5357313752174377
-0.0571293905377388,0.07811865955591202,-0.0928436890244484,0.0015339809469878674,0.0009192025754600763,-0.5357313752174377
-0.049459487199783325,0.06584680825471878,-0.09130970388650894,0.0015339809469878674,0.0009192025754600763,-0.5357313752174377
-0.03872162103652954,0.05664292722940445,-0.09130970388650894,0.0015339809469878674,0.0009192025754600763,-0.5357313752174377
-0.051756035536527634,0.053216006606817245,-0.09814729541540146,0.0015339809469878674,-0.0010881370399147272,-0.5610376596450806
-0.042552150785923004,0.04554610326886177,-0.09507933259010315,1.7323620316034294e-10,-0.0010881370399147272,-0.5610376596450806
-0.03488224372267723,0.044012121856212616,-0.08894340693950653,0.0015339809469878674,-0.0010881370399147272,-0.5610376596450806
-0.05343998223543167,0.048951879143714905,-0.08695683628320694,0.0015339809469878674,-0.0018785448046401143,-0.5857313275337219
-0.04730406031012535,0.04741789773106575,-0.08235489577054977,0.0015339809469878674,-0.0018785448046401143,-0.5857313275337219
-0.06616663932800293,0.04590027034282684,-0.0796564593911171,0.0015339809469878674,-0.0015253688907250762,-0.6107298135757446
-0.061564698815345764,0.04590027034282684,-0.0796564593911171,0.0015339809469878674,-0.0015253688907250762,-0.6107298135757446
-0.05389479547739029,0.042832307517528534,-0.0796564593911171,0.0015339809469878674,-0.0015253688907250762,-0.6107298135757446
-0.04469091072678566,0.039764344692230225,-0.0796564593911171,0.0015339809469878674,-0.0015253688907250762,-0.6107298135757446
-0.06048622727394104,0.030037088319659233,-0.0745246484875679,0.0015339809469878674,2.1196915440668818e-06,-0.6357290148735046
-0.055884283035993576,0.02850310690701008,-0.0745246484875679,0.0015339809469878674,2.1196915440668818e-06,-0.6357290148735046
-0.04668039828538895,0.02850310690701008,-0.0745246484875679,0.0015339809469878674,2.1196915440668818e-06,-0.6357290148735046
-0.03747651353478432,0.030037088319659233,-0.0745246484875679,1.7254189743631798e-10,2.1196915440668818e-06,-0.6357290148735046
-0.07977458089590073,-0.003676675260066986,-0.04766662046313286,0.0015339809469878674,0.006857853848487139,-0.6856970191001892
-0.07363865524530411,-0.0021426945459097624,-0.04920060187578201,0.0015339809469878674,0.006857853848487139,-0.6856970191001892
-0.06290078908205032,-0.003676675260066986,-0.04920060187578201,0.0015339809469878674,0.006857853848487139,-0.6856970191001892
-0.047560982406139374,-0.003676675260066986,-0.04920060187578201,0.0015339809469878674,0.006857853848487139,-0.6856970191001892
-0.058037664741277695,-0.027271324768662453,-0.028816724196076393,1.7125398321660157e-10,0.011602606624364853,-0.706911563873291
-0.051901742815971375,-0.028805306181311607,-0.028816724196076393,0.0015339809469878674,0.011602606624364853,-0.706911563873291
-0.04729979857802391,-0.027271324768662453,-0.028816724196076393,0.0015339809469878674,0.011602606624364853,-0.706911563873291
-0.039629895240068436,-0.027271324768662453,-0.02728274278342724,1.7125398321660157e-10,0.011602606624364853,-0.706911563873291
-0.0449751652777195,-0.05207532271742821,-0.008164782077074051,1.7093283732894093e-10,0.015754660591483116,-0.7214607000350952
-0.03730526193976402,-0.05207532271742821,-0.008164782077074051,0.0015339809469878674,0.015754660591483116,-0.7214607000350952
-0.0416274294257164,-0.07574889808893204,0.013362769037485123,1.7070024560528196e-10,0.019434664398431778,-0.7319188117980957
-0.040093448013067245,-0.07114695012569427,0.013362769037485123,0.0015339809469878674,0.019434664398431778,-0.7319188117980957
-0.037025488913059235,-0.061943069100379944,0.013362769037485123,1.7070024560528196e-10,0.019434664398431778,-0.7319188117980957
-0.03939676284790039,-0.07605551928281784,0.03512870892882347,0.0015339809469878674,0.02251904085278511,-0.7388920187950134
-0.034794822335243225,-0.06991959363222122,0.03512870892882347,0.0015339809469878674,0.02251904085278511,-0.7388920187950134
-0.031726859509944916,-0.0637836754322052,0.03512870892882347,0.0015339809469878674,0.02251904085278511,-0.7388920187950134
-0.03019287809729576,-0.06224969029426575,0.03512870892882347,1.7055355738815337e-10,0.02251904085278511,-0.7388920187950134
-0.03291428089141846,-0.08715502172708511,0.057477954775094986,1.7048021327958907e-10,0.025075122714042664,-0.7431473731994629
-0.029846318066120148,-0.08562103658914566,0.057477954775094986,0.0015339809469878674,0.025075122714042664,-0.7431473731994629
-0.023710396140813828,-0.07488317042589188,0.05287601053714752,1.7048021327958907e-10,0.025075122714042664,-0.7431473731994629
-0.02089536190032959,-0.08300761133432388,0.06818821281194687,1.7047663281033465e-10,0.027091244235634804,-0.7449343204498291
-0.018869755789637566,-0.09573560953140259,0.08097661286592484,1.7053808365474765e-10,0.028564821928739548,-0.7444426417350769
-0.018869755789637566,-0.08653172850608826,0.07484069466590881,1.7053808365474765e-10,0.028564821928739548,-0.7444426417350769
-0.018869755789637566,-0.08192978799343109,0.07484069466590881,0.0015339809469878674,0.028564821928739548,-0.7444426417350769
-0.018869755789637566,-0.08192978799343109,0.07330670952796936,0.0015339809469878674,0.028564821928739548,-0.7444426417350769
-0.016106389462947845,-0.10539718717336655,0.09432339668273926,0.0015339809469878674,0.0294815544039011,-0.741679310798645
-0.016106389462947845,-0.09926126152276993,0.08972145617008209,1.706631919118351e-10,0.0294815544039011,-0.741679310798645
-0.01457240805029869,-0.08392145484685898,0.07438164949417114,0.0015339809469878674,0.0294815544039011,-0.741679310798645
-0.016106389462947845,-0.06551368534564972,0.05750786140561104,1.706631919118351e-10,0.0294815544039011,-0.741679310798645
-0.011073142290115356,-0.07520031183958054,0.06222189590334892,1.708489461016427e-10,0.029852205887436867,-0.7366460561752319
-0.0036765513941645622,-0.09695769101381302,0.08415552973747253,0.0015339809469878674,0.02967594936490059,-0.7292494773864746
-0.0036765513941645622,-0.09695769101381302,0.08568951487541199,0.0015339809469878674,0.02967594936490059,-0.7292494773864746
-0.0021425706800073385,-0.09695769101381302,0.08415552973747253,1.7109269556669915e-10,0.02967594936490059,-0.7292494773864746
0.007720835041254759,-0.11048635840415955,0.08917990326881409,0.0015339809469878674,0.028976360335946083,-0.7193860411643982
0.007720835041254759,-0.08901062607765198,0.0615682490170002,1.713895275701205e-10,0.028976360335946083,-0.7193860411643982
0.004652873147279024,-0.06139897182583809,0.032422613352537155,1.713895275701205e-10,0.028976360335946083,-0.7193860411643982
0.0031188924331218004,-0.053729068487882614,0.02782066911458969,1.713895275701205e-10,0.028976360335946083,-0.7193860411643982
0.01587398536503315,-0.07599559426307678,0.05434785410761833,0.0015339809469878674,0.02778366580605507,-0.7066309452056885
0.01587398536503315,-0.07752957940101624,0.05434785410761833,0.0015339809469878674,0.02778366580605507,-0.7066309452056885
0.014340003952383995,-0.07752957940101624,0.04974590986967087,1.7174034416811423e-10,0.02778366580605507,-0.7066309452056885
0.02923836000263691,-0.10088257491588593,0.06861242651939392,0.0015339809469878674,0.026134228333830833,-0.6901986598968506
0.02923836000263691,-0.09934859722852707,0.06707844138145447,0.0015339809469878674,0.026134228333830833,-0.6901986598968506
0.048265136778354645,-0.11141086369752884,0.08888529241085052,0.0015339809469878674,0.02405954711139202,-0.6681038737297058
0.045197173953056335,-0.0991390123963356,0.08581733703613281,1.726300213888976e-10,0.02405954711139202,-0.6681038737297058
0.039061252027750015,-0.0822652280330658,0.07661344856023788,0.0015339809469878674,0.02405954711139202,-0.6681038737297058
0.035993289202451706,-0.0684593990445137,0.06434160470962524,1.726300213888976e-10,0.02405954711139202,-0.6681038737297058
0.05945732071995735,-0.07964329421520233,0.08200529962778091,0.0015339809469878674,0.022181684151291847,-0.6431058645248413
0.06099129840731621,-0.07964329421520233,0.08200529962778091,0.0015339809469878674,0.022181684151291847,-0.6431058645248413
0.05332139506936073,-0.08117727190256119,0.08047132194042206,1.7308807165328233e-10,0.022181684151291847,-0.6431058645248413
0.044117510318756104,-0.08117727190256119,0.06819947808980942,0.0015339809469878674,0.022181684151291847,-0.6431058645248413
0.08086632192134857,-0.091485895216465,0.07093314826488495,0.0015339809469878674,0.02055274322628975,-0.6002211570739746
0.07933234423398972,-0.08534996956586838,0.06172926723957062,0.0015339809469878674,0.02055274322628975,-0.6002211570739746
0.06859447807073593,-0.07921405136585236,0.055593341588974,1.736705362853641e-10,0.02055274322628975,-0.6002211570739746
0.05762815102934837,-0.07502289116382599,0.054522670805454254,0.0015339809469878674,0.020500224083662033,-0.5927796959877014
0.04382232204079628,-0.07502289116382599,0.054522670805454254,0.0015339809469878674,0.020500224083662033,-0.5927796959877014
0.03768640011548996,-0.07502289116382599,0.054522670805454254,0.0015339809469878674,0.020500224083662033,-0.5927796959877014
0.033084455877542496,-0.07502289116382599,0.0529886893928051,0.0015339809469878674,0.020500224083662033,-0.5927796959877014
0.03067995235323906,-0.0757027268409729,0.059924591332674026,0.0015339809469878674,0.01424415037035942,-0.5905822515487671
0.029145970940589905,-0.07263476401567459,0.056856632232666016,1.7358449400095566e-10,0.01424415037035942,-0.5905822515487671
0.029145970940589905,-0.06956680119037628,0.056856632232666016,1.7358449400095566e-10,0.01424415037035942,-0.5905822515487671
0.029145920649170876,-0.07399582117795944,0.07407716661691666,1.7321165335371091e-10,0.0014526357408612967,-0.5905823111534119
0.029145920649170876,-0.07399582117795944,0.0725431889295578,0.0015339809469878674,0.0014526357408612967,-0.5905823111534119
0.02761188894510269,-0.07855705916881561,0.09018296003341675,1.7283580122651188e-10,-0.011625906452536583,-0.5905823707580566
0.02761188894510269,-0.07855705916881561,0.08711500465869904,0.0015339809469878674,-0.011625906452536583,-0.5905823707580566
0.026077907532453537,-0.0754890963435173,0.07944509387016296,1.7283580122651188e-10,-0.011625906452536583,-0.5905823707580566
0.026077907532453537,-0.072421133518219,0.06563927233219147,0.0015339809469878674,-0.011625906452536583,-0.5905823707580566
0.026077838614583015,-0.07471829652786255,0.07069773226976395,1.724108772416244e-10,-0.029727013781666756,-0.5905824303627014
0.026077838614583015,-0.07471829652786255,0.06762976944446564,1.724108772416244e-10,-0.02819303423166275,-0.5905824303627014
0.026077838614583015,-0.07471829652786255,0.06762976944446564,1.724108772416244e-10,-0.026659052819013596,-0.5905824303627014
0.026077838614583015,-0.07471829652786255,0.06762976944446564,0.0015339809469878674,-0.02512507140636444,-0.5905824303627014
0.02607777714729309,-0.08102381229400635,0.09012367576360703,0.0015339809469878674,-0.04131346195936203,-0.5905824899673462
0.02607773058116436,-0.08608800172805786,0.10737625509500504,1.718345743473293e-10,-0.05350184813141823,-0.590582549571991
0.02607773058116436,-0.08608800172805786,0.10124032944440842,0.0015339809469878674,-0.051967866718769073,-0.590582549571991
0.02607773058116436,-0.08302004635334015,0.08896848559379578,0.0015339809469878674,-0.04736592248082161,-0.590582549571991
0.02607773058116436,-0.07688412070274353,0.07056071609258652,0.0015339809469878674,-0.039696019142866135,-0.590582549571991
0.02607768587768078,-0.07581257820129395,0.07094014436006546,1.716163183784758e-10,-0.04268097132444382,-0.5905826091766357
0.02607768587768078,-0.07427860051393509,0.06173626333475113,1.716163183784758e-10,-0.0365450493991375,-0.5905826091766357
0.02607768587768078,-0.07427860051393509,0.06327024102210999,0.0015339809469878674,-0.03194310516119003,-0.5905826091766357
0.02607768587768078,-0.07427860051393509,0.06173626333475113,1.716163183784758e-10,-0.028875144198536873,-0.5905826091766357
0.026077672839164734,-0.06594026833772659,0.05523824691772461,0.0015339809469878674,-0.029181476682424545,-0.5905826091766357
0.026077672839164734,-0.05140261352062225,0.04047810658812523,1.7159736132033032e-10,-0.027425013482570648,-0.5905826091766357
0.026077672839164734,-0.05140261352062225,0.04047810658812523,1.7159736132033032e-10,-0.027425013482570648,-0.5905826091766357
0.026077672839164734,-0.05140261352062225,0.04047810658812523,1.7159736132033032e-10,-0.027425013482570648,-0.5905826091766357
0.026077672839164734,-0.0384124331176281,0.025733288377523422,1.7161876086912997e-10,-0.025670373812317848,-0.5905826091766357
0.026077672839164734,-0.0384124331176281,0.025733288377523422,1.7161876086912997e-10,-0.025670373812317848,-0.5905826091766357
0.026077672839164734,-0.0384124331176281,0.025733288377523422,0.0015339809469878674,-0.025670373812317848,-0.5905826091766357
0.026077672839164734,-0.0384124331176281,0.025733288377523422,0.0015339809469878674,-0.025670373812317848,-0.5905826091766357
0.026077672839164734,-0.025409754365682602,0.01097427774220705,1.7164018817350524e-10,-0.023914042860269547,-0.5905826091766357
0.026077672839164734,-0.025409754365682602,0.01097427774220705,1.7164018817350524e-10,-0.023914042860269547,-0.5905826091766357
0.026077672839164734,-0.025409754365682602,0.01097427774220705,0.0015339809469878674,-0.023914042860269547,-0.5905826091766357
0.026077672839164734,-0.023323528468608856,0.008606256917119026,1.7164362986488158e-10,-0.023632248863577843,-0.5905826091766357
0.026077672839164734,-0.023323528468608856,0.008606256917119026,1.7164362986488158e-10,-0.023632248863577843,-0.5905826091766357
0.026077672839164734,-0.023323528468608856,0.008606256917119026,0.0015339809469878674,-0.023632248863577843,-0.5905826091766357
0.026077674701809883,-0.023317091166973114,0.008601829409599304,-8.967612763477462e-10,-0.023634256795048714,-0.5905826091766357
0.026078173890709877,-0.019408633932471275,0.005913216155022383,0.0015333311166614294,-0.024854185059666634,-0.5905833840370178
0.026078173890709877,-0.019408633932471275,0.005913216155022383,0.0015333311166614294,-0.024854185059666634,-0.5905833840370178
0.026078173890709877,-0.019408633932471275,0.005913216155022383,-6.496226205854327e-07,-0.024854185059666634,-0.5905833840370178
0.026078173890709877,-0.019408633932471275,0.005913216155022383,-6.496226205854327e-07,-0.024854185059666634,-0.5905833840370178
0.026080185547471046,-0.0037027993239462376,-0.00489076878875494,-3.2564776120125316e-06,-0.029756370931863785,-0.5905865430831909
0.026080185547471046,-0.0037027993239462376,-0.00489076878875494,0.0015307243447750807,-0.029756370931863785,-0.5905865430831909
0.026082195341587067,0.011997280642390251,-0.015690794214606285,0.0015281183877959847,-0.03465676307678223,-0.5905897617340088
0.026082195341587067,0.011997280642390251,-0.015690794214606285,-5.862377292942256e-06,-0.03465676307678223,-0.5905897617340088
0.026082195341587067,0.011997280642390251,-0.015690794214606285,0.0015281183877959847,-0.03465676307678223,-0.5905897617340088
0.026084233075380325,0.02791411429643631,-0.026639925315976143,0.0015254765748977661,-0.03809082508087158,-0.5905929803848267
0.026084233075380325,0.02791411429643631,-0.026639925315976143,0.0015254765748977661,-0.03809082508087158,-0.5905929803848267
0.026084233075380325,0.02791411429643631,-0.026639925315976143,0.0015254765748977661,-0.03502286225557327,-0.5905929803848267
0.026084233075380325,0.02791411429643631,-0.026639925315976143,-8.504253855790012e-06,-0.033488884568214417,-0.5905929803848267
0.026087433099746704,0.05291791260242462,-0.043839942663908005,0.0015213263686746359,-0.038225237280130386,-0.5905979871749878
0.026087433099746704,0.05291791260242462,-0.043839942663908005,0.0015213263686746359,-0.03515727445483208,-0.5905979871749878
0.02762141451239586,0.04984994977712631,-0.043839942663908005,0.0015213263686746359,-0.03208931162953377,-0.5905979871749878
0.02762461267411709,0.07484191656112671,-0.06103182211518288,0.0015171782579272985,-0.038355953991413116,-0.5906030535697937
0.026090633124113083,0.07484191656112671,-0.06103182211518288,0.0015171782579272985,-0.035287994891405106,-0.5906030535697937
0.02609383314847946,0.09830877929925919,-0.07822980731725693,0.0015130286337807775,-0.04155740514397621,-0.5906081199645996
0.02609383314847946,0.09677479416131973,-0.07822980731725693,0.0015130286337807775,-0.03695546090602875,-0.5906081199645996
0.027627814561128616,0.09217285364866257,-0.07669582217931747,0.0015130286337807775,-0.03388749808073044,-0.5906081199645996
0.02609383314847946,0.08910489082336426,-0.07669582217931747,0.0015130286337807775,-0.029285557568073273,-0.5906081199645996
0.02609703317284584,0.10796727985143661,-0.0954260528087616,0.0015088793588802218,-0.035554178059101105,-0.5906131267547607
0.02609703317284584,0.09876339882612228,-0.09389206767082214,0.0015088793588802218,-0.03402019664645195,-0.5906131267547607
0.02609703317284584,0.08955951035022736,-0.09235808998346329,0.0015088793588802218,-0.032486218959093094,-0.5906131267547607
0.02609703317284584,0.07728766649961472,-0.08775614947080612,0.0015088793588802218,-0.032486218959093094,-0.5906131267547607
0.02610023319721222,0.08848154544830322,-0.09881743043661118,0.0015047299675643444,-0.038755275309085846,-0.5906181931495667
0.026103433221578598,0.10581230372190475,-0.11294732987880707,0.0015005803434178233,-0.04655861109495163,-0.5906232595443726
0.026103433221578598,0.09814240038394928,-0.11141335219144821,0.0015005803434178233,-0.045024629682302475,-0.5906232595443726
0.026103433221578598,0.0904724970459938,-0.1083453893661499,0.0015005803434178233,-0.041956670582294464,-0.5906232595443726
0.026103433221578598,0.08126861602067947,-0.10067548602819443,0.0015005803434178233,-0.035820744931697845,-0.5906232595443726
0.02610551193356514,0.08370067179203033,-0.0980396419763565,0.0014978850958868861,-0.033219095319509506,-0.5906265377998352
0.02610551193356514,0.074496790766716,-0.09036973118782043,0.0014978850958868861,-0.030151134356856346,-0.5906265377998352
0.02610551193356514,0.06989485025405884,-0.08883575350046158,0.0014978850958868861,-0.02861715294420719,-0.5906265377998352
0.02610551193356514,0.06836086511611938,-0.08883575350046158,0.0014978850958868861,-0.027083173394203186,-0.5906265377998352
0.02610752172768116,0.08406183123588562,-0.09963638335466385,0.0014952791389077902,-0.031983837485313416,-0.5906296968460083
0.02610953338444233,0.09823190420866013,-0.11043914407491684,0.0014926725998520851,-0.03688546642661095,-0.5906328558921814
0.02610953338444233,0.09516394138336182,-0.11043914407491684,0.0014926725998520851,-0.03535148873925209,-0.5906328558921814
0.02610953338444233,0.0890280157327652,-0.10276924073696136,0.0014926725998520851,-0.033817507326602936,-0.5906328558921814
0.026110103353857994,0.08275097608566284,-0.09203199297189713,0.001491932081989944,-0.03367586061358452,-0.590633749961853
0.026110103353857994,0.0674111619591713,-0.07976014912128448,0.001491932081989944,-0.03060789965093136,-0.590633749961853
0.026110103353857994,0.0536053366959095,-0.07362422347068787,0.001491932081989944,-0.029073918238282204,-0.590633749961853
0.026110103353857994,0.04746941477060318,-0.07362422347068787,0.001491932081989944,-0.02753993682563305,-0.590633749961853
0.023042142391204834,0.045935433357954025,-0.07362422347068787,0.001491932081989944,-0.02753993682563305,-0.590633749961853
0.019974179565906525,0.045935433357954025,-0.07362422347068787,0.001491932081989944,-0.02753993682563305,-0.590633749961853
0.01844020001590252,0.045935433357954025,-0.07209024578332901,0.001491932081989944,-0.02753993682563305,-0.590633749961853
0.019974179565906525,0.045935433357954025,-0.07055626809597015,0.001491932081989944,-0.02753993682563305,-0.590633749961853
0.019974179565906525,0.042867470532655716,-0.07055626809597015,0.001491932081989944,-0.02753993682563305,-0.590633749961853
0.019974179565906525,0.039799511432647705,-0.07055626809597015,0.001491932081989944,-0.02753993682563305,-0.590633749961853
0.01844020001590252,0.039799511432647705,-0.07055626809597015,0.001491932081989944,-0.02753993682563305,-0.590633749961853
0.01844020001590252,0.039799511432647705,-0.07055626809597015,0.001491932081989944,-0.02753993682563305,-0.590633749961853
0.019974179565906525,0.039799511432647705,-0.07055626809597015,0.001491932081989944,-0.02753993682563305,-0.590633749961853
0.019974179565906525,0.039799511432647705,-0.07055626809597015,0.001491932081989944,-0.02753993682563305,-0.590633749961853
0.01844020001590252,0.039799511432647705,-0.07055626809597015,0.001491932081989944,-0.02753993682563305,-0.590633749961853
0.019974179565906525,0.039799511432647705,-0.07055626809597015,0.001491932081989944,-0.02753993682563305,-0.590633749961853
0.01844020001590252,0.039799511432647705,-0.07055626809597015,0.001491932081989944,-0.02753993682563305,-0.590633749961853
0.01844020001590252,0.039799511432647705,-0.07055626809597015,0.001491932081989944,-0.02753993682563305,-0.590633749961853
0.019974179565906525,0.039799511432647705,-0.07055626809597015,0.001491932081989944,-0.02753993682563305,-0.590633749961853
0.01844020001590252,0.039799511432647705,-0.07055626809597015,0.001491932081989944,-0.02753993682563305,-0.590633749961853
0.01844020001590252,0.039799511432647705,-0.07209024578332901,0.001491932081989944,-0.02753993682563305,-0.590633749961853
0.01844020001590252,0.039799511432647705,-0.07055626809597015,0.001491932081989944,-0.02753993682563305,-0.590633749961853
0.019974179565906525,0.039799511432647705,-0.07055626809597015,0.001491932081989944,-0.02753993682563305,-0.590633749961853
0.019974179565906525,0.039799511432647705,-0.07055626809597015,0.001491932081989944,-0.02753993682563305,-0.590633749961853
0.01844020001590252,0.039799511432647705,-0.07055626809597015,0.001491932081989944,-0.02753993682563305,-0.590633749961853
0.019974179565906525,0.039799511432647705,-0.07055626809597015,0.001491932081989944,-0.02753993682563305,-0.590633749961853
0.019974179565906525,0.039799511432647705,-0.07055626809597015,0.001491932081989944,-0.02753993682563305,-0.590633749961853
0.01844020001590252,0.039799511432647705,-0.07055626809597015,-4.204865399515256e-05,-0.02753993682563305,-0.590633749961853
0.019974179565906525,0.039799511432647705,-0.07055626809597015,0.001491932081989944,-0.02753993682563305,-0.590633749961853
0.01844020001590252,0.039799511432647705,-0.07055626809597015,0.001491932081989944,-0.02753993682563305,-0.590633749961853
0.01844020001590252,0.039799511432647705,-0.07055626809597015,-4.204865399515256e-05,-0.02753993682563305,-0.590633749961853
0.019974179565906525,0.039799511432647705,-0.07055626809597015,-4.204865399515256e-05,-0.02753993682563305,-0.590633749961853
0.019974179565906525,0.039799511432647705,-0.07055626809597015,0.001491932081989944,-0.02753993682563305,-0.590633749961853
0.019974179565906525,0.039799511432647705,-0.07055626809597015,0.001491932081989944,-0.02753993682563305,-0.590633749961853
0.01844020001590252,0.039799511432647705,-0.07055626809597015,-4.204865399515256e-05,-0.02753993682563305,-0.590633749961853
0.01844020001590252,0.039799511432647705,-0.07055626809597015,0.001491932081989944,-0.02753993682563305,-0.590633749961853
0.019974179565906525,0.039799511432647705,-0.07055626809597015,0.001491932081989944,-0.02753993682563305,-0.590633749961853
0.01844020001590252,0.039799511432647705,-0.07055626809597015,0.001491932081989944,-0.02753993682563305,-0.590633749961853
0.01844020001590252,0.039799511432647705,-0.07055626809597015,-4.204865399515256e-05,-0.02753993682563305,-0.590633749961853
0.01844020001590252,0.039799511432647705,-0.07055626809597015,0.001491932081989944,-0.02753993682563305,-0.590633749961853
0.019974179565906525,0.039799511432647705,-0.07055626809597015,0.001491932081989944,-0.02753993682563305,-0.590633749961853
0.019974179565906525,0.039799511432647705,-0.07055626809597015,0.001491932081989944,-0.02753993682563305,-0.590633749961853
0.01844020001590252,0.039799511432647705,-0.07055626809597015,0.001491932081989944,-0.02753993682563305,-0.590633749961853
0.01844020001590252,0.039799511432647705,-0.07055626809597015,0.001491932081989944,-0.02753993682563305,-0.590633749961853
0.019974179565906525,0.039799511432647705,-0.07055626809597015,0.001491932081989944,-0.02753993682563305,-0.590633749961853
0.019974179565906525,0.039799511432647705,-0.07055626809597015,0.001491932081989944,-0.02753993682563305,-0.590633749961853
0.019974179565906525,0.039799511432647705,-0.07055626809597015,0.001491932081989944,-0.02753993682563305,-0.590633749961853
0.01844020001590252,0.039799511432647705,-0.07055626809597015,0.001491932081989944,-0.02753993682563305,-0.590633749961853
0.01844020001590252,0.039799511432647705,-0.07055626809597015,0.001491932081989944,-0.02753993682563305,-0.590633749961853
0.01844020001590252,0.039799511432647705,-0.07055626809597015,0.001491932081989944,-0.02753993682563305,-0.590633749961853
0.01844020001590252,0.039799511432647705,-0.07055626809597015,0.001491932081989944,-0.02753993682563305,-0.590633749961853
0.019974179565906525,0.039799511432647705,-0.07055626809597015,-4.204865399515256e-05,-0.02753993682563305,-0.590633749961853
0.01844020001590252,0.039799511432647705,-0.07055626809597015,0.001491932081989944,-0.02753993682563305,-0.590633749961853
0.01844020001590252,0.039799511432647705,-0.07209024578332901,0.001491932081989944,-0.02753993682563305,-0.590633749961853
0.019974179565906525,0.039799511432647705,-0.07209024578332901,0.001491932081989944,-0.02753993682563305,-0.590633749961853
0.01844020001590252,0.039799511432647705,-0.07055626809597015,0.001491932081989944,-0.02753993682563305,-0.590633749961853
0.019974179565906525,0.039799511432647705,-0.07209024578332901,0.001491932081989944,-0.02753993682563305,-0.590633749961853
0.019974179565906525,0.039799511432647705,-0.07055626809597015,0.001491932081989944,-0.02753993682563305,-0.590633749961853
0.019974179565906525,0.039799511432647705,-0.07055626809597015,0.001491932081989944,-0.02753993682563305,-0.590633749961853
0.019974179565906525,0.039799511432647705,-0.07055626809597015,-4.204865399515256e-05,-0.02753993682563305,-0.590633749961853
0.01844020001590252,0.039799511432647705,-0.07055626809597015,0.001491932081989944,-0.02753993682563305,-0.590633749961853
0.019974179565906525,0.039799511432647705,-0.07055626809597015,0.001491932081989944,-0.02753993682563305,-0.590633749961853
0.019974179565906525,0.039799511432647705,-0.07055626809597015,0.001491932081989944,-0.02753993682563305,-0.590633749961853
0.01844020001590252,0.039799511432647705,-0.07055626809597015,0.001491932081989944,-0.02753993682563305,-0.590633749961853
0.019974179565906525,0.039799511432647705,-0.07055626809597015,0.001491932081989944,-0.02753993682563305,-0.590633749961853
0.01844020001590252,0.039799511432647705,-0.07055626809597015,0.001491932081989944,-0.02753993682563305,-0.590633749961853
0.019974179565906525,0.039799511432647705,-0.07055626809597015,0.001491932081989944,-0.02753993682563305,-0.590633749961853
0.01844020001590252,0.039799511432647705,-0.07055626809597015,0.001491932081989944,-0.02753993682563305,-0.590633749961853
0.01844020001590252,0.039799511432647705,-0.07055626809597015,0.001491932081989944,-0.02753993682563305,-0.590633749961853
0.019974179565906525,0.039799511432647705,-0.07055626809597015,0.001491932081989944,-0.02753993682563305,-0.590633749961853
0.01844020001590252,0.039799511432647705,-0.07209024578332901,0.001491932081989944,-0.02753993682563305,-0.590633749961853
0.019974179565906525,0.039799511432647705,-0.07055626809597015,0.001491932081989944,-0.02753993682563305,-0.590633749961853
0.019974179565906525,0.039799511432647705,-0.07055626809597015,0.001491932081989944,-0.02753993682563305,-0.590633749961853
0.019974179565906525,0.039799511432647705,-0.07055626809597015,0.001491932081989944,-0.02753993682563305,-0.590633749961853
0.01844020001590252,0.039799511432647705,-0.07055626809597015,0.001491932081989944,-0.02753993682563305,-0.590633749961853
0.019974179565906525,0.039799511432647705,-0.07055626809597015,0.001491932081989944,-0.02753993682563305,-0.590633749961853
0.01844020001590252,0.039799511432647705,-0.07055626809597015,0.001491932081989944,-0.02753993682563305,-0.590633749961853
0.01844020001590252,0.039799511432647705,-0.07055626809597015,0.001491932081989944,-0.02753993682563305,-0.590633749961853
0.019974179565906525,0.039799511432647705,-0.07055626809597015,0.001491932081989944,-0.02753993682563305,-0.590633749961853
0.01844020001590252,0.039799511432647705,-0.07055626809597015,0.001491932081989944,-0.02753993682563305,-0.590633749961853
0.01844020001590252,0.039799511432647705,-0.07055626809597015,0.001491932081989944,-0.02753993682563305,-0.590633749961853
0.01844020001590252,0.039799511432647705,-0.07055626809597015,0.001491932081989944,-0.02753993682563305,-0.590633749961853
0.019974179565906525,0.039799511432647705,-0.07055626809597015,0.001491932081989944,-0.02753993682563305,-0.590633749961853
0.01844020001590252,0.039799511432647705,-0.07055626809597015,0.001491932081989944,-0.02753993682563305,-0.590633749961853
0.01844020001590252,0.039799511432647705,-0.07055626809597015,0.001491932081989944,-0.02753993682563305,-0.590633749961853
0.019974179565906525,0.039799511432647705,-0.07055626809597015,0.001491932081989944,-0.02753993682563305,-0.590633749961853
0.01844020001590252,0.039799511432647705,-0.07055626809597015,0.001491932081989944,-0.02753993682563305,-0.590633749961853
0.01844020001590252,0.039799511432647705,-0.07055626809597015,0.001491932081989944,-0.02753993682563305,-0.590633749961853
0.019974179565906525,0.039799511432647705,-0.07055626809597015,0.001491932081989944,-0.02753993682563305,-0.590633749961853
0.01844020001590252,0.039799511432647705,-0.07055626809597015,0.001491932081989944,-0.02753993682563305,-0.590633749961853
0.01844020001590252,0.039799511432647705,-0.07055626809597015,0.001491932081989944,-0.02753993682563305,-0.590633749961853
0.019974179565906525,0.039799511432647705,-0.07055626809597015,0.001491932081989944,-0.02753993682563305,-0.590633749961853
0.019974179565906525,0.039799511432647705,-0.07055626809597015,0.001491932081989944,-0.02753993682563305,-0.590633749961853
0.019974179565906525,0.039799511432647705,-0.07055626809597015,0.001491932081989944,-0.02753993682563305,-0.590633749961853
0.01844020001590252,0.039799511432647705,-0.07055626809597015,0.001491932081989944,-0.02753993682563305,-0.590633749961853
0.01844020001590252,0.039799511432647705,-0.07055626809597015,0.001491932081989944,-0.02753993682563305,-0.590633749961853
0.01844020001590252,0.039799511432647705,-0.07055626809597015,0.001491932081989944,-0.02753993682563305,-0.590633749961853
0.01844020001590252,0.039799511432647705,-0.07055626809597015,0.001491932081989944,-0.02753993682563305,-0.590633749961853
0.01844020001590252,0.039799511432647705,-0.07055626809597015,0.001491932081989944,-0.02753993682563305,-0.590633749961853
0.01844020001590252,0.039799511432647705,-0.07209024578332901,0.001491932081989944,-0.02753993682563305,-0.590633749961853
0.01844020001590252,0.039799511432647705,-0.07055626809597015,0.001491932081989944,-0.02753993682563305,-0.590633749961853
0.019974179565906525,0.039799511432647705,-0.07055626809597015,0.001491932081989944,-0.02753993682563305,-0.590633749961853
0.019974179565906525,0.039799511432647705,-0.07055626809597015,0.001491932081989944,-0.02753993682563305,-0.590633749961853
0.019974179565906525,0.039799511432647705,-0.07055626809597015,0.001491932081989944,-0.02753993682563305,-0.590633749961853
0.01844020001590252,0.039799511432647705,-0.07055626809597015,0.001491932081989944,-0.02753993682563305,-0.590633749961853
0.019974179565906525,0.039799511432647705,-0.07055626809597015,0.001491932081989944,-0.02753993682563305,-0.590633749961853
0.019974179565906525,0.039799511432647705,-0.07055626809597015,0.001491932081989944,-0.02753993682563305,-0.590633749961853
0.019974179565906525,0.039799511432647705,-0.07055626809597015,0.001491932081989944,-0.02753993682563305,-0.590633749961853
0.01844020001590252,0.039799511432647705,-0.07055626809597015,0.001491932081989944,-0.02753993682563305,-0.590633749961853
0.01844020001590252,0.039799511432647705,-0.07055626809597015,-4.204865399515256e-05,-0.02753993682563305,-0.590633749961853
0.01844020001590252,0.039799511432647705,-0.07055626809597015,0.001491932081989944,-0.02753993682563305,-0.590633749961853
0.01844020001590252,0.039799511432647705,-0.07055626809597015,0.001491932081989944,-0.02753993682563305,-0.590633749961853
0.019974179565906525,0.039799511432647705,-0.07055626809597015,0.001491932081989944,-0.02753993682563305,-0.590633749961853
0.01844020001590252,0.039799511432647705,-0.07209024578332901,0.001491932081989944,-0.02753993682563305,-0.590633749961853
0.01844020001590252,0.039799511432647705,-0.07055626809597015,0.001491932081989944,-0.02753993682563305,-0.590633749961853
0.01844020001590252,0.039799511432647705,-0.07055626809597015,0.001491932081989944,-0.02753993682563305,-0.590633749961853
0.01844020001590252,0.039799511432647705,-0.07055626809597015,0.001491932081989944,-0.02753993682563305,-0.590633749961853
0.01844020001590252,0.039799511432647705,-0.07055626809597015,0.001491932081989944,-0.02753993682563305,-0.590633749961853
0.019974179565906525,0.039799511432647705,-0.07055626809597015,0.001491932081989944,-0.02753993682563305,-0.590633749961853
0.019974179565906525,0.039799511432647705,-0.07209024578332901,0.001491932081989944,-0.02753993682563305,-0.590633749961853
0.01844020001590252,0.039799511432647705,-0.07055626809597015,0.001491932081989944,-0.02753993682563305,-0.590633749961853
0.01844020001590252,0.039799511432647705,-0.07055626809597015,0.001491932081989944,-0.02753993682563305,-0.590633749961853
0.01844020001590252,0.039799511432647705,-0.07055626809597015,0.001491932081989944,-0.02753993682563305,-0.590633749961853
0.01844020001590252,0.039799511432647705,-0.07055626809597015,0.001491932081989944,-0.02753993682563305,-0.590633749961853
0.019974179565906525,0.039799511432647705,-0.07055626809597015,0.001491932081989944,-0.02753993682563305,-0.590633749961853
0.01844020001590252,0.039799511432647705,-0.07055626809597015,0.001491932081989944,-0.02753993682563305,-0.590633749961853
0.01844020001590252,0.039799511432647705,-0.07055626809597015,0.001491932081989944,-0.02753993682563305,-0.590633749961853
0.01844020001590252,0.039799511432647705,-0.07055626809597015,0.001491932081989944,-0.02753993682563305,-0.590633749961853
0.019974179565906525,0.039799511432647705,-0.07055626809597015,0.001491932081989944,-0.02753993682563305,-0.590633749961853
0.019974179565906525,0.039799511432647705,-0.07209024578332901,0.001491932081989944,-0.02753993682563305,-0.590633749961853
0.019974179565906525,0.039799511432647705,-0.07055626809597015,0.001491932081989944,-0.02753993682563305,-0.590633749961853
0.019974179565906525,0.039799511432647705,-0.07209024578332901,-4.204865399515256e-05,-0.02753993682563305,-0.590633749961853
0.01844020001590252,0.039799511432647705,-0.07055626809597015,0.001491932081989944,-0.02753993682563305,-0.590633749961853
0.019974179565906525,0.039799511432647705,-0.07055626809597015,0.001491932081989944,-0.02753993682563305,-0.590633749961853
0.01844020001590252,0.039799511432647705,-0.07055626809597015,0.001491932081989944,-0.02753993682563305,-0.590633749961853
0.01844020001590252,0.039799511432647705,-0.07055626809597015,0.001491932081989944,-0.02753993682563305,-0.590633749961853
0.019974179565906525,0.039799511432647705,-0.07055626809597015,0.001491932081989944,-0.02753993682563305,-0.590633749961853
0.019974179565906525,0.039799511432647705,-0.07055626809597015,0.001491932081989944,-0.02753993682563305,-0.590633749961853
