0.0004736059345304966,0.24037089943885803,0.2645264267921448
0.00010488116095075384,0.24037134647369385,0.2645264267921448
0.0004736059345304966,0.24037089943885803,0.2645264267921448
0.0004736059345304966,0.24037089943885803,0.2645264267921448
0.0004736059345304966,0.24037089943885803,0.2645264267921448
0.0004736059345304966,0.24037089943885803,0.2645264267921448
0.0004736059345304966,0.24037089943885803,0.2645264267921448
0.0004736059345304966,0.24037089943885803,0.2645264267921448
0.0004736059345304966,0.24037089943885803,0.2645264267921448
0.0004736059345304966,0.24037089943885803,0.2645264267921448
0.0004736059345304966,0.24037089943885803,0.2645264267921448
0.0004736059345304966,0.24037089943885803,0.2645264267921448
0.00047174765495583415,0.2403552234172821,0.26448115706443787
0.0004736059345304966,0.24037089943885803,0.2645264267921448
0.0004736059345304966,0.24037089943885803,0.2645264267921448
0.0004736059345304966,0.24037089943885803,0.2645264267921448
0.00047174765495583415,0.2403552234172821,0.26448115706443787
0.0004736059345304966,0.24037089943885803,0.2645264267921448
0.0004736059345304966,0.24037089943885803,0.2645264267921448
0.0004736059345304966,0.24037089943885803,0.2645264267921448
0.0004736059345304966,0.24037089943885803,0.2645264267921448
0.0004736059345304966,0.24037089943885803,0.2645264267921448
0.0004736059345304966,0.24037089943885803,0.2645264267921448
0.0004736059345304966,0.24037089943885803,0.2645264267921448
0.0004736059345304966,0.24037089943885803,0.2645264267921448
0.0004736059345304966,0.24037089943885803,0.2645264267921448
0.0004736059345304966,0.24037089943885803,0.2645264267921448
0.0004736059345304966,0.24037089943885803,0.2645264267921448
0.00047174765495583415,0.2403552234172821,0.26448115706443787
0.0004736059345304966,0.24037089943885803,0.2645264267921448
0.0004736059345304966,0.24037089943885803,0.2645264267921448
0.0004736059345304966,0.24037089943885803,0.2645264267921448
0.0004736059345304966,0.24037089943885803,0.2645264267921448
0.0004736059345304966,0.24037089943885803,0.2645264267921448
0.00047174765495583415,0.2403552234172821,0.26448115706443787
0.0004736059345304966,0.24037089943885803,0.2645264267921448
0.0004736059345304966,0.24037089943885803,0.2645264267921448
0.0004736059345304966,0.24037089943885803,0.2645264267921448
0.0005283794598653913,0.2403704822063446,0.2645243704319
0.0004736059345304966,0.24037089943885803,0.2645264267921448
0.0004736059345304966,0.24037089943885803,0.2645264267921448
0.0004736059345304966,0.24037089943885803,0.2645264267921448
0.0004736059345304966,0.24037089943885803,0.2645264267921448
0.0004736059345304966,0.24037089943885803,0.2645264267921448
0.00010488116095075384,0.24037134647369385,0.2645264267921448
0.0004736059345304966,0.24037089943885803,0.2645264267921448
0.0004736059345304966,0.24037089943885803,0.2645264267921448
0.0005283794598653913,0.2403704822063446,0.2645243704319
0.0004736059345304966,0.24037089943885803,0.2645264267921448
0.0004736059345304966,0.24037089943885803,0.2645264267921448
0.0004736059345304966,0.24037089943885803,0.2645264267921448
0.0004736059345304966,0.24037089943885803,0.2645264267921448
0.0004736059345304966,0.24037089943885803,0.2645264267921448
0.00047174765495583415,0.2403552234172821,0.26448115706443787
0.0004736059345304966,0.24037089943885803,0.2645264267921448
0.0004736059345304966,0.24037089943885803,0.2645264267921448
0.0004736059345304966,0.24037089943885803,0.2645264267921448
0.0004736059345304966,0.24037089943885803,0.2645264267921448
0.00047174765495583415,0.2403552234172821,0.26448115706443787
0.0004736059345304966,0.24037089943885803,0.2645264267921448
0.0004736059345304966,0.24037089943885803,0.2645264267921448
0.0004736059345304966,0.24037089943885803,0.2645264267921448
0.0004736059345304966,0.24037089943885803,0.2645264267921448
0.0004736059345304966,0.24037089943885803,0.2645264267921448
0.0004736059345304966,0.24037089943885803,0.2645264267921448
0.0004736059345304966,0.24037089943885803,0.2645264267921448
0.0004736059345304966,0.24037089943885803,0.2645264267921448
0.0004736059345304966,0.24037089943885803,0.2645264267921448
0.0004736059345304966,0.24037089943885803,0.2645264267921448
0.00047174765495583415,0.2403552234172821,0.26448115706443787
0.0004736059345304966,0.24037089943885803,0.2645264267921448
0.0004736059345304966,0.24037089943885803,0.2645264267921448
0.0004736059345304966,0.24037089943885803,0.2645264267921448
0.0004736059345304966,0.24037089943885803,0.2645264267921448
0.0004736059345304966,0.24037089943885803,0.2645264267921448
0.0004736059345304966,0.24037089943885803,0.2645264267921448
0.0004736059345304966,0.24037089943885803,0.2645264267921448
0.0004736059345304966,0.24037089943885803,0.2645264267921448
0.0004736059345304966,0.24037089943885803,0.2645264267921448
0.0004736059345304966,0.24037089943885803,0.2645264267921448
0.0004736059345304966,0.24037089943885803,0.2645264267921448
0.0004736059345304966,0.24037089943885803,0.2645264267921448
0.0004736059345304966,0.24037089943885803,0.2645264267921448
0.0004736059345304966,0.24037089943885803,0.2645264267921448
0.0004736059345304966,0.24037089943885803,0.2645264267921448
0.0004736059345304966,0.24037089943885803,0.2645264267921448
0.0004736059345304966,0.24037089943885803,0.2645264267921448
0.0004736059345304966,0.24037089943885803,0.2645264267921448
0.0004736059345304966,0.24037089943885803,0.2645264267921448
0.0004736059345304966,0.24037089943885803,0.2645264267921448
0.0004736059345304966,0.24037089943885803,0.2645264267921448
0.0004736059345304966,0.24037089943885803,0.2645264267921448
0.0004736059345304966,0.24037089943885803,0.2645264267921448
0.0004736059345304966,0.24037089943885803,0.2645264267921448
0.0004736059345304966,0.24037089943885803,0.2645264267921448
0.0004736059345304966,0.24037089943885803,0.2645264267921448
0.0004736059345304966,0.24037089943885803,0.2645264267921448
0.0004736059345304966,0.24037089943885803,0.2645264267921448
0.0004736059345304966,0.24037089943885803,0.2645264267921448
0.0004736059345304966,0.24037089943885803,0.2645264267921448
0.0004736059345304966,0.24037089943885803,0.2645264267921448
0.0004736059345304966,0.24037089943885803,0.2645264267921448
0.0004736059345304966,0.24037089943885803,0.2645264267921448
0.0004736059345304966,0.24037089943885803,0.2645264267921448
0.0004736059345304966,0.24037089943885803,0.2645264267921448
0.0004736059345304966,0.24037089943885803,0.2645264267921448
0.0004736059345304966,0.24037089943885803,0.2645264267921448
0.00047567146248184144,0.24064019322395325,0.2641943097114563
0.0004940847284160554,0.24304087460041046,0.2611868381500244
0.0005121778231114149,0.24539978802204132,0.2581465244293213
0.0005260265897959471,0.24720536172389984,0.25575947761535645
0.0005299472250044346,0.2477165162563324,0.2550739049911499
0.0005299472250044346,0.2477165162563324,0.2550739049911499
0.0005299472250044346,0.2477165162563324,0.2550739049911499
0.0005319014890119433,0.247971311211586,0.25473055243492126
0.0005319014890119433,0.247971311211586,0.25473055243492126
0.0005319014890119433,0.247971311211586,0.25473055243492126
0.0005300279008224607,0.2479536384344101,0.25468602776527405
0.0005299472250044346,0.2477165162563324,0.2550739049911499
0.0005319014890119433,0.247971311211586,0.25473055243492126
0.0005473896162584424,0.24999061226844788,0.2519696056842804
0.000572000106330961,0.2531992495059967,0.24743089079856873
0.0005922787240706384,0.2558431327342987,0.24354107677936554
0.0006013292586430907,0.2570230960845947,0.2417583465576172
0.0006032224046066403,0.2570432126522064,0.24180181324481964
0.00021086935885250568,0.25736111402511597,0.24375155568122864
0.00021644226217176765,0.257702112197876,0.24579128623008728
0.00021680141799151897,0.2577606439590454,0.24618203938007355
0.0002189957012888044,0.25811824202537537,0.24660488963127136
0.0002189957012888044,0.25811824202537537,0.24660488963127136
0.00022675012587569654,0.2593820095062256,0.24519510567188263
0.00023881331435404718,0.2613479793071747,0.24268469214439392
0.00026106589939445257,0.26469069719314575,0.2379840761423111
0.0003321346885059029,0.2668459117412567,0.235118567943573
0.00028709552134387195,0.26751142740249634,0.2352791726589203
0.00029358576284721494,0.2679996192455292,0.2376946061849594
0.00030694008455611765,0.2690351903438568,0.24331995844841003
0.0003189150302205235,0.2698437571525574,0.24624383449554443
0.00034299949766136706,0.2729101777076721,0.24649137258529663
0.00037662521935999393,0.27753037214279175,0.24319761991500854
0.0004087188863195479,0.2821868062019348,0.23543520271778107
0.00042745060636661947,0.2846651077270508,0.23114457726478577
0.00043256685603410006,0.2849239706993103,0.23083120584487915
0.0008772870060056448,0.28523001074790955,0.23212255537509918
0.00045116670662537217,0.2859388589859009,0.2353997379541397
0.0004586668801493943,0.2862951457500458,0.23708614706993103
0.0004669656918849796,0.28678053617477417,0.23955431580543518
0.00047011880087666214,0.28700512647628784,0.24076808989048004
0.0004738882416859269,0.2870405316352844,0.2408570796251297
0.0004738882416859269,0.2870405316352844,0.2408570796251297
0.0004757734131999314,0.28705814480781555,0.2409016191959381
0.0004738882416859269,0.2870405316352844,0.2408570796251297
0.0004757734131999314,0.28705814480781555,0.2409016191959381
0.0004757734131999314,0.28705814480781555,0.2409016191959381
0.0004757734131999314,0.28705814480781555,0.2409016191959381
0.0004757734131999314,0.28705814480781555,0.2409016191959381
0.0004757734131999314,0.28705814480781555,0.2409016191959381
0.0004757734131999314,0.28705814480781555,0.2409016191959381
0.0004757734131999314,0.28705814480781555,0.2409016191959381
0.0009161143680103123,0.2870570719242096,0.2409016191959381
0.0004738882416859269,0.2870405316352844,0.2408570796251297
0.000914720119908452,0.287106990814209,0.24124714732170105
0.0004757734131999314,0.28705814480781555,0.2409016191959381
0.0004738882416859269,0.2870405316352844,0.2408570796251297
0.0004757734131999314,0.28705814480781555,0.2409016191959381
0.0009161143680103123,0.2870570719242096,0.2409016191959381
0.0009161143680103123,0.2870570719242096,0.2409016191959381
0.0004757734131999314,0.28705814480781555,0.2409016191959381
0.0004757734131999314,0.28705814480781555,0.2409016191959381
0.0009161143680103123,0.2870570719242096,0.2409016191959381
0.0009161143680103123,0.2870570719242096,0.2409016191959381
0.0009161143680103123,0.2870570719242096,0.2409016191959381
0.0009161143680103123,0.2870570719242096,0.2409016191959381
0.0009161143680103123,0.2870570719242096,0.2409016191959381
0.0004757734131999314,0.28705814480781555,0.2409016191959381
0.0009161143680103123,0.2870570719242096,0.2409016191959381
0.0009161143680103123,0.2870570719242096,0.2409016191959381
0.0009161143680103123,0.2870570719242096,0.2409016191959381
0.0005271709524095058,0.2870575785636902,0.2408996969461441
0.000914202188141644,0.28703945875167847,0.2408570796251297
0.0009161143680103123,0.2870570719242096,0.2409016191959381
0.000914202188141644,0.28703945875167847,0.2408570796251297
0.0009161143680103123,0.2870570719242096,0.2409016191959381
0.0009161143680103123,0.2870570719242096,0.2409016191959381
0.0004757734131999314,0.28705814480781555,0.2409016191959381
0.0009161143680103123,0.2870570719242096,0.2409016191959381
0.0004724551399704069,0.28680697083473206,0.24126039445400238
0.000907507783267647,0.2861666679382324,0.2428586632013321
0.0004637769307009876,0.2853926718235016,0.24367272853851318
0.0008886927971616387,0.28371360898017883,0.24647051095962524
0.00043997279135510325,0.2815132439136505,0.2500409185886383
0.000846755167003721,0.2782459259033203,0.2551437318325043
0.00039740369538776577,0.27486515045166016,0.2601346969604492
0.0003827435430139303,0.2724759578704834,0.26358160376548767
0.0003655704786069691,0.27054503560066223,0.26610153913497925
0.00036037061363458633,0.269986629486084,0.2668110728263855
0.0003548071545083076,0.2699463367462158,0.26667317748069763
0.00034924657666124403,0.2699053883552551,0.2665354907512665
0.00034554116427898407,0.26987776160240173,0.26644378900527954
0.0007557810167782009,0.2698489725589752,0.26635217666625977
0.0003362837014719844,0.2698074281215668,0.26621490716934204
0.0003325832076370716,0.2697787880897522,0.26612353324890137
0.0003819095727521926,0.2697495222091675,0.2660302221775055
0.0007368461810983717,0.26944786310195923,0.2663177251815796
0.000784535426646471,0.26917341351509094,0.26699525117874146
0.0007228533504530787,0.2683107852935791,0.26768338680267334
0.0002955778909381479,0.2666122317314148,0.2697871923446655
0.0007395517313852906,0.26462599635124207,0.27228814363479614
0.0006643616943620145,0.26228466629981995,0.2739521861076355
0.0002401589445071295,0.25957736372947693,0.2743207812309265
0.0006061315070837736,0.25651443004608154,0.2737328112125397
0.0006376220844686031,0.25439557433128357,0.274058997631073
0.0005616805283352733,0.2525332570075989,0.2732270658016205
0.0001575566566316411,0.2509355843067169,0.2716347277164459
0.0005849865265190601,0.24992093443870544,0.26977747678756714
0.0005229630041867495,0.2497422695159912,0.2672787606716156
0.0005184549954719841,0.24937953054904938,0.2663976848125458
0.0005706334486603737,0.2493460327386856,0.26630568504333496
0.0005688517703674734,0.24932938814163208,0.2662608027458191
0.00012861000141128898,0.2493135929107666,0.26621800661087036
0.0001249628112418577,0.2492799609899521,0.2661283314228058
0.0005073531647212803,0.2492794692516327,0.2661283314228058
0.0001249628112418577,0.2492799609899521,0.2661283314228058
0.00012314006744418293,0.24926304817199707,0.2660835385322571
0.00011949632607866079,0.24922899901866913,0.26599401235580444
0.0001176753212348558,0.2492118626832962,0.2659493088722229
0.00017235486302524805,0.24919432401657104,0.26590248942375183
0.00016885282821021974,0.24915972352027893,0.2658131718635559
0.00011039726086892188,0.24914267659187317,0.26577067375183105
0.00010857924644369632,0.24912521243095398,0.26572608947753906
0.0001049450584105216,0.2490900605916977,0.26563698053359985
0.00016010762192308903,0.24907204508781433,0.2655903398990631
0.00010312888480257243,0.2490723878145218,0.265592485666275
0.00010312888480257243,0.2490723878145218,0.265592485666275
0.00010312888480257243,0.2490723878145218,0.265592485666275
0.00010312888480257243,0.2490723878145218,0.265592485666275
0.00010479128832230344,0.24934332072734833,0.26524701714515686
0.0001617700036149472,0.24934296309947968,0.26524487137794495
0.00010479128832230344,0.24934332072734833,0.26524701714515686
0.00010645043948898092,0.2496137022972107,0.26490116119384766
0.0005096833920106292,0.2520412504673004,0.2618139386177063
0.00013437487359624356,0.25388631224632263,0.259355366230011
0.00015076673298608512,0.2560006082057953,0.25660914182662964
0.00015156177687458694,0.25668731331825256,0.2550603449344635
0.0001518317876616493,0.2567313015460968,0.25545230507850647
0.0001518317876616493,0.2567313015460968,0.25545230507850647
0.00015705780242569745,0.25702589750289917,0.2551824748516083
0.00015496222476940602,0.25724148750305176,0.25473752617836
0.00015807921590749174,0.25774946808815,0.25402116775512695
0.00015807921590749174,0.25774946808815,0.25402116775512695
0.0001596326328581199,0.2580026388168335,0.2536624073982239
0.0001596326328581199,0.2580026388168335,0.2536624073982239
0.0001596326328581199,0.2580026388168335,0.2536624073982239
0.0001627293531782925,0.25850731134414673,0.252943754196167
0.00016888212121557444,0.2595100402832031,0.25150176882743835
0.00017498049419373274,0.2605039179325104,0.25005367398262024
0.00018469805945642292,0.26153048872947693,0.24868576228618622
0.00018402554269414395,0.26197800040245056,0.24787014722824097
0.00019069017434958369,0.26250705122947693,0.2472253143787384
0.00019514810992404819,0.26323357224464417,0.24612605571746826
0.0002010436583077535,0.2641943693161011,0.24465520679950714
0.00020542892161756754,0.2649090588092804,0.2435482144355774
0.000208335040952079,0.26538267731666565,0.24280840158462524
0.00020978288375772536,0.26561862230300903,0.2424379587173462
0.00021122721955180168,0.26585400104522705,0.2420671433210373
0.00021122721955180168,0.26585400104522705,0.2420671433210373
0.00021410544286482036,0.2663230895996094,0.24132443964481354
0.00021696965268347412,0.26678988337516785,0.24058029055595398
0.00021839651162736118,0.26702240109443665,0.24020768702030182
0.00022166736016515642,0.2672766447067261,0.2398771047592163
0.00022961680951993912,0.2680140733718872,0.23884065449237823
0.0002393947943346575,0.26876917481422424,0.2378431260585785
0.0002524022711440921,0.2697688043117523,0.23650768399238586
0.0002658322046045214,0.27111566066741943,0.23551949858665466
0.00028249272145330906,0.272424578666687,0.23421825468540192
0.00028945738449692726,0.2727139890193939,0.23396427929401398
0.00030014378717169166,0.27332592010498047,0.2337574064731598
0.0003108613018412143,0.27365705370903015,0.23358790576457977
0.00032159185502678156,0.27398666739463806,0.2334185689687729
0.0003309735329821706,0.27409279346466064,0.23363319039344788
0.000341730221407488,0.27441948652267456,0.23346465826034546
0.00035113649209961295,0.27452266216278076,0.23368072509765625
0.00036380207166075706,0.27486661076545715,0.23355638980865479
0.00037134578451514244,0.2749466001987457,0.23373042047023773
0.0003807838074862957,0.27504509687423706,0.23394864797592163
0.00038834058796055615,0.2751227021217346,0.23412376642227173
0.00039590272353962064,0.27519920468330383,0.23429937660694122
0.0004015776503365487,0.27525588870048523,0.23443137109279633
0.00040725531289353967,0.2753119468688965,0.23456363379955292
0.000411041866755113,0.2753489911556244,0.23465195298194885
0.00041482955566607416,0.2753857672214508,0.23474039137363434
0.0004167238075751811,0.27540403604507446,0.23478464782238007
0.00041861835052259266,0.27542224526405334,0.23482893407344818
0.00041861835052259266,0.27542224526405334,0.23482893407344818
0.000841110129840672,0.27542129158973694,0.23482893407344818
0.00041861835052259266,0.27542224526405334,0.23482893407344818
0.00041861835052259266,0.27542224526405334,0.23482893407344818
0.00041861835052259266,0.27542224526405334,0.23482893407344818
0.00041861835052259266,0.27542224526405334,0.23482893407344818
0.00041861835052259266,0.27542224526405334,0.23482893407344818
0.00041861835052259266,0.27542224526405334,0.23482893407344818
0.00041861835052259266,0.27542224526405334,0.23482893407344818
0.00041861835052259266,0.27542224526405334,0.23482893407344818
0.000841110129840672,0.27542129158973694,0.23482893407344818
0.00041861835052259266,0.27542224526405334,0.23482893407344818
0.00041861835052259266,0.27542224526405334,0.23482893407344818
0.00041861835052259266,0.27542224526405334,0.23482893407344818
0.00041861835052259266,0.27542224526405334,0.23482893407344818
0.00041861835052259266,0.27542224526405334,0.23482893407344818
0.00041861835052259266,0.27542224526405334,0.23482893407344818
0.00041861835052259266,0.27542224526405334,0.23482893407344818
0.000841110129840672,0.27542129158973694,0.23482893407344818
0.000841110129840672,0.27542129158973694,0.23482893407344818
0.00041861835052259266,0.27542224526405334,0.23482893407344818
0.000841110129840672,0.27542129158973694,0.23482893407344818
0.00041861835052259266,0.27542224526405334,0.23482893407344818
0.000841110129840672,0.27542129158973694,0.23482893407344818
0.000841110129840672,0.27542129158973694,0.23482893407344818
0.00041861835052259266,0.27542224526405334,0.23482893407344818
0.0004172420594841242,0.27519795298576355,0.2352144420146942
0.0004144785925745964,0.2747475802898407,0.23598439991474152
0.000830720120575279,0.27406665682792664,0.23713675141334534
0.000406101462431252,0.2733823359012604,0.23828595876693726
0.00040044463821686804,0.2724604308605194,0.23981331288814545
0.0003904072509612888,0.2708246111869812,0.24247246980667114
0.0003801952116191387,0.26916033029556274,0.24511389434337616
0.0003713039623107761,0.2677113115787506,0.2473636418581009
0.0003637977933976799,0.2664880156517029,0.24922817945480347
0.0003546748775988817,0.26500120759010315,0.251453161239624
0.0003485232882667333,0.26399868726730347,0.25292885303497314
0.0007515584584325552,0.2637457847595215,0.25329679250717163
0.0007515584584325552,0.2637457847595215,0.25329679250717163
0.0003435533435549587,0.2634792625904083,0.2536188066005707
0.0003435533435549587,0.2634792625904083,0.2536188066005707
0.0007458290201611817,0.2634635865688324,0.2535732686519623
0.0007401423063129187,0.26341867446899414,0.2534368336200714
0.0007344571640715003,0.26337310671806335,0.25330057740211487
0.000778330082539469,0.26283636689186096,0.25394144654273987
0.0003117548185400665,0.26177456974983215,0.25526943802833557
0.00030042737489566207,0.260217547416687,0.25740522146224976
0.0002804267278406769,0.2578243613243103,0.2605131268501282
0.0006496953428722918,0.2548656165599823,0.26434221863746643
0.00023834800231270492,0.25212013721466064,0.2677707374095917
0.00021936430130153894,0.2496023178100586,0.2708105742931366
0.00019994853937532753,0.2473011016845703,0.2730311155319214
0.0006174275767989457,0.24584469199180603,0.2742483615875244
0.0005538919358514249,0.24490655958652496,0.2731998562812805
0.0006024434696882963,0.24477267265319824,0.27033916115760803
0.0005423509865067899,0.24454842507839203,0.2666489779949188
0.0005929108010604978,0.24440978467464447,0.26462796330451965
0.0001609242317499593,0.24438156187534332,0.2645387649536133
0.00020935387874487787,0.2438264638185501,0.26516640186309814
0.00014875673514325172,0.2432556450366974,0.2657507359981537
0.00014524902508128434,0.24296939373016357,0.26604124903678894
0.0005121479625813663,0.2426675707101822,0.2662856876850128
0.0001345514610875398,0.242366224527359,0.26652973890304565
0.00013271387433633208,0.2423514574766159,0.26648420095443726
0.00018332680338062346,0.24232137203216553,0.2663910984992981
0.0001253680238733068,0.2422916740179062,0.2663021981716156
0.00012169787078164518,0.2422613650560379,0.2662113606929779
0.0004896066966466606,0.24223031103610992,0.266120582818985
0.00011619618453551084,0.2422153800725937,0.2660752534866333
0.00011069887113990262,0.24216876924037933,0.2659393548965454
0.00010886741802096367,0.2421530932188034,0.2658941149711609
0.00010520603973418474,0.24212153255939484,0.26580366492271423
0.00015863591397646815,0.24210532009601593,0.26575642824172974
0.00010154669871553779,0.24208970367908478,0.2657133638858795
9.788943862076849e-05,0.24205757677555084,0.2656231224536896
9.606160165276378e-05,0.2420414239168167,0.265578031539917
9.24075284274295e-05,0.24200889468193054,0.2654879689216614
9.058129944605753e-05,0.2419925183057785,0.26544296741485596
8.875561616150662e-05,0.2419760823249817,0.26539796590805054
8.875561616150662e-05,0.2419760823249817,0.26539796590805054
8.875561616150662e-05,0.2419760823249817,0.26539796590805054
8.875561616150662e-05,0.2419760823249817,0.26539796590805054
8.875561616150662e-05,0.2419760823249817,0.26539796590805054
8.875561616150662e-05,0.2419760823249817,0.26539796590805054
8.875561616150662e-05,0.2419760823249817,0.26539796590805054
8.875561616150662e-05,0.2419760823249817,0.26539796590805054
8.875561616150662e-05,0.2419760823249817,0.26539796590805054
9.058129944605753e-05,0.2419925183057785,0.26544296741485596
9.24075284274295e-05,0.24200889468193054,0.2654879689216614
9.058129944605753e-05,0.2419925183057785,0.26544296741485596
9.058129944605753e-05,0.2419925183057785,0.26544296741485596
9.058129944605753e-05,0.2419925183057785,0.26544296741485596
9.058129944605753e-05,0.2419925183057785,0.26544296741485596
9.058129944605753e-05,0.2419925183057785,0.26544296741485596
9.058129944605753e-05,0.2419925183057785,0.26544296741485596
9.058129944605753e-05,0.2419925183057785,0.26544296741485596
9.24075284274295e-05,0.24200889468193054,0.2654879689216614
9.22423496376723e-05,0.24226322770118713,0.2651083469390869
9.22423496376723e-05,0.24226322770118713,0.2651083469390869
9.24075284274295e-05,0.24200889468193054,0.2654879689216614
9.24075284274295e-05,0.24200889468193054,0.2654879689216614
9.058129944605753e-05,0.2419925183057785,0.26544296741485596
9.24075284274295e-05,0.24200889468193054,0.2654879689216614
9.058129944605753e-05,0.2419925183057785,0.26544296741485596
9.058129944605753e-05,0.2419925183057785,0.26544296741485596
9.40690006245859e-05,0.24227966368198395,0.26515334844589233
0.0001463248918298632,0.24199217557907104,0.26544085144996643
0.0001463248918298632,0.24199217557907104,0.26544085144996643
9.058129944605753e-05,0.2419925183057785,0.26544296741485596
9.058129944605753e-05,0.2419925183057785,0.26544296741485596
9.058129944605753e-05,0.2419925183057785,0.26544296741485596
9.058129944605753e-05,0.2419925183057785,0.26544296741485596
9.058129944605753e-05,0.2419925183057785,0.26544296741485596
9.058129944605753e-05,0.2419925183057785,0.26544296741485596
9.058129944605753e-05,0.2419925183057785,0.26544296741485596
9.22423496376723e-05,0.24226322770118713,0.2651083469390869
9.058129944605753e-05,0.2419925183057785,0.26544296741485596
9.058129944605753e-05,0.2419925183057785,0.26544296741485596
9.22423496376723e-05,0.24226322770118713,0.2651083469390869
9.22423496376723e-05,0.24226322770118713,0.2651083469390869
9.058129944605753e-05,0.2419925183057785,0.26544296741485596
0.00014974357327446342,0.2422793209552765,0.2651512324810028
9.058129944605753e-05,0.2419925183057785,0.26544296741485596
0.0001463248918298632,0.24199217557907104,0.26544085144996643
9.058129944605753e-05,0.2419925183057785,0.26544296741485596
9.22423496376723e-05,0.24226322770118713,0.2651083469390869
9.058129944605753e-05,0.2419925183057785,0.26544296741485596
9.058129944605753e-05,0.2419925183057785,0.26544296741485596
9.22423496376723e-05,0.24226322770118713,0.2651083469390869
0.0001463248918298632,0.24199217557907104,0.26544085144996643
9.24075284274295e-05,0.24200889468193054,0.2654879689216614
9.058129944605753e-05,0.2419925183057785,0.26544296741485596
9.058129944605753e-05,0.2419925183057785,0.26544296741485596
9.058129944605753e-05,0.2419925183057785,0.26544296741485596
9.24075284274295e-05,0.24200889468193054,0.2654879689216614
0.0001463248918298632,0.24199217557907104,0.26544085144996643
9.058129944605753e-05,0.2419925183057785,0.26544296741485596
9.058129944605753e-05,0.2419925183057785,0.26544296741485596
9.22423496376723e-05,0.24226322770118713,0.2651083469390869
9.058129944605753e-05,0.2419925183057785,0.26544296741485596
9.058129944605753e-05,0.2419925183057785,0.26544296741485596
9.22423496376723e-05,0.24226322770118713,0.2651083469390869
9.058129944605753e-05,0.2419925183057785,0.26544296741485596
9.24075284274295e-05,0.24200889468193054,0.2654879689216614
9.058129944605753e-05,0.2419925183057785,0.26544296741485596
0.0001463248918298632,0.24199217557907104,0.26544085144996643
9.22423496376723e-05,0.24226322770118713,0.2651083469390869
9.40690006245859e-05,0.24227966368198395,0.26515334844589233
9.058129944605753e-05,0.2419925183057785,0.26544296741485596
9.22423496376723e-05,0.24226322770118713,0.2651083469390869
9.058129944605753e-05,0.2419925183057785,0.26544296741485596
9.24075284274295e-05,0.24200889468193054,0.2654879689216614
9.058129944605753e-05,0.2419925183057785,0.26544296741485596
9.058129944605753e-05,0.2419925183057785,0.26544296741485596
9.058129944605753e-05,0.2419925183057785,0.26544296741485596
9.058129944605753e-05,0.2419925183057785,0.26544296741485596
9.058129944605753e-05,0.2419925183057785,0.26544296741485596
9.058129944605753e-05,0.2419925183057785,0.26544296741485596
9.22423496376723e-05,0.24226322770118713,0.2651083469390869
9.058129944605753e-05,0.2419925183057785,0.26544296741485596
9.058129944605753e-05,0.2419925183057785,0.26544296741485596
9.058129944605753e-05,0.2419925183057785,0.26544296741485596
9.24075284274295e-05,0.24200889468193054,0.2654879689216614
9.058129944605753e-05,0.2419925183057785,0.26544296741485596
9.40690006245859e-05,0.24227966368198395,0.26515334844589233
9.058129944605753e-05,0.2419925183057785,0.26544296741485596
9.058129944605753e-05,0.2419925183057785,0.26544296741485596
9.058129944605753e-05,0.2419925183057785,0.26544296741485596
0.0001463248918298632,0.24199217557907104,0.26544085144996643
9.058129944605753e-05,0.2419925183057785,0.26544296741485596
9.058129944605753e-05,0.2419925183057785,0.26544296741485596
9.22423496376723e-05,0.24226322770118713,0.2651083469390869
0.00014808212290517986,0.24200855195522308,0.26548585295677185
9.24075284274295e-05,0.24200889468193054,0.2654879689216614
9.058129944605753e-05,0.2419925183057785,0.26544296741485596
9.058129944605753e-05,0.2419925183057785,0.26544296741485596
0.0001463248918298632,0.24199217557907104,0.26544085144996643
9.058129944605753e-05,0.2419925183057785,0.26544296741485596
9.058129944605753e-05,0.2419925183057785,0.26544296741485596
9.058129944605753e-05,0.2419925183057785,0.26544296741485596
9.24075284274295e-05,0.24200889468193054,0.2654879689216614
9.058129944605753e-05,0.2419925183057785,0.26544296741485596
9.058129944605753e-05,0.2419925183057785,0.26544296741485596
0.0001463248918298632,0.24199217557907104,0.26544085144996643
0.00014798592019360512,0.24226288497447968,0.2651062607765198
9.24075284274295e-05,0.24200889468193054,0.2654879689216614
9.058129944605753e-05,0.2419925183057785,0.26544296741485596
9.058129944605753e-05,0.2419925183057785,0.26544296741485596
9.058129944605753e-05,0.2419925183057785,0.26544296741485596
0.0001463248918298632,0.24199217557907104,0.26544085144996643
9.058129944605753e-05,0.2419925183057785,0.26544296741485596
0.00014798592019360512,0.24226288497447968,0.2651062607765198
9.40690006245859e-05,0.24227966368198395,0.26515334844589233
9.058129944605753e-05,0.2419925183057785,0.26544296741485596
9.058129944605753e-05,0.2419925183057785,0.26544296741485596
9.058129944605753e-05,0.2419925183057785,0.26544296741485596
9.058129944605753e-05,0.2419925183057785,0.26544296741485596
9.22423496376723e-05,0.24226322770118713,0.2651083469390869
0.00014808212290517986,0.24200855195522308,0.26548585295677185
0.0001463248918298632,0.24199217557907104,0.26544085144996643
9.058129944605753e-05,0.2419925183057785,0.26544296741485596
9.058129944605753e-05,0.2419925183057785,0.26544296741485596
9.22423496376723e-05,0.24226322770118713,0.2651083469390869
0.00014808212290517986,0.24200855195522308,0.26548585295677185
9.058129944605753e-05,0.2419925183057785,0.26544296741485596
9.24075284274295e-05,0.24200889468193054,0.2654879689216614
9.058129944605753e-05,0.2419925183057785,0.26544296741485596
0.00014798592019360512,0.24226288497447968,0.2651062607765198
9.058129944605753e-05,0.2419925183057785,0.26544296741485596
9.058129944605753e-05,0.2419925183057785,0.26544296741485596
