1.0352542400360107,1.4237288236618042,1.4237288236618042,-0.8318644165992737,-1.107344627380371,0.0
0.7586440443992615,1.4237288236618042,1.4237288236618042,-0.7850847244262695,-1.107344627380371,0.0
-0.010169491171836853,1.4237288236618042,1.4237288236618042,-0.4352542459964752,-1.107344627380371,0.0
-0.18711864948272705,1.4237288236618042,1.4237288236618042,-0.15457627177238464,-0.7640677690505981,0.0
0.07525423914194107,1.0271186828613281,0.5979660749435425,-0.04474576190114021,-0.17401130497455597,0.0
0.20338982343673706,0.4352542459964752,-0.002033898374065757,-0.07728813588619232,0.25310733914375305,0.0
0.1769491583108902,0.026440678164362907,-0.010169491171836853,-0.09966101497411728,0.36858758330345154,0.0
0.014237288385629654,-0.028474576771259308,0.47999998927116394,-0.08135592937469482,0.23728813230991364,0.0
-0.06915254145860672,0.1810169517993927,0.9030508399009705,-0.048813559114933014,0.025310734286904335,0.0
0.056949153542518616,0.3945762813091278,0.8013559579849243,-0.054915253072977066,-0.08384180814027786,0.0
0.08745762705802917,0.40474575757980347,0.3050847351551056,-0.052881356328725815,-0.06485875695943832,0.0
0.07932203263044357,0.6345762610435486,0.1484745740890503,-0.054915253072977066,-0.04271186515688896,0.0
-0.004067796748131514,0.47186440229415894,0.4108474552631378,-0.054915253072977066,-0.04271186515688896,0.0
-0.022372880950570107,0.04677966237068176,0.46372881531715393,-0.050847455859184265,-0.03322033956646919,0.0
-0.004067796748131514,0.03457627072930336,0.47186440229415894,-0.050847455859184265,-0.034802261739969254,0.0
0.020338982343673706,0.1972881406545639,0.4494915306568146,-0.048813559114933014,-0.034802261739969254,0.0
0.012203389778733253,0.2562711834907532,0.4576271176338196,-0.04474576190114021,-0.034802261739969254,0.0
-0.026440678164362907,0.2562711834907532,0.4657627046108246,-0.04474576190114021,-0.034802261739969254,0.0
-0.014237288385629654,0.2562711834907532,0.4657627046108246,-0.04271186515688896,-0.034802261739969254,0.0
0.014237288385629654,0.2562711834907532,0.4657627046108246,-0.03864406794309616,-0.034802261739969254,0.0
0.04271186515688896,0.2562711834907532,0.4657627046108246,-0.03864406794309616,-0.034802261739969254,0.0
0.020338982343673706,0.2562711834907532,0.4657627046108246,-0.03864406794309616,-0.034802261739969254,0.0
-0.03457627072930336,0.2562711834907532,0.4657627046108246,-0.03661017119884491,-0.034802261739969254,0.0
-0.008135593496263027,0.2562711834907532,0.4657627046108246,-0.03661017119884491,-0.034802261739969254,0.0
0.014237288385629654,0.2562711834907532,0.4657627046108246,-0.03661017119884491,-0.034802261739969254,0.0
0.006101694889366627,0.2562711834907532,0.4657627046108246,-0.03661017119884491,-0.034802261739969254,0.0
-0.024406779557466507,0.2562711834907532,0.4657627046108246,-0.03661017119884491,-0.034802261739969254,0.0
0.0,0.2562711834907532,0.4657627046108246,-0.03254237398505211,-0.034802261739969254,0.0
0.0,0.2562711834907532,0.4657627046108246,-0.03254237398505211,-0.034802261739969254,0.0
0.006101694889366627,0.2562711834907532,0.4657627046108246,-0.03254237398505211,-0.034802261739969254,0.0
0.006101694889366627,0.2562711834907532,0.4657627046108246,-0.03254237398505211,-0.034802261739969254,0.0
0.006101694889366627,0.2562711834907532,0.4657627046108246,-0.03254237398505211,-0.034802261739969254,0.0
0.006101694889366627,0.2562711834907532,0.4657627046108246,-0.03254237398505211,-0.034802261739969254,0.0
0.006101694889366627,0.2562711834907532,0.4657627046108246,-0.03254237398505211,-0.034802261739969254,0.0
0.006101694889366627,0.2562711834907532,0.4657627046108246,-0.03254237398505211,-0.034802261739969254,0.0
0.006101694889366627,0.2562711834907532,0.4657627046108246,-0.03254237398505211,-0.034802261739969254,0.0
0.006101694889366627,0.2562711834907532,0.4657627046108246,-0.03050847537815571,-0.034802261739969254,0.0
0.006101694889366627,0.2562711834907532,0.4657627046108246,-0.03050847537815571,-0.034802261739969254,0.0
0.006101694889366627,0.2562711834907532,0.4657627046108246,-0.03050847537815571,-0.034802261739969254,0.0
0.006101694889366627,0.2562711834907532,0.4657627046108246,-0.03050847537815571,-0.034802261739969254,0.0
0.006101694889366627,0.2562711834907532,0.4657627046108246,-0.03050847537815571,-0.034802261739969254,0.0
0.006101694889366627,0.2562711834907532,0.4657627046108246,-0.03050847537815571,-0.034802261739969254,0.0
0.006101694889366627,0.2562711834907532,0.4657627046108246,-0.03050847537815571,-0.034802261739969254,0.0
0.006101694889366627,0.2562711834907532,0.4657627046108246,-0.03050847537815571,-0.034802261739969254,0.0
0.006101694889366627,0.2562711834907532,0.4657627046108246,-0.03050847537815571,-0.034802261739969254,0.0
0.006101694889366627,0.2562711834907532,0.4657627046108246,-0.03050847537815571,-0.034802261739969254,0.0
0.006101694889366627,0.2562711834907532,0.4657627046108246,-0.03050847537815571,-0.034802261739969254,0.0
0.006101694889366627,0.2562711834907532,0.4657627046108246,-0.03050847537815571,-0.034802261739969254,0.0
0.006101694889366627,0.2562711834907532,0.4657627046108246,-0.03050847537815571,-0.034802261739969254,0.0
0.006101694889366627,0.2562711834907532,0.4657627046108246,-0.03050847537815571,-0.034802261739969254,0.0
0.006101694889366627,0.2562711834907532,0.4657627046108246,-0.03050847537815571,-0.034802261739969254,0.0
0.006101694889366627,0.2562711834907532,0.4657627046108246,-0.03050847537815571,-0.034802261739969254,0.0
0.006101694889366627,0.2562711834907532,0.4657627046108246,-0.026440678164362907,-0.034802261739969254,0.0
0.006101694889366627,0.2562711834907532,0.4657627046108246,-0.026440678164362907,-0.034802261739969254,0.0
0.006101694889366627,0.2562711834907532,0.4657627046108246,-0.026440678164362907,-0.034802261739969254,0.0
0.006101694889366627,0.2562711834907532,0.4657627046108246,-0.026440678164362907,-0.034802261739969254,0.0
0.006101694889366627,0.2562711834907532,0.4657627046108246,-0.026440678164362907,-0.034802261739969254,0.0
0.006101694889366627,0.2562711834907532,0.4657627046108246,-0.026440678164362907,-0.034802261739969254,0.0
0.006101694889366627,0.2562711834907532,0.4657627046108246,-0.026440678164362907,-0.034802261739969254,0.0
0.006101694889366627,0.2562711834907532,0.4657627046108246,-0.026440678164362907,-0.034802261739969254,0.0
0.006101694889366627,0.2562711834907532,0.4657627046108246,-0.026440678164362907,-0.034802261739969254,0.0
0.006101694889366627,0.2562711834907532,0.4657627046108246,-0.026440678164362907,-0.034802261739969254,0.0
0.006101694889366627,0.2562711834907532,0.4657627046108246,-0.026440678164362907,-0.034802261739969254,0.0
0.006101694889366627,0.2562711834907532,0.4657627046108246,-0.026440678164362907,-0.034802261739969254,0.0
0.006101694889366627,0.2562711834907532,0.4657627046108246,-0.026440678164362907,-0.034802261739969254,0.0
0.006101694889366627,0.2562711834907532,0.4657627046108246,-0.026440678164362907,-0.034802261739969254,0.0
0.006101694889366627,0.2562711834907532,0.4657627046108246,-0.026440678164362907,-0.034802261739969254,0.0
0.006101694889366627,0.2562711834907532,0.4657627046108246,-0.026440678164362907,-0.034802261739969254,0.0
0.006101694889366627,0.2562711834907532,0.4657627046108246,-0.026440678164362907,-0.034802261739969254,0.0
0.006101694889366627,0.2562711834907532,0.4657627046108246,-0.026440678164362907,-0.034802261739969254,0.0
0.006101694889366627,0.2562711834907532,0.4657627046108246,-0.026440678164362907,-0.034802261739969254,0.0
0.006101694889366627,0.2562711834907532,0.4657627046108246,-0.026440678164362907,-0.034802261739969254,0.0
0.006101694889366627,0.2562711834907532,0.4657627046108246,-0.026440678164362907,-0.034802261739969254,0.0
0.006101694889366627,0.2562711834907532,0.4657627046108246,-0.026440678164362907,-0.034802261739969254,0.0
0.006101694889366627,0.2562711834907532,0.4657627046108246,-0.026440678164362907,-0.034802261739969254,0.0
0.006101694889366627,0.2562711834907532,0.4657627046108246,-0.026440678164362907,-0.034802261739969254,0.0
0.006101694889366627,0.2562711834907532,0.4657627046108246,-0.026440678164362907,-0.034802261739969254,0.0
0.006101694889366627,0.2562711834907532,0.4657627046108246,-0.026440678164362907,-0.034802261739969254,0.0
0.006101694889366627,0.2562711834907532,0.4657627046108246,-0.026440678164362907,-0.034802261739969254,0.0
0.006101694889366627,0.2562711834907532,0.4657627046108246,-0.026440678164362907,-0.034802261739969254,0.0
0.006101694889366627,0.2562711834907532,0.4657627046108246,-0.026440678164362907,-0.034802261739969254,0.0
0.006101694889366627,0.2562711834907532,0.4657627046108246,-0.026440678164362907,-0.034802261739969254,0.0
0.006101694889366627,0.2562711834907532,0.4657627046108246,-0.026440678164362907,-0.034802261739969254,0.0
0.006101694889366627,0.2562711834907532,0.4657627046108246,-0.026440678164362907,-0.034802261739969254,0.0
0.006101694889366627,0.2562711834907532,0.4657627046108246,-0.026440678164362907,-0.034802261739969254,0.0
