0.00026562728453427553,-0.005176693666726351,-0.008053101599216461
0.00026562728453427553,-0.005176693666726351,-0.008053101599216461
0.00026615525712259114,-0.005203165113925934,-0.008448186330497265
0.00026562728453427553,-0.005176693666726351,-0.008053101599216461
0.00026562728453427553,-0.005176693666726351,-0.008053101599216461
0.0006593849393539131,-0.005175975617021322,-0.008053101599216461
0.00026562728453427553,-0.005176693666726351,-0.008053101599216461
0.00026562728453427553,-0.005176693666726351,-0.008053101599216461
0.00026562728453427553,-0.005176693666726351,-0.008053101599216461
0.00026562728453427553,-0.005176693666726351,-0.008053101599216461
0.00026562728453427553,-0.005176693666726351,-0.008053101599216461
0.00026562728453427553,-0.005176693666726351,-0.008053101599216461
0.00026562728453427553,-0.005176693666726351,-0.008053101599216461
0.00026615525712259114,-0.005203165113925934,-0.008448186330497265
0.00026562728453427553,-0.005176693666726351,-0.008053101599216461
0.00026615525712259114,-0.005203165113925934,-0.008448186330497265
0.0006593849393539131,-0.005175975617021322,-0.008053101599216461
0.00026562728453427553,-0.005176693666726351,-0.008053101599216461
0.00026615525712259114,-0.005203165113925934,-0.008448186330497265
0.00026615525712259114,-0.005203165113925934,-0.008448186330497265
0.00026562728453427553,-0.005176693666726351,-0.008053101599216461
0.00026562728453427553,-0.005176693666726351,-0.008053101599216461
0.00026562728453427553,-0.005176693666726351,-0.008053101599216461
0.00026562728453427553,-0.005176693666726351,-0.008053101599216461
0.00026562728453427553,-0.005176693666726351,-0.008053101599216461
0.00026562728453427553,-0.005176693666726351,-0.008053101599216461
0.00026615525712259114,-0.005203165113925934,-0.008448186330497265
0.00026615525712259114,-0.005203165113925934,-0.008448186330497265
0.00026562728453427553,-0.005176693666726351,-0.008053101599216461
0.00026562728453427553,-0.005176693666726351,-0.008053101599216461
0.00026562728453427553,-0.005176693666726351,-0.008053101599216461
0.00026562728453427553,-0.005176693666726351,-0.008053101599216461
0.00026615525712259114,-0.005203165113925934,-0.008448186330497265
0.00026562728453427553,-0.005176693666726351,-0.008053101599216461
0.00026562728453427553,-0.005176693666726351,-0.008053101599216461
0.00026562728453427553,-0.005176693666726351,-0.008053101599216461
0.00026562728453427553,-0.005176693666726351,-0.008053101599216461
0.00026562728453427553,-0.005176693666726351,-0.008053101599216461
0.00026562728453427553,-0.005176693666726351,-0.008053101599216461
0.00026615525712259114,-0.005203165113925934,-0.008448186330497265
0.00026615525712259114,-0.005203165113925934,-0.008448186330497265
0.00026562728453427553,-0.005176693666726351,-0.008053101599216461
0.00026562728453427553,-0.005176693666726351,-0.008053101599216461
0.00026562728453427553,-0.005176693666726351,-0.008053101599216461
0.00026562728453427553,-0.005176693666726351,-0.008053101599216461
0.00026562728453427553,-0.005176693666726351,-0.008053101599216461
0.00026562728453427553,-0.005176693666726351,-0.008053101599216461
0.00026562728453427553,-0.005176693666726351,-0.008053101599216461
0.00026562728453427553,-0.005176693666726351,-0.008053101599216461
0.00026615525712259114,-0.005203165113925934,-0.008448186330497265
0.00026562728453427553,-0.005176693666726351,-0.008053101599216461
0.00026615525712259114,-0.005203165113925934,-0.008448186330497265
0.00026562728453427553,-0.005176693666726351,-0.008053101599216461
0.00026562728453427553,-0.005176693666726351,-0.008053101599216461
0.00026562728453427553,-0.005176693666726351,-0.008053101599216461
0.00026562728453427553,-0.005176693666726351,-0.008053101599216461
0.00026615525712259114,-0.005203165113925934,-0.008448186330497265
0.00026562728453427553,-0.005176693666726351,-0.008053101599216461
0.00026615525712259114,-0.005203165113925934,-0.008448186330497265
0.00026615525712259114,-0.005203165113925934,-0.008448186330497265
0.00026615525712259114,-0.005203165113925934,-0.008448186330497265
0.00026562728453427553,-0.005176693666726351,-0.008053101599216461
0.00026562728453427553,-0.005176693666726351,-0.008053101599216461
0.00026562728453427553,-0.005176693666726351,-0.008053101599216461
0.00026562728453427553,-0.005176693666726351,-0.008053101599216461
0.00026562728453427553,-0.005176693666726351,-0.008053101599216461
0.00026562728453427553,-0.005176693666726351,-0.008053101599216461
0.00026562728453427553,-0.005176693666726351,-0.008053101599216461
0.00026615525712259114,-0.005203165113925934,-0.008448186330497265
0.00026562728453427553,-0.005176693666726351,-0.008053101599216461
0.00026562728453427553,-0.005176693666726351,-0.008053101599216461
0.00026615525712259114,-0.005203165113925934,-0.008448186330497265
0.00026562728453427553,-0.005176693666726351,-0.008053101599216461
0.00026615525712259114,-0.005203165113925934,-0.008448186330497265
0.00026615525712259114,-0.005203165113925934,-0.008448186330497265
0.00026615525712259114,-0.005203165113925934,-0.008448186330497265
0.00026562728453427553,-0.005176693666726351,-0.008053101599216461
0.00026562728453427553,-0.005176693666726351,-0.008053101599216461
0.00026562728453427553,-0.005176693666726351,-0.008053101599216461
0.00026562728453427553,-0.005176693666726351,-0.008053101599216461
0.0002661629405338317,-0.005203214008361101,-0.008448183536529541
0.0002656349679455161,-0.005176742561161518,-0.008053098805248737
0.0002699626493267715,-0.0052042156457901,-0.008051672950387001
0.0002699626493267715,-0.0052042156457901,-0.008051672950387001
0.00027049059281125665,-0.005230687092989683,-0.008446757681667805
0.00027049059281125665,-0.005230687092989683,-0.008446757681667805
0.0002699626493267715,-0.0052042156457901,-0.008051672950387001
0.0002699626493267715,-0.0052042156457901,-0.008051672950387001
0.0002699626493267715,-0.0052042156457901,-0.008051672950387001
0.0002699626493267715,-0.0052042156457901,-0.008051672950387001
0.00027049059281125665,-0.005230687092989683,-0.008446757681667805
0.0002699626493267715,-0.0052042156457901,-0.008051672950387001
0.0002699626493267715,-0.0052042156457901,-0.008051672950387001
0.00027049059281125665,-0.005230687092989683,-0.008446757681667805
0.00027049059281125665,-0.005230687092989683,-0.008446757681667805
0.0002699626493267715,-0.0052042156457901,-0.008051672950387001
0.0002699626493267715,-0.0052042156457901,-0.008051672950387001
0.0002699626493267715,-0.0052042156457901,-0.008051672950387001
0.00027049059281125665,-0.005230687092989683,-0.008446757681667805
0.0002699626493267715,-0.0052042156457901,-0.008051672950387001
0.00027049059281125665,-0.005230687092989683,-0.008446757681667805
0.0002699626493267715,-0.0052042156457901,-0.008051672950387001
0.00027049059281125665,-0.005230687092989683,-0.008446757681667805
0.0002699626493267715,-0.0052042156457901,-0.008051672950387001
0.00027049059281125665,-0.005230687092989683,-0.008446757681667805
0.00027049059281125665,-0.005230687092989683,-0.008446757681667805
0.0002699626493267715,-0.0052042156457901,-0.008051672950387001
0.0002699626493267715,-0.0052035776898264885,-0.008051562123000622
0.0002699626493267715,-0.0052035776898264885,-0.008051562123000622
0.0002705281658563763,-0.0005404064431786537,-0.007692732382565737
0.0002700001932680607,-0.0005139348795637488,-0.00729764811694622
0.0002705672231968492,0.004157325718551874,-0.00705165509134531
0.0002700392797123641,0.004183797165751457,-0.0066565703600645065
0.00027060785214416683,0.008862661197781563,-0.0065232254564762115
0.0002816490887198597,0.008895527571439743,-0.006174204871058464
0.0002816912601701915,0.013609316200017929,-0.005758280865848064
0.00028221780667081475,0.01358291506767273,-0.006153355818241835
0.00028173497412353754,0.01832268200814724,-0.005455504171550274
0.00028226152062416077,0.01829628087580204,-0.005850579123944044
0.0006813683430664241,0.022764893248677254,-0.0049085249193012714
0.0002872034383472055,0.02276414819061756,-0.0049085249193012714
-0.00010191932960879058,0.027206897735595703,-0.004473954439163208
-0.00010191932960879058,0.027206897735595703,-0.004473954439163208
-0.0001018710172502324,0.031908195465803146,-0.004509643651545048
-9.63656057137996e-05,0.031609151512384415,-0.004546688869595528
-4.2018105887109414e-05,0.03335762023925781,-0.0007302867597900331
5.51513130631065e-06,0.03077567182481289,0.0033105462789535522
4.803959745913744e-05,0.03315684571862221,0.006365533452481031
4.803959745913744e-05,0.03315684571862221,0.006365533452481031
4.8945956223178655e-05,0.037783432751894,0.00559952761977911
4.8092566430568695e-05,0.03782978653907776,0.005992760881781578
5.2814168157055974e-05,0.042233604937791824,0.005878569558262825
5.2814168157055974e-05,0.042233604937791824,0.005878569558262825
5.287017484079115e-05,0.04687237739562988,0.005282620899379253
6.770646723452955e-05,0.046066489070653915,0.006003135349601507
7.610606553498656e-05,0.05023106932640076,0.006433413363993168
8.530387276550755e-05,0.049731455743312836,0.007179184351116419
0.0005004787817597389,0.05407662317156792,0.006735370960086584
0.0005230560200288892,0.053530897945165634,0.007044673431664705
0.00013792980462312698,0.05667341127991676,0.008763633668422699
0.00015136506408452988,0.055943623185157776,0.0098953265696764
0.00017360558558721095,0.059275925159454346,0.01075294055044651
0.00018355312931817025,0.05873559042811394,0.011121978051960468
0.0002011246542679146,0.062292587012052536,0.011501668021082878
0.00021846026356797665,0.06135093793272972,0.013032267801463604
0.00023141305427998304,0.06511970609426498,0.01293253991752863
0.00024289812427014112,0.06449585407972336,0.014477016404271126
0.00025886204093694687,0.06870072335004807,0.013457493856549263
0.0006814947701059282,0.06870144605636597,0.013457493856549263
0.0002602445601951331,0.07302268594503403,0.011603782884776592
0.0002686978841666132,0.07256350666284561,0.012376214377582073
0.00029936671489849687,0.0696195513010025,0.014731978066265583
0.000329834088915959,0.0679645985364914,0.015520467422902584
0.0003343415155541152,0.06221618503332138,0.013108198530972004
0.00038565866998396814,0.060988813638687134,0.009618964977562428
0.00039965612813830376,0.05624973028898239,0.005533081013709307
0.0004181778058409691,0.055243656039237976,0.0028042455669492483
0.00040960294427350163,0.050138697028160095,0.004130975808948278
0.000445244339061901,0.04820270091295242,0.007348501123487949
0.00047583386185579,0.04249909892678261,0.01061567198485136
0.00047583386185579,0.04249909892678261,0.01061567198485136
0.00047823338536545634,0.03829864040017128,0.01018047146499157
0.00048174819676205516,0.03810771927237511,0.009008138440549374
0.00048058846732601523,0.03407503664493561,0.00965768564492464
0.0004817490407731384,0.03401199355721474,0.009266810491681099
0.0004817495937459171,0.029889583587646484,0.009437979198992252
0.0004817495937459171,0.029889583587646484,0.009437979198992252
0.0004817497974727303,0.025746067985892296,0.009521049447357655
0.0004817497974727303,0.025746067985892296,0.009521049447357655
0.0004817497101612389,0.021579131484031677,0.009515687823295593
0.0004817497101612389,0.021579131484031677,0.009515687823295593
0.00048174933181144297,0.017396533861756325,0.009421576745808125
0.00048174933181144297,0.017396533861756325,0.009421576745808125
0.000481748633319512,0.013189145363867283,0.00923802051693201
0.000481748633319512,0.013189145363867283,0.00923802051693201
0.00048174767289310694,0.008977311663329601,0.008965649642050266
0.00048174767289310694,0.008977311663329601,0.008965649642050266
0.00048174639232456684,0.004746913444250822,0.008603367954492569
3.8156209484441206e-05,0.004746514838188887,0.008603367954492569
0.0004817448207177222,0.0005042765405960381,0.00815117172896862
0.0004817448207177222,0.0005042765405960381,0.00815117172896862
0.00048174295807257295,-0.0037513363640755415,0.007608487736433744
0.00048174295807257295,-0.0037513363640755415,0.007608487736433744
0.0004817408334929496,-0.00800537969917059,0.006976992357522249
0.0004817408334929496,-0.00800537969917059,0.006976992357522249
3.8148267776705325e-05,-0.012271467596292496,0.006254464387893677
3.8148267776705325e-05,-0.012271467596292496,0.006254464387893677
3.8150206819409505e-05,-0.01685822382569313,0.006412155460566282
3.8150206819409505e-05,-0.01685822382569313,0.006412155460566282
3.413048034417443e-05,-0.02147102728486061,0.006831938400864601
0.00047735479893162847,-0.021470634266734123,0.006831938400864601
2.241531365143601e-05,-0.026321107521653175,0.007581770420074463
0.00045683031203225255,-0.025842027738690376,0.0067698038183152676
1.4340171219373588e-05,-0.030690303072333336,0.007351410575211048
0.00044797503505833447,-0.03020874783396721,0.006540916860103607
0.00044797768350690603,-0.03504709154367447,0.00700007751584053
-1.940203674166696e-06,-0.03456375002861023,0.006191064137965441
0.00042112942901439965,-0.038415439426898956,0.0049147820100188255
0.0003591495333239436,-0.03568769618868828,0.0005550124333240092
-0.00016881160263437778,-0.03640791028738022,-0.005461802706122398
0.00015856178652029485,-0.032163944095373154,-0.011592398397624493
5.2772513299714774e-05,-0.03314536437392235,-0.016717422753572464
-1.7145675883512013e-05,-0.030628621578216553,-0.02002621255815029
-9.13335315999575e-05,-0.034261271357536316,-0.021071922034025192
-0.0001151201140601188,-0.03425941243767738,-0.0205842275172472
-0.00015204296505544335,-0.038948673754930496,-0.018612738698720932
-0.0005883470294065773,-0.038855522871017456,-0.016542453318834305
-0.00020154497178737074,-0.04358091950416565,-0.016319377347826958
-0.0002353807067265734,-0.04303634166717529,-0.01697412133216858
-0.0002641311730258167,-0.047472722828388214,-0.017637616023421288
-0.0002810829028021544,-0.047199174761772156,-0.017963940277695656
-0.0002929049951490015,-0.05192510411143303,-0.01842395029962063
-0.0003283880068920553,-0.051940884441137314,-0.01828552596271038
-0.0003741969121620059,-0.05599399283528328,-0.019502878189086914
-0.00041339045856148005,-0.05516218766570091,-0.020522963255643845
-0.0009074962581507862,-0.0574350468814373,-0.02203788049519062
-0.0005883484845981002,-0.054803501814603806,-0.02280392311513424
-0.00030653149588033557,-0.05586957558989525,-0.025011787191033363
-0.00040647535934112966,-0.05265970155596733,-0.02639719843864441
-0.000524846138432622,-0.046647123992443085,-0.025966864079236984
-0.0006436295225284994,-0.04309646785259247,-0.024757450446486473
-0.0007213276694528759,-0.036419764161109924,-0.022247223183512688
-0.000775560038164258,-0.03550640866160393,-0.02074241079390049
-0.0008346622344106436,-0.030794445425271988,-0.017610248178243637
-0.0008478073286823928,-0.030741237103939056,-0.01637529395520687
-0.0008773585432209074,-0.025811288505792618,-0.01606501266360283
-0.0004946868866682053,-0.025817064568400383,-0.01596362702548504
0.00020049003069289029,-0.02140147052705288,-0.015106202103197575
-0.00018504653417039663,-0.0214040856808424,-0.015059888362884521
0.0001696639956207946,-0.016417725011706352,-0.015031888149678707
0.00014558360271621495,-0.016422724351286888,-0.014939251355826855
-0.00023322571360040456,-0.011952895671129227,-0.0143567631021142
0.00011618829739745706,-0.011957382783293724,-0.014264103025197983
0.00010413194104330614,-0.007187413517385721,-0.014137543737888336
8.00082489149645e-05,-0.007191389799118042,-0.01404486782848835
5.587162377196364e-05,-0.0024061209987848997,-0.01399215031415224
-0.0003360613191034645,-0.0021331175230443478,-0.014282210730016232
3.7059046007925645e-05,0.002675119088962674,-0.01444291789084673
4.379776873975061e-05,0.0024006138555705547,-0.014106512069702148
4.379613892524503e-05,0.007224039174616337,-0.014388492330908775
4.379613892524503e-05,0.007224039174616337,-0.014388492330908775
4.3793734221253544e-05,0.012059187516570091,-0.014792175032198429
6.44888132228516e-05,0.011216163635253906,-0.014176596887409687
-0.0002610452356748283,0.01391554158180952,-0.011589589528739452
0.00016197687364183366,0.012579928152263165,-0.00992483738809824
0.0001815027790144086,0.01663413643836975,-0.009541344828903675
-0.0001938093191711232,0.016370009630918503,-0.009196674451231956
0.0001879820047179237,0.0212175901979208,-0.00996650755405426
0.000200911148567684,0.02069091610610485,-0.009275954216718674
0.00025210031890310347,0.023454340174794197,-0.0073903147131204605
-9.822283027460799e-05,0.02191256172955036,-0.00528991874307394
0.00032731631654314697,0.024661365896463394,-0.0024269949644804
0.00033349794102832675,0.024409553036093712,-0.0020732195116579533
0.0003335000074002892,0.028672702610492706,-0.0013996444176882505
0.0003335000074002892,0.028672702610492706,-0.0013996444176882505
0.0003335018118377775,0.03292641416192055,-0.0008165992912836373
0.0003335018118377775,0.03292641416192055,-0.0008165992912836373
0.00033350338344462216,0.03717299550771713,-0.0003233712923247367
0.00033967167837545276,0.036921724677085876,3.0790044547757134e-05
-2.859563937818166e-05,0.040160175412893295,0.0018547994550317526
0.00038853808655403554,0.03916952386498451,0.0032813965808600187
0.0004066418914590031,0.04266038164496422,0.00466917036101222
1.681417961663101e-05,0.04241534322500229,0.005027898121625185
0.0004126499406993389,0.04661620035767555,0.005251465365290642
0.0004126499406993389,0.04661620035767555,0.005251465365290642
0.0004186442238278687,0.05056419596076012,0.005745414178818464
0.0004308135248720646,0.050561949610710144,0.005699116736650467
0.0004871223936788738,0.052442681044340134,0.008209367282688618
0.00014346059469971806,0.04903170093894005,0.010945254936814308
0.0006238504429347813,0.05012111738324165,0.01378282904624939
0.000226419375394471,0.04958837851881981,0.01413851696997881
-0.00017673916590865701,0.05337166041135788,0.01205344870686531
-0.00016173615586012602,0.05267316475510597,0.0077451313845813274
-0.0001518071221653372,0.0563189797103405,0.004385996609926224
-0.0001190526454593055,0.05479402840137482,0.001962710404768586
-6.425527681130916e-05,0.05632981285452843,0.0027182099875062704
3.8611477066297084e-05,0.051540642976760864,0.008871608413755894
0.0001285772304981947,0.051404450088739395,0.015547843649983406
0.0001672102662269026,0.04960581287741661,0.01872621290385723
0.0001705667091300711,0.05347231775522232,0.017469223588705063
0.00020340619084890932,0.05251053720712662,0.012354690581560135
0.00025273882783949375,0.05533987656235695,0.0046501667238771915
0.0002559563145041466,0.0551900789141655,0.0014987074537202716
0.0002976923424284905,0.057215407490730286,0.0021027252078056335
0.0003664089599624276,0.05401616543531418,0.007012472953647375
0.00045453585335053504,0.05382973700761795,0.014112790115177631
0.0004898207844235003,0.05218697339296341,0.016648361459374428
0.0004914908204227686,0.049269240349531174,0.01679971069097519
0.0005149708013050258,0.04817608371376991,0.010949636809527874
0.0005012957844883204,0.043258968740701675,0.005741233471781015
0.0005069603212177753,0.04299524426460266,0.001783998915925622
0.0005178819410502911,0.038491323590278625,0.0008303032955154777
0.0005178819410502911,0.038491323590278625,0.0008303032955154777
0.0005178836872801185,0.0344872884452343,0.001331354258581996
0.0005178836872801185,0.0344872884452343,0.001331354258581996
0.0005178851424716413,0.03044540248811245,0.001747536938637495
0.0005178851424716413,0.03044540248811245,0.001747536938637495
0.0005178862484171987,0.026372717693448067,0.0020774148870259523
0.0005178862484171987,0.026372717693448067,0.0020774148870259523
0.0005178870633244514,0.02227158471941948,0.0023202805314213037
0.0005178870633244514,0.02227158471941948,0.0023202805314213037
0.0005178875289857388,0.01814357005059719,0.002475532703101635
0.0005178875289857388,0.01814357005059719,0.002475532703101635
0.0005178877036087215,0.013997113332152367,0.0025425476487725973
0.0005178877036087215,0.013997113332152367,0.0025425476487725973
0.0005178875871933997,0.009827114641666412,0.0025210881140083075
0.0005178875871933997,0.009827114641666412,0.0025210881140083075
0.0005178871215321124,0.005640815012156963,0.002410818124189973
0.0005178871215321124,0.005640815012156963,0.002410818124189973
0.0005178863648325205,0.0014323322102427483,0.0022111323196440935
0.0005178863648325205,0.0014323322102427483,0.0022111323196440935
0.000517885317094624,-0.002782783703878522,0.001922502531670034
0.000517885317094624,-0.002782783703878522,0.001922502531670034
0.000517883978318423,-0.007027863524854183,0.0015427006874233484
0.000517883978318423,-0.007027863524854183,0.0015427006874233484
0.0005178823485039175,-0.011258212849497795,0.0010756447445601225
0.0005178823485039175,-0.011258212849497795,0.0010756447445601225
0.0005178804276511073,-0.015510954894125462,0.000517273205332458
0.0005178804276511073,-0.015510954894125462,0.000517273205332458
0.0005178782739676535,-0.019771328195929527,-0.0001312616077484563
0.0005178782739676535,-0.019771328195929527,-0.0001312616077484563
0.0005178757710382342,-0.02403668500483036,-0.0008699163445271552
0.0005178757710382342,-0.02403668500483036,-0.0008699163445271552
0.0005055978544987738,-0.028728706762194633,-0.00036943325540050864
0.0005055978544987738,-0.028728706762194633,-0.00036943325540050864
0.0004810310201719403,-0.03357921168208122,0.0005276593728922307
0.00043880753219127655,-0.03332509472966194,0.0002431624598102644
0.00040885902126319706,-0.037919361144304276,0.0005939972470514476
0.00039655715227127075,-0.03791743144392967,0.0006402742001228034
0.0003612068830989301,-0.042254455387592316,0.00044690698268823326
0.0003435096296016127,-0.042001500725746155,7.138020737329498e-05
0.0002862794790416956,-0.04531547799706459,-0.0019215382635593414
0.00018204504158347845,-0.04325420409440994,-0.005179867148399353
0.00011913204070879146,-0.04464474692940712,-0.010137652978301048
1.8985938368132338e-05,-0.04055356606841087,-0.01620701514184475
-8.407622226513922e-05,-0.041711270809173584,-0.02114318124949932
-0.00015198381152004004,-0.039121147245168686,-0.02466956153512001
-0.00016567177954129875,-0.04328351467847824,-0.02340172417461872
-0.00023031594173517078,-0.04309259355068207,-0.018560007214546204
-0.0002481588744558394,-0.04760925844311714,-0.014202551916241646
-0.0002759103081189096,-0.047467101365327835,-0.012130478397011757
-0.00031232862966135144,-0.05167636275291443,-0.012990138493478298
-0.0003670439764391631,-0.05027910694479942,-0.014457483775913715
-0.00043892269604839385,-0.0528113953769207,-0.0181544478982687
-0.000512375496327877,-0.04996681213378906,-0.021557223051786423
-0.0006370993796736002,-0.050589337944984436,-0.025545461103320122
-0.0007443305803462863,-0.04732277989387512,-0.026738246902823448
-0.0008148972410708666,-0.049854498356580734,-0.02538806013762951
-0.0008921544067561626,-0.04798366501927376,-0.022686244919896126
-0.0009454083046875894,-0.0518621951341629,-0.01955149509012699
-0.0006035890546627343,-0.051451731473207474,-0.017351537942886353
-0.00024862540885806084,-0.05572736635804176,-0.01753806695342064
-0.0003061812894884497,-0.05489321053028107,-0.018485339358448982
-0.0003862328303512186,-0.057191040366888046,-0.021741049364209175
-0.0005193713586777449,-0.05378126725554466,-0.02581956796348095
-0.0006470912485383451,-0.05080898106098175,-0.02953139878809452
-0.000798236345872283,-0.04666517674922943,-0.029804062098264694
-0.0009698657668195665,-0.04218968749046326,-0.025909895077347755
-0.0011027221335098147,-0.03878993168473244,-0.019853614270687103
-0.0007928846753202379,-0.0380467064678669,-0.01640731655061245
-0.0011953312205150723,-0.03803471848368645,-0.016268862411379814
-0.0012268772115930915,-0.03775379806756973,-0.016504142433404922
-0.0009277405915781856,-0.037749290466308594,-0.016422778367996216
-0.0009110845858231187,-0.03480050712823868,-0.015446100383996964
-0.0009306292049586773,-0.03452411666512489,-0.015727492049336433
-0.0010082199005410075,-0.031565193086862564,-0.01477703545242548
-0.0010207309387624264,-0.031560979783535004,-0.014730965718626976
-0.001044870587065816,-0.028582029044628143,-0.01386214978992939
-0.0010284140007570386,-0.02857171930372715,-0.013758955523371696
-0.001039625727571547,-0.0245542973279953,-0.01274609100073576
-0.0011062073754146695,-0.024546295404434204,-0.01266517210751772
-0.0010879056062549353,-0.01983596384525299,-0.011548006907105446
-0.0011422571260482073,-0.01983240246772766,-0.011513212695717812
-0.0011657425202429295,-0.015145455487072468,-0.010536275804042816
-0.0011485853465273976,-0.015133661217987537,-0.010433047078549862
-0.001214180956594646,-0.01038206648081541,-0.009579160250723362
-0.0012266975827515125,-0.010376610793173313,-0.009533222764730453
-0.0011826014379039407,-0.005612753331661224,-0.008868926204741001
-0.0012250030413269997,-0.005614155437797308,-0.00888027809560299
-0.001223235740326345,-0.0008205572958104312,-0.008346310816705227
-0.001180834136903286,-0.0008191551314666867,-0.008334957994520664
-0.0011790520511567593,0.0038517832290381193,-0.007932078093290329
-0.0011790520511567593,0.0038517832290381193,-0.007932078093290329
-0.0012202312937006354,0.006967462599277496,-0.007738427259027958
-0.0011778296902775764,0.00696886470541358,-0.00772707536816597
-0.0012064602924510837,0.010091683827340603,-0.007629583589732647
-0.0012064602924510837,0.010091683827340603,-0.007629583589732647
-0.0012051797239109874,0.013218963518738747,-0.007525745779275894
-0.0012051797239109874,0.013218963518738747,-0.007525745779275894
-0.0012047968339174986,0.01414137240499258,-0.007504786364734173
-0.0012047968339174986,0.01414137240499258,-0.007504786364734173
-0.0012047968339174986,0.01414137240499258,-0.007504786364734173
-0.0012047968339174986,0.01414137240499258,-0.007504786364734173
-0.0012047968339174986,0.01414137240499258,-0.007504786364734173
-0.0012047968339174986,0.01414137240499258,-0.007504786364734173
-0.0012047968339174986,0.01414137240499258,-0.007504786364734173
-0.0012047968339174986,0.01414137240499258,-0.007504786364734173
-0.0012047968339174986,0.01414137240499258,-0.007504786364734173
-0.0012047968339174986,0.01414137240499258,-0.007504786364734173
-0.0012047968339174986,0.01414137240499258,-0.007504786364734173
-0.0011624658945947886,0.014142772182822227,-0.007493453100323677
-0.0012047968339174986,0.01414137240499258,-0.007504786364734173
-0.0012047968339174986,0.01414137240499258,-0.007504786364734173
-0.0012047968339174986,0.01414137240499258,-0.007504786364734173
-0.0012047968339174986,0.01414137240499258,-0.007504786364734173
-0.0012047968339174986,0.01414137240499258,-0.007504786364734173
-0.0012047968339174986,0.01414137240499258,-0.007504786364734173
-0.0012047968339174986,0.01414137240499258,-0.007504786364734173
-0.0012047968339174986,0.01414137240499258,-0.007504786364734173
-0.0012047968339174986,0.01414137240499258,-0.007504786364734173
-0.0012047968339174986,0.01414137240499258,-0.007504786364734173
-0.0012047968339174986,0.01414137240499258,-0.007504786364734173
-0.0012047968339174986,0.01414137240499258,-0.007504786364734173
-0.0011624658945947886,0.014142772182822227,-0.007493453100323677
-0.0011624658945947886,0.014142772182822227,-0.007493453100323677
-0.0012047968339174986,0.01414137240499258,-0.007504786364734173
-0.0012047968339174986,0.01414137240499258,-0.007504786364734173
-0.0012047968339174986,0.01414137240499258,-0.007504786364734173
-0.0011624658945947886,0.014142772182822227,-0.007493453100323677
-0.0012047968339174986,0.01414137240499258,-0.007504786364734173
-0.0012047968339174986,0.01414137240499258,-0.007504786364734173
-0.0012047968339174986,0.01414137240499258,-0.007504786364734173
-0.0012047968339174986,0.01414137240499258,-0.007504786364734173
-0.0012047968339174986,0.01414137240499258,-0.007504786364734173
-0.0012047968339174986,0.01414137240499258,-0.007504786364734173
-0.0012047968339174986,0.01414137240499258,-0.007504786364734173
-0.0012047968339174986,0.01414137240499258,-0.007504786364734173
-0.0012047968339174986,0.01414137240499258,-0.007504786364734173
-0.0012047968339174986,0.01414137240499258,-0.007504786364734173
-0.0012047968339174986,0.01414137240499258,-0.007504786364734173
-0.0012047968339174986,0.01414137240499258,-0.007504786364734173
-0.0012047968339174986,0.01414137240499258,-0.007504786364734173
-0.0012047968339174986,0.01414137240499258,-0.007504786364734173
-0.0012047968339174986,0.01414137240499258,-0.007504786364734173
-0.0012047968339174986,0.01414137240499258,-0.007504786364734173
-0.0012047968339174986,0.01414137240499258,-0.007504786364734173
-0.0012047968339174986,0.01414137240499258,-0.007504786364734173
-0.0012047968339174986,0.01414137240499258,-0.007504786364734173
-0.0012047968339174986,0.01414137240499258,-0.007504786364734173
-0.0012047968339174986,0.01414137240499258,-0.007504786364734173
-0.0012047968339174986,0.01414137240499258,-0.007504786364734173
-0.0012047968339174986,0.01414137240499258,-0.007504786364734173
-0.0012047968339174986,0.01414137240499258,-0.007504786364734173
-0.0012047968339174986,0.01414137240499258,-0.007504786364734173
-0.0012047968339174986,0.01414137240499258,-0.007504786364734173
-0.0012047968339174986,0.01414137240499258,-0.007504786364734173
-0.0012047968339174986,0.01414137240499258,-0.007504786364734173
-0.0012047968339174986,0.01414137240499258,-0.007504786364734173
-0.0012047968339174986,0.01414137240499258,-0.007504786364734173
-0.0012047968339174986,0.01414137240499258,-0.007504786364734173
-0.0012047968339174986,0.01414137240499258,-0.007504786364734173
-0.0012047968339174986,0.01414137240499258,-0.007504786364734173
-0.0012047968339174986,0.01414137240499258,-0.007504786364734173
-0.0012047968339174986,0.01414137240499258,-0.007504786364734173
-0.0012047968339174986,0.01414137240499258,-0.007504786364734173
-0.0012047968339174986,0.01414137240499258,-0.007504786364734173
-0.0012047968339174986,0.01414137240499258,-0.007504786364734173
-0.0012047968339174986,0.01414137240499258,-0.007504786364734173
-0.0012047968339174986,0.01414137240499258,-0.007504786364734173
-0.0012047968339174986,0.01414137240499258,-0.007504786364734173
-0.0012047968339174986,0.01414137240499258,-0.007504786364734173
-0.0012047968339174986,0.01414137240499258,-0.007504786364734173
-0.0012047968339174986,0.01414137240499258,-0.007504786364734173
-0.0012047968339174986,0.01414137240499258,-0.007504786364734173
-0.0012047968339174986,0.01414137240499258,-0.007504786364734173
-0.0012047968339174986,0.01414137240499258,-0.007504786364734173
-0.0012047968339174986,0.01414137240499258,-0.007504786364734173
-0.0012047968339174986,0.01414137240499258,-0.007504786364734173
-0.0012047968339174986,0.01414137240499258,-0.007504786364734173
-0.0012047968339174986,0.01414137240499258,-0.007504786364734173
-0.0012047968339174986,0.01414137240499258,-0.007504786364734173
-0.0012047968339174986,0.01414137240499258,-0.007504786364734173
-0.0012047968339174986,0.01414137240499258,-0.007504786364734173
-0.0012047968339174986,0.01414137240499258,-0.007504786364734173
-0.0012047968339174986,0.01414137240499258,-0.007504786364734173
-0.0012047968339174986,0.01414137240499258,-0.007504786364734173
-0.0012047968339174986,0.01414137240499258,-0.007504786364734173
-0.0012047968339174986,0.01414137240499258,-0.007504786364734173
-0.0012047968339174986,0.01414137240499258,-0.007504786364734173
-0.0012047968339174986,0.01414137240499258,-0.007504786364734173
-0.0012047968339174986,0.01414137240499258,-0.007504786364734173
-0.0012047968339174986,0.01414137240499258,-0.007504786364734173
-0.0012047968339174986,0.01414137240499258,-0.007504786364734173
-0.0012047968339174986,0.01414137240499258,-0.007504786364734173
-0.0012047968339174986,0.01414137240499258,-0.007504786364734173
-0.0012047968339174986,0.01414137240499258,-0.007504786364734173
-0.0012047968339174986,0.01414137240499258,-0.007504786364734173
-0.0012047968339174986,0.01414137240499258,-0.007504786364734173
-0.0012047968339174986,0.01414137240499258,-0.007504786364734173
-0.0012047968339174986,0.01414137240499258,-0.007504786364734173
-0.0012047968339174986,0.01414137240499258,-0.007504786364734173
-0.0012047968339174986,0.01414137240499258,-0.007504786364734173
-0.0012047968339174986,0.01414137240499258,-0.007504786364734173
-0.0012047968339174986,0.01414137240499258,-0.007504786364734173
-0.0012047968339174986,0.01414137240499258,-0.007504786364734173
-0.0012047968339174986,0.01414137240499258,-0.007504786364734173
-0.0012047968339174986,0.01414137240499258,-0.007504786364734173
-0.0012047968339174986,0.01414137240499258,-0.007504786364734173
-0.0012047968339174986,0.01414137240499258,-0.007504786364734173
-0.0012047968339174986,0.01414137240499258,-0.007504786364734173
-0.0012047968339174986,0.01414137240499258,-0.007504786364734173
-0.0012047968339174986,0.01414137240499258,-0.007504786364734173
-0.0012047968339174986,0.01414137240499258,-0.007504786364734173
-0.0012047968339174986,0.01414137240499258,-0.007504786364734173
