Joint0,Joint1,Joint2,Joint3,Joint4,Joint5 
state: 148.7863658466404,0.0,-0.17587040880217542,0.0,-0.17587040880217542,0.17587040880217542
goals: 0.0,0.0,0.0,0.0,0.0,0.0
goals: 0.0,0.0,0.0,0.0,0.0,0.0
state: 77.73472069056155,0.0,0.0,0.35174081760435083,0.0,0.17587040880217542
goals: 0.0,0.0,0.0,0.0,0.0,0.0
goals: 0.0,0.0,0.0,0.0,0.0,0.0
state: -5.1002418552630875,0.8793520440108771,0.0,2.8139265408348066,-0.7034816352087017,0.17587040880217542
goals: 0.0,0.0,0.0,0.0,0.0,0.0
goals: 0.0,0.0,0.0,0.0,0.0,0.0
state: -0.5276112264065262,0.7034816352087017,0.0,-0.5276112264065262,-0.7034816352087017,0.0
goals: 0.0,0.0,0.0,0.0,0.0,0.0
goals: 0.0,0.0,0.0,0.0,0.0,0.0
state: -1.0552224528130525,0.5276112264065262,0.17587040880217542,0.17587040880217542,-0.7034816352087017,0.0
goals: 0.0,0.0,0.0,0.0,0.0,0.0
goals: 0.0,0.0,0.0,0.0,0.0,0.0
state: -1.0552224528130525,0.5276112264065262,0.17587040880217542,0.17587040880217542,-0.7034816352087017,0.0
goals: 0.0,0.0,0.0,0.0,0.0,0.0
goals: 0.0,0.0,0.0,0.0,0.0,0.0
state: -1.0552224528130525,0.7034816352087017,0.35174081760435083,0.0,-0.17587040880217542,0.0
goals: 0.0,0.0,0.0,0.0,0.0,0.0
goals: 0.0,0.0,0.0,0.0,0.0,0.0
state: -1.0552224528130525,0.7034816352087017,0.35174081760435083,-0.35174081760435083,-0.17587040880217542,0.0
goals: 0.0,0.0,0.0,0.0,0.0,0.0
goals: 0.0,0.0,0.0,0.0,0.0,0.0
state: -1.0552224528130525,0.5276112264065262,0.17587040880217542,-0.35174081760435083,-0.17587040880217542,0.0
goals: 0.0,0.0,0.0,0.0,0.0,0.0
goals: 0.0,0.0,0.0,0.0,0.0,0.0
state: -1.0552224528130525,0.35174081760435083,0.17587040880217542,-0.35174081760435083,-0.17587040880217542,0.0
goals: 0.0,0.0,0.0,0.0,0.0,0.0
goals: 0.0,0.0,0.0,0.0,0.0,0.0
state: -1.0552224528130525,0.35174081760435083,0.0,-0.35174081760435083,-0.17587040880217542,0.0
goals: 0.0,0.0,0.0,0.0,0.0,0.0
goals: 0.0,0.0,0.0,0.0,0.0,0.0
state: -0.8793520440108771,0.17587040880217542,0.0,-0.5276112264065262,-0.17587040880217542,0.0
goals: 0.0,0.0,0.0,0.0,0.0,0.0
goals: 0.0,0.0,0.0,0.0,0.0,0.0
state: -0.8793520440108771,0.17587040880217542,0.0,-0.35174081760435083,-0.17587040880217542,0.0
goals: 0.0,0.0,0.0,0.0,0.0,0.0
goals: 0.0,0.0,0.0,0.0,0.0,0.0
state: -0.7034816352087017,0.17587040880217542,0.17587040880217542,-0.35174081760435083,-0.17587040880217542,0.0
goals: 0.0,0.0,0.0,0.0,0.0,0.0
goals: 0.0,0.0,0.0,0.0,0.0,0.0
state: -0.7034816352087017,0.17587040880217542,0.17587040880217542,-0.35174081760435083,-0.17587040880217542,0.0
goals: 0.0,0.0,0.0,0.0,0.0,0.0
goals: 0.0,0.0,0.0,0.0,0.0,0.0
state: -0.7034816352087017,0.17587040880217542,0.0,-0.35174081760435083,-0.17587040880217542,0.0
goals: 0.0,0.0,0.0,0.0,0.0,0.0
goals: 0.0,0.0,0.0,0.0,0.0,0.0
state: -0.7034816352087017,0.0,0.17587040880217542,-0.35174081760435083,-0.17587040880217542,0.0
goals: 0.0,0.0,0.0,0.0,0.0,0.0
goals: 0.0,0.0,0.0,0.0,0.0,0.0
state: -0.5276112264065262,0.0,0.0,-0.5276112264065262,-0.17587040880217542,0.0
goals: 0.0,0.0,0.0,0.0,0.0,0.0
goals: 0.0,0.0,0.0,0.0,0.0,0.0
state: -0.5276112264065262,0.0,0.0,-0.5276112264065262,-0.17587040880217542,0.0
goals: 0.0,0.0,0.0,0.0,0.0,0.0
goals: 0.0,0.0,0.0,0.0,0.0,0.0
state: -0.35174081760435083,0.0,0.0,-0.35174081760435083,0.0,0.0
goals: 0.0,0.0,0.0,0.0,0.0,0.0
goals: 0.0,0.0,0.0,0.0,0.0,0.0
state: -0.35174081760435083,0.0,0.0,-0.5276112264065262,0.0,0.0
goals: 0.0,0.0,0.0,0.0,0.0,0.0
goals: 0.0,0.0,0.0,0.0,0.0,0.0
state: -0.35174081760435083,0.0,0.0,-0.5276112264065262,-0.17587040880217542,0.0
goals: 0.0,0.0,0.0,0.0,0.0,0.0
goals: 0.0,0.0,0.0,0.0,0.0,0.0
state: -0.35174081760435083,0.0,0.0,-0.5276112264065262,0.0,0.0
goals: 0.0,0.0,0.0,0.0,0.0,0.0
goals: 0.0,0.0,0.0,0.0,0.0,0.0
state: -0.35174081760435083,0.0,0.0,-0.5276112264065262,-0.17587040880217542,0.0
goals: 0.0,0.0,0.0,0.0,0.0,0.0
goals: 0.0,0.0,0.0,0.0,0.0,0.0
state: -0.35174081760435083,0.0,0.0,-0.5276112264065262,-0.17587040880217542,0.0
goals: 0.0,0.0,0.0,0.0,0.0,0.0
goals: 0.0,0.0,0.0,0.0,0.0,0.0
state: -0.35174081760435083,0.0,0.0,-0.5276112264065262,0.0,0.0
goals: 0.0,0.0,0.0,0.0,0.0,0.0
goals: 0.0,0.0,0.0,0.0,0.0,0.0
state: -0.17587040880217542,0.0,0.0,-0.35174081760435083,0.0,0.0
goals: 0.0,0.0,0.0,0.0,0.0,0.0
goals: 0.0,0.0,0.0,0.0,0.0,0.0
state: -0.17587040880217542,0.0,0.0,-0.5276112264065262,0.0,0.0
goals: 0.001804303513614823,8.49142027744013e-08,1.161242053646361e-07,-9.895681874878145e-08,1.9175900832020758e-08,-2.4648533877287033e-08
goals: 2.654260125078201,0.00012491489418282674,0.00017082705073174538,-0.00014557259137807827,2.820912809670009e-05,-3.6259764567575185e-05
state: 2.110444905626105,0.0,0.0,-0.7034816352087017,0.0,0.0
goals: 5.284095703081227,0.00024868031937256863,0.0003400821480204619,-0.000289805621280107,5.6158675314104414e-05,-7.21858661613341e-05
goals: 7.915390589554411,0.00037251442259480914,0.0005094311657805405,-0.0004341186867873931,8.412373187031782e-05,-0.00010813190332246996
state: 6.15546430807614,0.0,0.0,-0.7034816352087017,0.0,-0.17587040880217542
goals: 10.551335500921754,0.0004965673654711262,0.0006790794571615401,-0.0005786867823753481,0.00011213820828054359,-0.00014414146432827445
goals: 13.422645798619458,0.0006316970833967204,0.0008638757645230643,-0.0007361634655147225,0.00014265411711247928,-0.00018336634451664914
state: 13.542021477767507,0.0,-0.17587040880217542,-0.7034816352087017,0.0,-0.17587040880217542
goals: 16.860523297365074,0.0007934906091750866,0.0010851360955429713,-0.0009247134616527387,0.00017919142776511197,-0.0002303310815214699
goals: 20.309775913314525,0.000955819471165759,0.0013071285242594454,-0.0011138873247859098,0.00021584963166979872,-0.00027745121364670196
state: 19.873356194645822,0.0,-0.17587040880217542,-0.7034816352087017,-0.17587040880217542,-0.17587040880217542
goals: 23.75166812289042,0.0011178019374227922,0.001528647240357815,-0.0013026575072778088,0.00025242961014199154,-0.00032447079549063147
goals: 27.17856321897341,0.0012790786089360046,0.0017492007486217009,-0.001490605174804529,0.00028885020126114957,-0.0003712855022361078
state: 27.435783773139363,-0.17587040880217542,-0.17587040880217542,-0.5276112264065262,-0.17587040880217542,-0.17587040880217542
goals: 30.62454865340324,0.0014412537107017676,0.0019709829029276424,-0.0016795998497429114,0.0003254736819896369,-0.00041836100149676806
goals: 34.06844298083132,0.0016033304007077413,0.0021926304744779228,-0.0018684798381582138,0.0003620749387074785,-0.0004654079342100683
state: 34.470600125226376,-0.17587040880217542,-0.35174081760435083,-0.5276112264065262,-0.17587040880217542,-0.17587040880217542
goals: 37.5008424974894,0.0017648661214780998,0.002413538244904716,-0.002056729394998487,0.00039855403008576094,-0.0005122978366728925
goals: 40.94068088413421,0.00192675193063974,0.0026349247778343268,-0.002245386935807875,0.00043511218079751555,-0.0005592893613059854
state: 41.5054164773134,-0.17587040880217542,-0.17587040880217542,-0.5276112264065262,-0.17587040880217542,-0.17587040880217542
goals: 44.3757693000757,0.002088414196493711,0.002856005604673324,-0.002433783965020183,0.00047161984944432136,-0.0006062159967378362
goals: 47.818569191180764,0.0022504393800944957,0.0030775827387681687,-0.002622603929201186,0.0005082094746366248,-0.0006532479783907517
state: 48.540232829400416,-0.17587040880217542,-0.17587040880217542,-0.5276112264065262,-0.17587040880217542,-0.17587040880217542
goals: 51.26019535617053,0.002412409325750774,0.0032990843323503294,-0.002811359520508347,0.0005447866256218887,-0.0007002639258079094
goals: 54.697871025616664,0.002574193353030727,0.0035203316737225173,-0.002999898447341639,0.0005813217912592274,-0.0007472259056289813
state: 55.57504918148744,-0.35174081760435083,-0.17587040880217542,-0.5276112264065262,-0.17587040880217542,-0.17587040880217542
goals: 58.13450428869278,0.002735928322541181,0.0037415119262648763,-0.0031883802035174223,0.0006178458783385368,-0.0007941736451692296
goals: 61.576361690625355,0.0028979091506795376,0.003963028402158151,-0.003377148476988125,0.0006544254868796667,-0.0008411927515070319
state: 62.258124715970105,-0.5276112264065262,-0.35174081760435083,-0.35174081760435083,0.0,-0.17587040880217542
goals: 65.01470936771518,0.0030597248040095935,0.00418431899365596,-0.003565724260003369,0.0006909677945260058,-0.0008881639116035102
goals: 68.4627919378041,0.0032219986012560547,0.00440623611871938,-0.0037548339521058494,0.0007276135633369175,-0.00093526805976883
state: 69.11707065925494,-0.5276112264065262,-0.35174081760435083,-0.17587040880217542,0.0,-0.17587040880217542
goals: 71.89895687986086,0.003383711530624314,0.004627386230320473,-0.003943290023269172,0.0007641326731619249,-0.0009822094015902773
goals: 75.33662532637705,0.0035454952179784544,0.004848633106827966,-0.004131828553961702,0.0008006677620349126,-0.0010291712827391292
state: 75.44840537613327,-0.7034816352087017,-0.35174081760435083,-0.17587040880217542,0.0,-0.17587040880217542
goals: 78.77129563785974,0.003707137806983974,0.005069687024642138,-0.004320202652283038,0.0008371709871224284,-0.0010760922064590424
goals: 82.21151284998247,0.003869041444445125,0.005291097938618098,-0.004508880969732207,0.0008737331639416215,-0.0011230889062151428
state: 82.48322172822027,-0.7034816352087017,-0.5276112264065262,-0.35174081760435083,0.17587040880217542,-0.17587040880217542
goals: 85.65153631560825,0.004030935963801032,0.005512496383152068,-0.004697548661177027,0.0009102932816484845,-0.0011700829592064075
goals: 89.09420037526367,0.004192954754896802,0.0057340647751926875,-0.004886361175697791,0.0009468814632419762,-0.0012171130852701368
state: 89.34216767150512,-0.7034816352087017,-0.5276112264065262,-0.35174081760435083,0.17587040880217542,-0.17587040880217542
goals: 92.53914192434549,0.004355080729289346,0.005955779745482406,-0.005075298598864285,0.0009834938496940504,-0.001264174324045701
goals: 95.98193100591612,0.004517105404171397,0.006177356183880222,-0.005264117970197615,0.0010200833600040413,-0.001311206158029905
state: 96.20111361478996,-0.7034816352087017,-0.5276112264065262,-0.35174081760435083,0.17587040880217542,-0.17587040880217542
goals: 99.41808778703226,0.004678817949469149,0.006398505770246653,-0.005452573593775088,0.0010566023830956436,-0.0013581473883649978
goals: 102.8486653112515,0.004840267923559839,0.0066192962780163905,-0.005640723223649542,0.001093062110577519,-0.0014050124006460903
state: 103.0600595580748,-0.7034816352087017,-0.5276112264065262,-0.35174081760435083,0.17587040880217542,-0.17587040880217542
goals: 106.28734252592112,0.00500209908560041,0.0068406080784124265,-0.00582931708011546,0.0011296079205059871,-0.0014519880625451411
goals: 109.72586623613205,0.00516392302340812,0.007061909999326906,-0.006017902517646992,0.0011661520990092237,-0.0014989616274245822
state: 109.91900550135963,-0.7034816352087017,-0.5276112264065262,-0.35174081760435083,0.17587040880217542,-0.17587040880217542
goals: 113.16889423424364,0.005325958942189798,0.0072835018142915,-0.006206734992330538,0.0012027441484928412,-0.0015459967252401802
goals: 116.61385443490406,0.005488085794363665,0.00750521798498887,-0.006395673438440717,0.0012393567331714433,-0.0015930582188143766
state: 116.95382185344666,-0.5276112264065262,-0.5276112264065262,-0.35174081760435083,0.17587040880217542,-0.17587040880217542
goals: 120.04746383555809,0.005649678454742129,0.007726203623034142,-0.00658398935122964,0.0012758486830379736,-0.0016399646494646358
goals: 123.48612058525957,0.005811508653659565,0.007947514106313546,-0.006772582085296732,0.001312394275467447,-0.0016869400317923962
state: 123.81276779673148,-0.5276112264065262,-0.5276112264065262,-0.35174081760435083,0.17587040880217542,-0.17587040880217542
goals: 126.92821046235149,0.005973500422552995,0.008169045544209025,-0.00696136310884082,0.001348976354724046,-0.0017339623139660811
goals: 130.37258182224724,0.006135599562679684,0.008390723817365673,-0.007150269260046965,0.001385582681280318,-0.0017810157634050052
state: 130.67171374001634,-0.5276112264065262,-0.5276112264065262,-0.35174081760435083,0.17587040880217542,-0.17587040880217542
goals: 133.8046749923272,0.00629712086615536,0.008611611871457226,-0.007338502015344382,0.0014220585168473923,-0.0018279014808768054
goals: 137.10007616849234,0.006452209165648426,0.008823702487061689,-0.0075192379139521325,0.0014570816078512251,-0.001872919853294218
state: 137.5306596833012,-0.35174081760435083,-0.35174081760435083,-0.17587040880217542,0.17587040880217542,-0.17587040880217542
goals: 139.73590054514023,0.006576256435915045,0.008993343020879502,-0.007663799398827259,0.0014850948032342794,-0.0019089277676789893
goals: 142.37078278951907,0.006700259367515842,0.009162922919465898,-0.007808309212566413,0.0015130979857592827,-0.0019449228116242942
state: 142.63090153856427,-0.35174081760435083,-0.35174081760435083,-0.17587040880217542,0.17587040880217542,-0.17587040880217542
goals: 145.0108429122813,0.006824505980632342,0.009332836064098878,-0.007953103006450161,0.0015411561980958732,-0.0019809885904042775
goals: 147.64767556765736,0.006948600702552041,0.009502541490306032,-0.008097719790256204,0.0015691801093328604,-0.002017010278853225
state: 148.0828842114317,-0.35174081760435083,-0.35174081760435083,-0.17587040880217542,0.17587040880217542,-0.17587040880217542
goals: 149.03624911298147,0.00701394980524186,0.009591909492044312,-0.00817387594669393,0.001583937686648528,-0.002035979538633945
goals: 149.03624911298147,0.00701394980524186,0.009591909492044312,-0.00817387594669393,0.001583937686648528,-0.002035979538633945
state: 149.66571789065128,-0.35174081760435083,-0.35174081760435083,-0.17587040880217542,0.17587040880217542,-0.17587040880217542
goals: 149.03624911298147,0.00701394980524186,0.009591909492044312,-0.00817387594669393,0.001583937686648528,-0.002035979538633945
goals: 149.03624911298147,0.00701394980524186,0.009591909492044312,-0.00817387594669393,0.001583937686648528,-0.002035979538633945
state: 149.66571789065128,-0.35174081760435083,-0.35174081760435083,-0.17587040880217542,0.17587040880217542,-0.17587040880217542
goals: 149.03624911298147,0.00701394980524186,0.009591909492044312,-0.00817387594669393,0.001583937686648528,-0.002035979538633945
goals: 149.03624911298147,0.00701394980524186,0.009591909492044312,-0.00817387594669393,0.001583937686648528,-0.002035979538633945
state: 149.66571789065128,-0.35174081760435083,-0.35174081760435083,-0.17587040880217542,0.17587040880217542,-0.17587040880217542
goals: 149.03624911298147,0.00701394980524186,0.009591909492044312,-0.00817387594669393,0.001583937686648528,-0.002035979538633945
goals: 149.03624911298147,0.00701394980524186,0.009591909492044312,-0.00817387594669393,0.001583937686648528,-0.002035979538633945
state: 149.66571789065128,-0.35174081760435083,-0.35174081760435083,-0.17587040880217542,0.17587040880217542,-0.17587040880217542
goals: 149.03624911298147,0.00701394980524186,0.009591909492044312,-0.00817387594669393,0.001583937686648528,-0.002035979538633945
goals: 149.03624911298147,0.00701394980524186,0.009591909492044312,-0.00817387594669393,0.001583937686648528,-0.002035979538633945
state: 149.66571789065128,-0.17587040880217542,-0.35174081760435083,-0.17587040880217542,0.17587040880217542,-0.17587040880217542
goals: 149.03624911298147,0.00701394980524186,0.009591909492044312,-0.00817387594669393,0.001583937686648528,-0.002035979538633945
goals: 149.03624911298147,0.00701394980524186,0.009591909492044312,-0.00817387594669393,0.001583937686648528,-0.002035979538633945
state: 149.66571789065128,-0.17587040880217542,-0.17587040880217542,-0.17587040880217542,0.17587040880217542,-0.17587040880217542
goals: 149.03624911298147,0.00701394980524186,0.009591909492044312,-0.00817387594669393,0.001583937686648528,-0.002035979538633945
goals: 149.03624911298147,0.00701394980524186,0.009591909492044312,-0.00817387594669393,0.001583937686648528,-0.002035979538633945
state: 149.4898474818491,-0.17587040880217542,-0.17587040880217542,-0.17587040880217542,0.17587040880217542,-0.17587040880217542
goals: 149.03624911298147,0.00701394980524186,0.009591909492044312,-0.00817387594669393,0.001583937686648528,-0.002035979538633945
goals: 149.03624911298147,0.00701394980524186,0.009591909492044312,-0.00817387594669393,0.001583937686648528,-0.002035979538633945
state: 149.66571789065128,-0.17587040880217542,-0.17587040880217542,-0.17587040880217542,0.17587040880217542,-0.17587040880217542
goals: 149.03624911298147,0.00701394980524186,0.009591909492044312,-0.00817387594669393,0.001583937686648528,-0.002035979538633945
goals: 149.03624911298147,0.00701394980524186,0.009591909492044312,-0.00817387594669393,0.001583937686648528,-0.002035979538633945
state: 149.4898474818491,-0.17587040880217542,-0.17587040880217542,-0.17587040880217542,0.17587040880217542,-0.17587040880217542
goals: 149.03624911298147,0.00701394980524186,0.009591909492044312,-0.00817387594669393,0.001583937686648528,-0.002035979538633945
goals: 149.03624911298147,0.00701394980524186,0.009591909492044312,-0.00817387594669393,0.001583937686648528,-0.002035979538633945
state: 149.4898474818491,-0.17587040880217542,-0.17587040880217542,-0.17587040880217542,0.17587040880217542,-0.17587040880217542
goals: 149.03624911298147,0.00701394980524186,0.009591909492044312,-0.00817387594669393,0.001583937686648528,-0.002035979538633945
goals: 149.03624911298147,0.00701394980524186,0.009591909492044312,-0.00817387594669393,0.001583937686648528,-0.002035979538633945
state: 149.4898474818491,0.0,-0.17587040880217542,-0.17587040880217542,0.17587040880217542,-0.17587040880217542
goals: 149.03624911298147,0.00701394980524186,0.009591909492044312,-0.00817387594669393,0.001583937686648528,-0.002035979538633945
goals: 149.03624911298147,0.00701394980524186,0.009591909492044312,-0.00817387594669393,0.001583937686648528,-0.002035979538633945
state: 149.4898474818491,0.0,-0.17587040880217542,-0.17587040880217542,0.17587040880217542,-0.17587040880217542
goals: 149.03624911298147,0.00701394980524186,0.009591909492044312,-0.00817387594669393,0.001583937686648528,-0.002035979538633945
goals: 149.03624911298147,0.00701394980524186,0.009591909492044312,-0.00817387594669393,0.001583937686648528,-0.002035979538633945
state: 149.4898474818491,0.0,-0.17587040880217542,-0.17587040880217542,0.17587040880217542,-0.17587040880217542
goals: 149.03624911298147,0.00701394980524186,0.009591909492044312,-0.00817387594669393,0.001583937686648528,-0.002035979538633945
goals: 149.03624911298147,0.00701394980524186,0.009591909492044312,-0.00817387594669393,0.001583937686648528,-0.002035979538633945
state: 149.4898474818491,0.0,-0.17587040880217542,-0.17587040880217542,0.17587040880217542,-0.17587040880217542
goals: 149.03624911298147,0.00701394980524186,0.009591909492044312,-0.00817387594669393,0.001583937686648528,-0.002035979538633945
goals: 149.03624911298147,0.00701394980524186,0.009591909492044312,-0.00817387594669393,0.001583937686648528,-0.002035979538633945
state: 149.4898474818491,0.0,-0.17587040880217542,-0.17587040880217542,0.17587040880217542,-0.17587040880217542
goals: 149.03624911298147,0.00701394980524186,0.009591909492044312,-0.00817387594669393,0.001583937686648528,-0.002035979538633945
goals: 149.03624911298147,0.00701394980524186,0.009591909492044312,-0.00817387594669393,0.001583937686648528,-0.002035979538633945
state: 149.4898474818491,0.0,-0.17587040880217542,-0.17587040880217542,0.17587040880217542,-0.17587040880217542
goals: 149.03621967935436,0.0070470063834187175,0.009576599394469582,-0.008185159449484891,0.0015810434986177596,-0.002023262649224917
goals: 148.63347001574334,0.4567956817955288,-0.1974903382492326,-0.16191611501021536,-0.038324013318265265,0.17007576533780724
state: 149.3139770730469,0.17587040880217542,-0.17587040880217542,-0.17587040880217542,0.17587040880217542,-0.17587040880217542
goals: 147.8218418488843,1.3476450180895474,-0.6002781959256908,-0.46768796041661587,-0.12043884024402424,0.505425844404378
goals: 146.98008001467414,2.250091842305521,-0.9981511049125721,-0.7791570059004091,-0.2076645244565328,0.8373937469795091
state: 147.55527298502517,2.462185723230456,0.0,-0.5276112264065262,-0.17587040880217542,-0.17587040880217542
goals: 146.11945644392748,3.150644350552988,-1.3847616969585355,-1.0916958824619563,-0.29860813467870323,1.1605823310217394
goals: 145.23068183262737,4.0577062640128725,-1.7633764893706518,-1.4082355865896086,-0.39398006964565585,1.477611457913871
state: 145.79656889700343,4.22088981125221,-1.0552224528130525,-0.8793520440108771,-0.5276112264065262,0.7034816352087017
goals: 144.33698179338032,4.9468111153475975,-2.1237088339564942,-1.7202059612718132,-0.49096117308320564,1.779744547822024
goals: 143.4276853434411,5.82831537843638,-2.470124099739649,-2.0311681083036226,-0.5903467839439657,2.0705131772575487
state: 144.03786480898168,5.979593899273965,-1.9345744968239293,-1.5828336792195785,-0.5276112264065262,1.5828336792195785
goals: 142.50656552053727,6.698047661235163,-2.8010262336345297,-2.3395953988725338,-0.6913688208009572,2.3484603793552297
goals: 141.58911218500532,7.541601103314281,-3.1113179762588032,-2.6402724975218,-0.7919683518775126,2.6091909667666706
state: 141.75154949455336,7.738297987295717,-2.638056132032631,-1.9345744968239293,-0.8793520440108771,1.9345744968239293
goals: 140.66709257427152,8.36702854152139,-3.4044618530847863,-2.935947633901545,-0.8927056331966466,2.855512811884878
goals: 139.7452420030946,9.17043090033777,-3.679492334334763,-3.22511521725043,-0.9927419044937523,3.0865274996560164
state: 139.99284540653164,9.497002075317472,-2.9897969496369825,-2.286315314428281,-1.0552224528130525,2.462185723230456
goals: 138.8276401725494,9.94889351046716,-3.935962243648378,-3.5066017009183272,-1.0913457825381288,3.30178739848976
goals: 137.89907001213095,10.715567742435642,-4.178554644630296,-3.785065498355413,-1.1898648868288784,3.50516030034903
state: 138.05827090970772,10.903965345734875,-3.693278584845684,-2.9897969496369825,-1.231092861615228,2.8139265408348066
goals: 136.9640215820147,11.466619627164295,-4.406220849802718,-4.059040507452775,-1.287525456259021,3.695710239375181
goals: 136.02359283827974,12.201234747552931,-4.618966165544214,-4.328145184586583,-1.3839370319584723,3.873396851314266
state: 136.1236964128838,12.486799024954456,-4.396760220054386,-3.3415377672413324,-1.4069632704174033,3.165667358439157
goals: 135.08750616330434,12.9122353317392,-4.815124869834042,-4.589648730509974,-1.4778731758761294,4.036801165731573
goals: 134.15192731041077,13.603127761771267,-4.996155431560357,-4.844733234510898,-1.5695266133252312,4.187125370432531
state: 134.18912191605986,13.717891886569682,-4.748501037658736,-3.5174081760435083,-1.5828336792195785,3.5174081760435083
goals: 133.19955514505287,14.286606116093196,-5.165535206518467,-5.098013558368749,-1.660336857371505,4.327236845557292
goals: 132.25323406913682,14.946366127699998,-5.319451986861854,-5.34336906149755,-1.7479030881065696,4.453975478105007
state: 132.07867701043372,15.124855156987085,-5.276112264065262,-3.8691489936478587,-1.7587040880217542,3.8691489936478587
goals: 131.29571575924035,15.594695941878614,-5.461083494162643,-5.585283488352247,-1.8336310545274952,4.569965498152572
goals: 130.33774980871314,16.224377262455295,-5.589053006770365,-5.820988183939363,-1.9163511274041125,4.674088775159722
state: 130.1441025136098,16.531818427404488,-5.451982672867437,-4.22088981125221,-1.9345744968239293,4.045019402450034
goals: 129.3733847473305,16.839525340359028,-5.704465564558872,-6.051943389226784,-1.9964020185325446,4.767267722151827
goals: 128.4044272750207,17.439066466297636,-5.807317443759126,-6.277671942084335,-2.0734479699117596,4.849525933420902
state: 128.20952801678587,17.587040880217543,-5.803723490471789,-4.396760220054386,-2.110444905626105,4.22088981125221
goals: 127.42594849230515,18.02604152646579,-5.898276676674761,-6.499248196918208,-2.1476864741742863,4.92142865497368
goals: 126.44184361104645,18.598075328709974,-5.9770998098818,-6.71570640558296,-2.218628924476614,4.982821031819455
state: 126.27495351996194,18.642263333030595,-5.803723490471789,-4.572630628856562,-2.110444905626105,4.396760220054386
goals: 125.46345354458353,19.14896093058985,-6.043281613995367,-6.924618225455475,-2.285361586550861,5.0333788152235215
goals: 124.47494779492862,19.687863248133446,-6.098195854555638,-7.129385112097594,-2.348850821838027,5.074223051389957
state: 124.34037902313801,19.697485785843647,-6.15546430807614,-4.748501037658736,-2.286315314428281,4.396760220054386
goals: 123.47568112534924,20.214945786381023,-6.141877695713867,-7.330006208784229,-2.4089349403989457,5.105429881712117
goals: 122.48187927374497,20.721871088472486,-6.173884999598674,-7.523237986396569,-2.4645376670767503,5.126776612734755
state: 122.22993411751192,20.7527082386567,-6.15546430807614,-4.924371446460912,-2.462185723230456,4.572630628856562
goals: 121.47396418919845,21.21875850099037,-6.195050971451952,-7.712870208482646,-2.516640222853599,5.138919355951973
goals: 120.47256755996439,21.695590439456815,-6.205150234264039,-7.895014429036068,-2.5640776665436515,5.141854072071976
state: 120.1194892118858,21.80793069146975,-6.15546430807614,-5.1002418552630875,-2.638056132032631,4.572630628856562
goals: 119.45410879622706,22.16367590326295,-6.204576366248996,-8.07392655156936,-2.6078560301718,5.135857393894939
goals: 118.44050883314416,22.612973144621066,-6.193459840328129,-8.245706814673378,-2.64691836932842,5.121239393251576
state: 118.1849147150619,22.687282735480625,-6.15546430807614,-5.276112264065262,-2.8139265408348066,4.572630628856562
goals: 117.41927399761319,23.049283895362418,-6.171923160524377,-8.412512297980673,-2.681701055878876,5.098122589178641
goals: 116.39399241095505,23.471118188842937,-6.140155245500007,-8.57371445925011,-2.7119838257641278,5.066776198418746
state: 116.07446980943575,23.566634779491505,-6.15546430807614,-5.803723490471789,-2.638056132032631,4.572630628856562
goals: 115.36440173613931,23.878705669300864,-6.098304998255176,-8.729343964176397,-2.7377056924715135,5.027420537698667
goals: 114.33106621142427,24.271944876356653,-6.04654658156595,-8.87930692283875,-2.7587912073587404,4.980305330921857
state: 113.96402490380967,24.270116414700208,-6.15546430807614,-5.979593899273965,-2.8139265408348066,4.572630628856562
goals: 113.29363654534814,24.65109429273795,-5.985010186446257,-9.023648806842528,-2.7751943554994822,4.9256442954485244
goals: 112.25114473985182,25.016598306599683,-5.9137591321695915,-9.162487108496743,-2.7868734537560758,4.863599635748191
state: 111.85357999818356,25.149468458711084,-6.15546430807614,-6.331334716878314,-2.8139265408348066,4.572630628856562
goals: 111.20394889792696,25.368406583235355,-5.832923958632336,-9.295752617654063,-2.7937691617710083,4.794399209907758
goals: 110.15811506807466,25.70469163407584,-5.743154831437822,-9.422708849168547,-2.795835787718968,4.718709758089973
state: 109.91900550135963,25.852950093919787,-6.15546430807614,-6.50720512568049,-2.8139265408348066,4.572630628856562
goals: 109.09844555271616,26.030350835212154,-5.643204284116209,-9.545156595656223,-2.7930396209535466,4.635610960803668
goals: 108.0454085549391,26.339209204803307,-5.535116973451951,-9.660732034730119,-2.7854114322553247,4.546930888626043
state: 107.63269018693136,26.38056132032631,-6.15546430807614,-6.858945943284841,-2.8139265408348066,4.572630628856562
goals: 106.98583037196174,26.635398068045323,-5.4177398896408455,-9.77094756460802,-2.772888585542329,4.451845575903883
goals: 105.91814512735903,26.919310506832552,-5.290909137739627,-9.875905084173757,-2.755387828021756,4.350373637343738
state: 105.34637487250308,26.90817254673284,-6.15546430807614,-7.034816352087017,-2.8139265408348066,4.572630628856562
goals: 104.84977845850469,27.18904316468097,-5.155579931961561,-9.974864207269016,-2.7330102749900784,4.24342646881129
goals: 103.78066165051933,27.44482923813965,-5.011896501064649,-10.067884515507762,-2.7057885962129316,4.131256437855706
state: 103.23592996687697,27.435783773139363,-5.979593899273965,-7.210686760889191,-2.9897969496369825,4.396760220054386
goals: 102.7026598478988,27.688661728679,-4.8588148456745195,-10.15565769081381,-2.6734975275345607,4.013207068511941
goals: 101.62514328673822,27.918486471877603,-4.697720993533021,-10.237415118086945,-2.6364112436009974,3.890507815498592
state: 101.30135547005302,27.96339499954589,-5.276112264065262,-7.386557169691368,-2.8139265408348066,4.22088981125221
goals: 100.54467095157116,28.13521372887907,-4.5282158737828855,-10.313462524803528,-2.5944483352836056,3.7630075161178875
goals: 99.45976935138803,28.339215492008915,-4.3501211144581875,-10.383907873409587,-2.5475589631796938,3.630739170221322
state: 99.19091056442693,28.491006225952418,-5.1002418552630875,-7.562427578493542,-2.8139265408348066,3.8691489936478587
goals: 98.37138828274465,28.530373517376383,-4.163631666504508,-10.448689360708428,-2.495790737189913,3.4940206012450474
goals: 97.28318929930042,28.708186758565155,-3.9694569419006016,-10.507627345652422,-2.4393577123499464,3.3535373298718243
state: 96.72872484119647,28.842747043556763,-4.572630628856562,-7.738297987295717,-2.8139265408348066,3.693278584845684
goals: 96.19590406044348,28.872748689054195,-3.767846419045822,-10.560754629230708,-2.3783672664839117,3.2096268760304234
goals: 95.09732189346681,29.025908935761173,-3.5565279674855477,-10.608650070251995,-2.3121339623029145,3.060858635636044
state: 94.61827993557037,29.01861745235894,-4.22088981125221,-7.914168396097894,-2.8139265408348066,3.3415377672413324
goals: 93.99332691824861,29.166730309854945,-3.3365524071268777,-10.650989712774196,-2.240974761424393,2.9081872302166625
goals: 92.89570189697152,29.293903225604357,-3.1103627884978895,-10.687394282189613,-2.1657244891490794,2.7534754717463286
state: 92.33196462114209,29.19448786116112,-3.693278584845684,-8.090038804900068,-2.638056132032631,2.9897969496369825
goals: 91.79435784977592,29.408808877180608,-2.8759825812388096,-10.718282453843047,-2.0857773684059353,2.5955361698468367
goals: 90.69132259465256,29.511304042834592,-2.633858096479027,-10.743620560522922,-2.001319864202746,2.434861314272726
state: 90.39739012431816,29.370358269963294,-2.8139265408348066,-8.090038804900068,-2.638056132032631,2.638056132032631
goals: 89.58013382684665,29.601973794261614,-2.3825323070474895,-10.76354592020339,-1.9118711749072976,2.27069557402914
goals: 88.46873328579305,29.680176149950942,-2.1237715380558146,-10.777917527859247,-1.818095869381413,2.1044031791352977
state: 87.9352044010877,29.722099087567646,-2.638056132032631,-8.265909213702244,-2.638056132032631,2.286315314428281
goals: 87.35893457465824,29.745947148954407,-1.8580576745958826,-10.786786519114642,-1.7202301619834783,1.936472198279688
goals: 86.24777389109597,29.799599186328905,-1.5847215478896912,-10.79024220507585,-1.618089726964348,1.7666639068815178
state: 85.82475949546159,29.722099087567646,-1.9345744968239293,-8.265909213702244,-2.110444905626105,2.110444905626105
goals: 85.13804482221668,29.841123129186403,-1.304481193087409,-10.788339594484219,-1.512007512202631,1.5956104642149322
goals: 84.0191220314968,29.87090919703511,-1.0146004028510323,-10.781068165393103,-1.4010023222394294,1.421863385315151
state: 83.53844418103331,29.897969496369818,-1.231092861615228,-8.44177962250442,-1.7587040880217542,1.7587040880217542
goals: 82.89279109744588,29.88875366477954,-0.7153941445007179,-10.768384615189289,-1.2852398379111387,1.2458766277424251
goals: 81.77215056065221,29.89452728833161,-0.41033333057824023,-10.750488442957618,-1.166136039396908,1.0698962744370148
state: 81.42799927540722,29.897969496369818,-0.5276112264065262,-8.44177962250442,-1.5828336792195785,1.4069632704174033
goals: 80.65066142456824,29.8884404114988,-0.09768672010056814,-10.727373547075612,-1.0431005171022016,0.8931002336927849
goals: 79.53230236834665,29.870640805490872,0.22142108197977609,-10.699200776064275,-0.9166597932940708,0.7163130081681008
state: 79.31755436978112,29.897969496369818,0.0,-8.44177962250442,-1.4069632704174033,1.0552224528130525
goals: 78.40884726362364,29.841051957924247,0.5493697151491245,-10.665813401841126,-0.7859533989031763,0.5384271117689364
goals: 77.28850706933068,29.799936175724902,0.8838027757050743,-10.62750520107805,-0.6520057890170508,0.36093341285958536
state: 76.85536864655066,29.897969496369818,0.8793520440108771,-8.44177962250442,-0.8793520440108771,0.7034816352087017
goals: 76.16295560239368,29.747024054453153,1.2272559548263267,-10.584040177381581,-0.5138903295497936,0.18270365683032536
goals: 75.04095460523001,29.682766467160754,1.5771067926380276,-10.53580946759183,-0.37275395458621496,0.005314322566063646
state: 74.74492374092455,29.897969496369818,1.231092861615228,-8.617650031306594,-0.7034816352087017,0.35174081760435083
goals: 73.91776520057999,29.60698361275236,1.9348527471835417,-10.482687530269516,-0.228090350288269,-0.1717971016410992
goals: 72.79979865754868,29.520219127239223,2.298460514150182,-10.42506634150353,-0.08082201280030135,-0.347437504580471
state: 72.2827380176941,29.897969496369818,2.286315314428281,-8.617650031306594,-0.35174081760435083,0.0
goals: 71.67160847017405,29.421239448562364,2.673062801412725,-10.362180644866408,0.07102878988303667,-0.5238431475917507
goals: 70.53466923328648,29.309921618101335,3.05843001359021,-10.294057426093074,0.22726443165716784,-0.7005732143481495
state: 70.17229311206799,29.546228678765473,3.165667358439157,-8.793520440108772,0.0,-0.35174081760435083
goals: 69.40146548140031,29.187440347985664,3.450456803695316,-10.221477887458876,0.3861095047035504,-0.8754911481726079
goals: 68.27017549696245,29.05370695843937,3.8497956186252806,-10.14442489314786,0.5477151902312706,-1.0486994340632985
state: 67.71010738883754,29.19448786116112,3.693278584845684,-8.793520440108772,0.35174081760435083,-0.7034816352087017
goals: 67.13995704778709,28.90868056991003,4.25680212164378,-10.062923040786488,0.7121097058900658,-1.2201455027353947
goals: 66.00289770769716,28.751267272715435,4.674484180170781,-9.976432659614614,0.8803848825112234,-1.390828797053591
state: 65.77553289201362,28.842747043556763,4.748501037658736,-8.793520440108772,0.7034816352087017,-1.0552224528130525
goals: 64.87077708486252,28.583068729546238,5.098641187806285,-9.885903242924256,1.0507237412495005,-1.558788137269503
goals: 63.738248328912654,28.403352625922512,5.531340028888671,-9.790998889327922,1.2238328348300045,-1.724640094267579
state: 63.489217577585315,28.491006225952418,5.627853081669613,-8.969390848910946,1.0552224528130525,-1.4069632704174033
goals: 62.60551443880517,28.212127544462167,5.972631751333127,-9.691798326067971,1.399602115274118,-1.8881640579543408
goals: 61.472988082649564,28.009441570099792,6.422485768558174,-9.588403250225545,1.5778860581576317,-2.0491104873671273
state: 61.02703185435487,28.139265408348066,6.50720512568049,-9.145261257713123,1.231092861615228,-1.7587040880217542
goals: 60.33992042458168,27.795126528704536,6.881342334744438,-9.480809354736502,1.7587218024531923,-2.207393450985921
goals: 59.20728712800229,27.569328916620663,7.348955269599751,-9.369175031205947,1.9418717038688793,-2.3626838317324976
state: 58.91658694872876,27.61165418194154,7.210686760889191,-9.145261257713123,1.9345744968239293,-2.110444905626105
goals: 58.07176523905384,27.331304586948136,7.826882918763014,-9.253226596980301,2.127797673468357,-2.5152328766293195
goals: 56.94095543670129,27.082623070722533,8.312070313072857,-9.13381699992386,2.31516639537509,-2.663831503315381
state: 56.45440122549831,26.90817254673284,8.617650031306594,-9.145261257713123,2.286315314428281,-2.462185723230456
goals: 55.80668196778606,26.821444715865415,8.808187231083705,-9.010156926881173,2.5052448911803746,-2.809361051058155
goals: 54.67455339106193,26.548974801409635,9.312981226126658,-8.882920009725632,2.6970118585674423,-2.950896430353005
state: 54.16808591107003,26.38056132032631,9.321131666515297,-9.145261257713123,2.638056132032631,-2.638056132032631
goals: 53.54104538142301,26.264299535813524,9.828211714037053,-8.751782582738496,2.8909765844771758,-3.0886787010541035
goals: 52.40963358430999,25.968219919844177,10.352495310492284,-8.617220163303864,3.0864556196940933,-3.222084449966407
state: 51.88177059664175,25.852950093919787,10.552224528130523,-9.145261257713123,2.9897969496369825,-2.9897969496369825
goals: 51.271670269276285,25.658309423296046,10.890117642330889,-8.478253730496581,3.284865348765079,-3.351899220261767
goals: 50.141825349156655,25.338486532971615,11.43435619543607,-8.336753372558597,3.483555033201402,-3.476247066999097
state: 49.77132569101564,25.501209276315436,11.4315765721414,-8.793520440108772,3.3415377672413324,-3.165667358439157
goals: 49.02170503224946,25.009383914858805,11.984426924563179,-8.193074199230928,3.6821131471415383,-3.5948477221327853
goals: 47.908203973154954,24.67023791739379,12.541867928377018,-8.046962517371355,3.88096672384219,-3.707922361083012
state: 47.66088078538953,24.797727641106732,12.486799024954456,-8.44177962250442,3.8691489936478587,-3.5174081760435083
goals: 46.79547810727046,24.319265676304195,13.109752157759319,-7.897754880345101,4.081054899546955,-3.8159006387410703
goals: 45.698974830233226,23.961486670554702,13.680207272493307,-7.74766522009347,4.279479473956536,-3.917188108040407
state: 45.37456547096125,23.91837559709586,13.542021477767507,-8.265909213702244,4.22088981125221,-3.693278584845684
goals: 44.598974352524785,23.59053925103023,14.263571614237902,-7.594118140012252,4.479696341614783,-4.01348331048836
goals: 43.498126293126084,23.20710047378628,14.858787744961223,-7.437537325159289,4.681137196019952,-4.104305883473198
state: 43.264120565335155,22.8631531442828,14.948984748184909,-7.914168396097894,4.748501037658736,-3.8691489936478587
goals: 42.400571647411454,22.81250001459788,15.463872530145903,-7.278594194675162,4.882945578147886,-4.189112216991768
goals: 41.30522174600205,22.406276689181293,16.07964494175663,-7.11722600518503,5.085217052884616,-4.267805471945251
state: 40.977805250906876,22.1596715090741,16.355948018602312,-7.562427578493542,4.924371446460912,-3.8691489936478587
goals: 40.21700489114053,21.99024727647203,16.703498517844896,-6.954267949036944,5.286931576686116,-4.339881631577922
goals: 39.12488669066988,21.560069236441144,17.34203632872293,-6.788155166703276,5.490028977695269,-4.405867532716895
state: 38.86736034528077,21.632060282667577,17.587040880217543,-7.386557169691368,5.627853081669613,-4.045019402450034
goals: 38.03625853379489,21.11845567328466,17.991291107244315,-6.620087099182297,5.69303003646417,-4.46507625643161
goals: 36.958631290083105,20.668513404058153,18.64688303950107,-6.451350255784261,5.894416365468316,-4.516993671285969
state: 36.75691543965466,20.40096742105235,18.46639292422842,-7.034816352087017,5.979593899273965,-4.22088981125221
goals: 35.879346455471165,20.204916188137936,19.316716025277252,-6.280071629325042,6.096437897830107,-4.562074519998992
goals: 34.80151795558939,19.7287810430676,19.99924694281981,-6.106824806684318,6.298397983339874,-4.599939791125725
state: 34.2947297164242,19.52161537704147,20.049226603448,-6.683075534482665,6.15546430807614,-4.396760220054386
goals: 33.72712559500372,19.2408447328472,20.69353130512443,-5.93202457226139,6.4998064061694585,-4.630316487269401
goals: 32.660567346238196,18.743078541595487,21.396921995011688,-5.7565020138240195,6.699716413899676,-4.652941401351404
state: 32.36015521960027,18.46639292422842,21.80793069146975,-6.15546430807614,6.858945943284841,-4.396760220054386
goals: 31.593253951668338,18.231360286104785,22.115374124486372,-5.5789476779849405,6.89961274599438,-4.667811221107572
goals: 30.532812961357813,17.709206171563004,22.844075896520856,-5.400732107308585,7.09793866504824,-4.674621368664786
state: 30.24971031397417,17.411170471415367,23.039023553084977,-5.979593899273965,7.034816352087017,-4.396760220054386
goals: 29.473230484013627,17.17353746171773,23.587461828066388,-5.220951770354508,7.295687244207903,-4.67322747215568
goals: 28.4191608918071,16.62655372024865,24.34261112711297,-5.040500629940846,7.49185395159652,-4.663434352222475
state: 27.96339499954589,16.707688836206664,24.270116414700208,-5.451982672867437,7.386557169691368,-4.396760220054386
goals: 27.369111243314933,16.06738135731584,25.110881513035675,-4.859235444021392,7.686579119782313,-4.645061930098049
goals: 26.322166827706106,15.495374845634096,25.893300853588737,-4.677105935291207,7.8798883498440375,-4.61789499320176
state: 26.20469091152414,15.300725565789259,26.02882050272196,-5.276112264065262,7.738297987295717,-4.22088981125221
goals: 25.27294799666927,14.90729605417104,26.694413874204557,-4.4932736179638075,8.072616952246822,-4.58151056946243
goals: 24.241872371818307,14.314599243986553,27.49880351248156,-4.311441024539242,8.260874384951606,-4.536528260703569
state: 23.91837559709586,14.069632704174033,27.435783773139363,-4.924371446460912,8.090038804900068,-4.396760220054386
goals: 23.206556867952344,13.704376453375367,28.32416769207163,-4.1277829385029,8.448599637511302,-4.4818545486228585
goals: 22.176789592686706,13.08207432927406,29.163271287407913,-3.944138385600796,8.633842222664391,-4.417716301600498
state: 21.983801100271926,12.838539842558804,29.19448786116112,-4.572630628856562,8.617650031306594,-4.396760220054386
goals: 21.15104902597332,12.446620377462287,30.01772862090898,-3.760352610273965,8.816709687764831,-4.343838992900605
goals: 20.320513151496574,11.920437840177895,30.723653676828288,-3.6109868331864474,8.96343454208439,-4.276493685362758
state: 20.049226603448,11.607446980943578,30.777321540380697,-4.22088981125221,8.969390848910946,-4.396760220054386
goals: 19.891133374717445,11.644239061268028,31.093679848060354,-3.533591942090047,9.038779955868867,-4.238972204262843
goals: 18.937826631846193,11.02068300001194,31.92788216187091,-3.3613866093237714,9.204721496369096,-4.148923198253414
state: 18.642263333030595,10.552224528130523,32.1842848107981,-4.045019402450034,9.145261257713123,-4.396760220054386
goals: 17.928186650863193,10.344414601560395,32.83097489298339,-3.178528258189402,9.378288670676666,-4.0431564001725375
goals: 16.9087328651737,9.64458379098291,33.764035249808785,-2.9935085044030645,9.551040475847627,-3.9251668327179137
state: 16.88355924500884,9.321131666515297,33.942988898819856,-3.693278584845684,9.497002075317472,-4.22088981125221
goals: 15.896608361909758,8.932438213356663,34.712236922221464,-2.809557083428232,9.71981835979813,-3.7965380510550566
goals: 14.876237586370278,8.196503064334316,35.69104511768267,-2.6239689668665096,9.886951803947543,-3.654896379733274
state: 14.59724393058056,7.914168396097894,35.70169298684161,-2.9897969496369825,9.848742892921823,-4.396760220054386
goals: 13.865125529186205,7.448920981688917,36.68450996890071,-2.4400579421327913,10.049300174133103,-3.5023044212997942
goals: 12.857146961048723,6.684964361995125,37.69913808956947,-2.2568436902538793,10.207612694345599,-3.3376655895464733
state: 12.662669433756628,6.15546430807614,37.988008301269886,-2.638056132032631,10.200483710526175,-3.8691489936478587
goals: 11.86361462378154,5.91314783297109,38.72385210579921,-2.076514054645411,10.359900060973432,-3.1627563237517093
goals: 10.877987761047558,5.128459481168223,39.76554157165021,-1.8980099633812955,10.50697376348724,-2.976447967123812
state: 10.37635411932835,4.924371446460912,39.746712389291645,-2.286315314428281,10.552224528130523,-3.5174081760435083
goals: 9.892655120629344,4.32449052969506,40.832951432926826,-1.7200890033113196,10.64968401564593,-2.777051077305598
goals: 8.933727691470914,3.5227436686684124,41.89776660482014,-1.547584099677561,10.784082050098544,-2.569975624541157
state: 8.793520440108772,3.3415377672413324,42.033027703719924,-1.9345744968239293,10.728094936932699,-3.165667358439157
goals: 7.995184385343673,2.7189965271801566,42.965808610675765,-1.379501915367115,10.910992629928707,-2.354469621668798
goals: 7.076453691992969,1.9133917401428602,44.03709055803171,-1.2158254075377308,11.030442946274798,-2.1308368354197658
state: 6.858945943284841,1.5828336792195785,44.143472609346034,-1.7587040880217542,11.07983575453705,-2.8139265408348066
goals: 6.1823515076971125,1.1109306056826975,45.10514303455372,-1.0574802259552436,11.141806260475358,-1.9007900448085513
goals: 5.314631701620257,0.3141927712752763,46.16668392962457,-0.9048208153748685,11.244939344303429,-1.6654795547368795
state: 5.1002418552630875,0.0,46.078047106169954,-1.5828336792195785,11.255706163339227,-2.286315314428281
goals: 4.463281674107256,-0.4852482976474874,47.233089261559535,-0.7561315992382049,11.341056672131042,-1.4227340268454254
goals: 3.6301806775902334,-1.285097143422153,48.30144908860127,-0.611791967595678,11.429914519387633,-1.1734796959627742
state: 3.3415377672413324,-1.5828336792195785,48.36436242059823,-1.0552224528130525,11.255706163339227,-1.9345744968239293
goals: 2.805425433260024,-2.0945728658660454,49.384242073118834,-0.4701473636949564,11.51247075279117,-0.9149879796673599
goals: 1.9974439388924696,-2.9051508317287036,50.47022712165077,-0.3327035074538342,11.587776445548577,-0.6501159592845382
state: 1.7587040880217542,-3.165667358439157,50.474807326224344,-0.8793520440108771,11.607446980943578,-1.231092861615228
goals: 1.2051494104278846,-3.7174205058287386,51.560326078548464,-0.19930975463198922,11.655910591039484,-0.37889224903182545
goals: 0.46026346161692233,-4.497329795094975,52.608843560149786,-0.07524802077186138,11.714481017690575,-0.11323945409570407
state: 0.35174081760435083,-4.748501037658736,52.40938182304828,-0.7034816352087017,11.607446980943578,-0.7034816352087017
goals: 0.10006804024797787,-4.8802558293260345,53.12434527003924,-0.015756062426076523,11.740797512984228,0.019004275495492776
goals: -6.828865764130463e-05,-4.996035024102651,53.21159829428924,0.0007231392268566986,11.81357665517249,0.05621242359106645
state: -0.17587040880217542,-5.1002418552630875,52.936993049454806,-0.5276112264065262,11.607446980943578,-0.5276112264065262
goals: -7.194038695401384e-05,-5.103907989614418,52.52842750896625,0.0007251987416588452,12.604620406022324,0.05620696359877466
goals: -7.726557961512511e-05,-5.274859198605002,51.53885458422128,0.0007282359863154609,13.76514453978013,0.05619893113006121
state: -0.17587040880217542,-5.276112264065262,52.40938182304828,-0.5276112264065262,14.245503112976209,-0.5276112264065262
goals: -8.255368342882992e-05,-5.460961983189665,50.56418936812258,0.0007312935411977232,14.925912540485934,0.056190870210739895
goals: -8.787683857092728e-05,-5.665119461154793,49.59134849997086,0.0007344150022539699,16.102910886625697,0.05618266883114471
state: -0.35174081760435083,-5.803723490471789,50.29893691742217,-0.35174081760435083,16.355948018602312,-0.5276112264065262
goals: -9.309784786903982e-05,-5.882128093460747,48.64547514984918,0.0007375210288985475,17.26579286907615,0.05617453789953722
goals: -9.830665006353328e-05,-6.1155572793857305,47.71023936480659,0.0007406656517058968,18.434457840066813,0.056166338044151325
state: -0.35174081760435083,-6.15546430807614,48.36436242059823,-0.35174081760435083,18.46639292422842,-0.5276112264065262
goals: -0.00010346144508909957,-6.363594945015948,46.79323040536662,0.000743824779507617,19.59950446516023,0.05615813455757728
goals: -0.00010857694176781365,-6.626873100108464,45.89185342786133,0.0007470082056109398,20.764159597781372,0.05614990422011938
state: -0.35174081760435083,-6.683075534482665,46.078047106169954,-0.35174081760435083,20.928578647458874,-0.5276112264065262
goals: -0.00011367713234508188,-6.9067430962515655,45.00200578284486,0.0007502321975008804,21.933877238964588,0.05614160760000642
goals: -0.00011873361125466069,-7.201739747289316,44.128763075623716,0.0007534800912508209,23.102116597247313,0.05613329017698255
state: -0.35174081760435083,-7.210686760889191,44.3193430181482,-0.35174081760435083,23.39076437068933,-0.5276112264065262
goals: -0.00012374704560314022,-7.511849073118466,43.27206059110014,0.0007567531949645824,24.268928407624056,0.05612495087508076
goals: -0.000128724448778951,-7.837487364813972,42.4307738408499,0.0007600570841915049,25.43585344959397,0.056116577846106776
state: -0.35174081760435083,-8.090038804900068,42.73650933892863,-0.35174081760435083,25.677079685117608,-0.5276112264065262
goals: -0.00013366090712565803,-8.178323737238761,41.60581667517005,0.0007633895322157399,26.601646987722997,0.05610817911202426
goals: -0.0001385798697961548,-8.536062954358025,40.79340958134543,0.000766767723620818,27.771793298691527,0.0560997140074937
state: -0.35174081760435083,-8.617650031306594,40.8019348421047,-0.35174081760435083,27.78752459074372,-0.5276112264065262
goals: -0.00014341676367078074,-8.905864956193788,40.00423869808776,0.0007701479443578889,28.930766183809627,0.05609129408779406
goals: -0.00014681965479782086,-9.176961543131524,39.45495936288046,0.00077256202178201,29.751142105972214,0.056085312021457265
state: -0.35174081760435083,-9.321131666515297,39.746712389291645,-0.35174081760435083,29.897969496369818,-0.5276112264065262
goals: -0.000148151543570009,-9.285563665832647,39.241333859753524,0.0007735152076722068,30.07336973180718,0.05608295727751112
goals: -0.0001493080471725601,-9.381013817571104,39.05646880755677,0.0007743467355939473,30.353684935748444,0.05608090644453788
state: -0.35174081760435083,-9.321131666515297,39.21910116288512,-0.35174081760435083,30.24971031397417,-0.5276112264065262
goals: -0.00014999208512884066,-9.437974433617441,38.947403900946235,0.000774840261873885,30.519710458408905,0.05607969072657074
goals: -0.3113759864582704,-9.053398214067144,38.398087606153034,0.16212909608857418,30.684250038812696,-0.25610951233693335
state: -0.5276112264065262,-9.145261257713123,38.69148993647859,-0.35174081760435083,30.601451131578518,-0.5276112264065262
goals: -0.9970295565522761,-8.214426085257319,37.21243314682943,0.5180290544471488,31.028992220939262,-0.9455027757361146
goals: -1.7484928940264335,-7.312755920513683,35.94093398776491,0.908749216430737,31.394261099810517,-1.7035934221054638
state: -1.9345744968239293,-7.386557169691368,35.87756339564378,0.8793520440108771,31.832543993193752,-0.7034816352087017
goals: -2.5203921183058915,-6.405366913760294,34.66416705240904,1.3107451521454256,31.756413597341385,-2.4848089274994942
goals: -3.3087266356827896,-5.497718827025437,33.389767820433136,1.7219727165220646,32.11299537484993,-3.285284552563743
state: -3.5174081760435083,-5.451982672867437,33.23950726361115,1.5828336792195785,32.36015521960027,-2.110444905626105
goals: -4.100082027021582,-4.605346960304002,32.13937832391822,2.135389677385068,32.458073914918586,-4.0912627998419495
goals: -4.897986023314827,-3.724038095082216,30.906900858536023,2.5528366481433076,32.79329759323304,-4.906377398344894
state: -5.1002418552630875,-3.693278584845684,30.777321540380697,2.286315314428281,33.063636854808976,-3.3415377672413324
goals: -5.715859904147461,-2.8392978886749574,29.67192201780998,2.9812954037294817,33.12428050364435,-5.744236676600222
goals: -6.54963303250986,-1.9561883591372746,28.44142057724224,3.418650755741147,33.44887659365545,-6.600816795973782
state: -6.858945943284841,-1.9345744968239293,28.139265408348066,2.9897969496369825,33.591248081215504,-4.22088981125221
goals: -7.390896727769168,-1.083818708205694,27.22791863221256,3.860444756483852,33.763876791518136,-7.467364782918707
goals: -8.248113867526412,-0.21363252651067496,26.019362859644442,4.31111600806716,34.07225394741316,-8.352676870631754
state: -8.617650031306594,-0.17587040880217542,25.677079685117608,3.8691489936478587,34.11885930762203,-5.276112264065262
goals: -9.124056871278494,0.6566249969210628,24.81248185161264,4.772088670478296,34.37477269422018,-9.259590961272854
goals: -10.011802736838073,1.5196629482240047,23.617224536073063,5.239681464986728,34.66891114564855,-10.18090164199194
state: -10.200483710526175,1.5828336792195785,23.39076437068933,4.748501037658736,34.822340942830735,-5.803723490471789
goals: -10.917832587854598,2.3813808687892224,22.425265903545096,5.7172896172284355,34.95650767448676,-11.123417131873747
goals: -11.831885021810592,3.2317596953494365,21.2502765490086,6.199453360365159,35.23427881940316,-12.076401175535622
state: -12.135058207350104,3.165667358439157,20.928578647458874,5.803723490471789,35.349952169237255,-7.210686760889191
goals: -12.769002776931767,4.084398264549767,20.073278879006377,6.6940576963281675,35.50668837628469,-13.05549292555338
goals: -13.72227337015974,4.932356303140906,18.903689641876944,7.19741988913262,35.771265192574965,-14.053562194185071
state: -13.89376229537186,4.924371446460912,18.642263333030595,6.683075534482665,35.87756339564378,-9.497002075317472
goals: -14.686650691388415,5.770885603651146,17.74784732277502,7.706812786351692,36.02659266139533,-15.06526124932216
goals: -15.608159268486501,6.554502891092338,16.66819239292342,8.19365712987091,36.259382232981636,-16.033767692536717
state: -16.00420720099796,6.50720512568049,16.355948018602312,7.738297987295717,36.40517462205031,-12.31092861615228
goals: -16.04472072797227,6.919859488591265,16.164922051745783,8.424312355996184,36.365989109336915,-16.493158770685675
goals: -16.78990332882529,7.534933548503594,15.317776531949661,8.818029371473505,36.54252496210055,-17.278166457899772
state: -16.88355924500884,7.386557169691368,15.124855156987085,8.265909213702244,36.75691543965466,-13.717891886569682
goals: -17.809933876818143,8.359726179902209,14.181827748885574,9.356914613428264,36.77357193285369,-18.35428555992148
goals: -18.86211937789173,9.190284554589645,13.037781996824124,9.912660969691284,36.99931311846904,-19.46620545636973
state: -19.345744968239295,9.145261257713123,12.662669433756628,9.497002075317472,37.108656257259014,-15.476595974591435
goals: -19.942748166956886,10.022508628366309,11.891012613276953,10.483210204056865,37.21839622249097,-20.610014936934636
goals: -21.018719826347905,10.830800712660814,10.776532528075053,11.050993118234082,37.42415047633741,-21.750621964195975
state: -21.280319465063226,10.728094936932699,10.552224528130523,10.37635411932835,37.636267483665534,-17.235300062613188
goals: -22.096548604269604,11.620689592958763,9.68648821329895,11.619363462336365,37.61831278463432,-22.89481345017732
goals: -23.18194909360287,12.396634811158654,8.614490025245997,12.19124476346735,37.80217996844487,-24.048570176639547
state: -23.39076437068933,12.486799024954456,8.090038804900068,11.07983575453705,37.988008301269886,-18.114652106624067
goals: -24.277104790281296,13.160247659692562,7.558067487440788,12.767690586858393,37.97625593557122,-25.214146275711354
goals: -25.37263318450525,13.90521262956297,6.52573177053254,13.343669496051175,38.13928733401855,-26.38147722182887
state: -25.677079685117608,13.89376229537186,6.15546430807614,11.783317389745752,38.33974911887424,-18.994004150634943
goals: -26.46941683260639,14.632561747734478,5.5158541572434965,13.919560229465405,38.29176254698351,-27.551412277163607
goals: -27.29407548089134,15.167546626011026,4.7716321375244695,14.352020757919176,38.39953003290163,-28.431857926368988
state: -27.61165418194154,15.124855156987085,4.748501037658736,12.31092861615228,38.69148993647859,-22.33554191787628
goals: -27.277665581221463,15.280795888228756,4.633826690358366,14.344669621310958,38.42592618249025,-28.41812194580625
goals: -26.393278359796078,15.491116557928674,4.46430725014772,13.888537398671053,38.49240491648667,-27.49733231261458
state: -27.435783773139363,15.300725565789259,4.396760220054386,12.31092861615228,38.69148993647859,-24.44598682350238
goals: -25.171149539292205,15.76932498441878,4.240549800929486,13.256768033602086,38.5804994994079,-26.224488736862334
goals: -23.93181539541288,16.036878419221754,4.02588008759411,12.614461200175787,38.665370772637274,-24.93326368847146
state: -25.325338867513256,16.00420720099796,3.8691489936478587,12.31092861615228,38.69148993647859,-24.62185723230456
goals: -22.68197372581907,16.29200754825066,3.8216593840467374,11.965102954035165,38.74638205449108,-23.630643572200647
goals: -21.43579822234322,16.531869308061435,3.6300734016731644,11.316154264568933,38.82273273269319,-22.331438472427255
state: -22.33554191787628,16.355948018602312,3.5174081760435083,11.607446980943578,38.69148993647859,-24.094246005898032
goals: -20.184797503999718,16.758226734701754,3.4496478343779424,10.663261194050841,38.89490292406551,-21.026816523702994
goals: -18.93594654861531,16.969913593135384,3.281252094311935,10.010132264806664,38.9624391585567,-19.724072222124647
state: -19.697485785843647,17.059429653811016,3.165667358439157,10.728094936932699,38.69148993647859,-23.566634779491505
goals: -17.686708466846447,17.16753039057598,3.1243282830478893,9.355550169011934,39.025639707521925,-18.420596895999672
goals: -16.437783420897336,17.351085352223016,2.9788181539931826,8.699953713967663,39.084428959117645,-17.11714090251748
state: -17.059429653811016,17.235300062613188,2.9897969496369825,10.37635411932835,38.86736034528077,-21.80793069146975
goals: -15.18304376862868,17.52150073953822,2.8439451646211964,8.040193783017013,39.139021979469256,-15.807327493890872
goals: -13.92329049702946,17.67860023602275,2.719785822614515,7.376780513849024,39.18947109691862,-14.49202204298759
state: -14.59724393058056,17.587040880217543,2.638056132032631,9.672872484119647,38.86736034528077,-19.52161537704147
goals: -12.659026688153718,17.822255983384746,2.6064117186607243,6.710036318892251,39.23559584022809,-13.171762885504597
goals: -11.40294154954503,17.95118215788335,2.5047795850407826,6.046757903475654,39.27709386976656,-11.859832742971307
state: -11.95918779854793,17.93878169782189,2.462185723230456,8.617650031306594,39.04323075408294,-16.180077609800136
goals: -10.14256218639852,18.066803153627124,2.413735681161316,5.380440297870666,39.31434763290843,-10.543224220542722
goals: -8.88574382839135,18.168453702001777,2.3337777874015613,4.7153154995158255,39.347070668018894,-9.230162745497402
state: -9.321131666515297,18.114652106624067,2.286315314428281,7.210686760889191,39.04323075408294,-13.36615106896533
goals: -7.6254071962074494,18.2567781753544,2.2643546243279453,4.047733199595201,39.37558277374471,-7.913279289271398
goals: -6.3678688441116345,18.331371115760827,2.2057747315125362,3.3811141205298845,39.399618795772646,-6.599190844999848
state: -6.858945943284841,18.290522515426247,2.110444905626105,5.979593899273965,39.04323075408294,-10.728094936932699
goals: -5.106425503677832,18.392664100753176,2.157662471651215,2.711997676026007,39.419436138319,-5.280917734666591
goals: -3.850008809793951,18.440276503983736,2.120306789610654,2.045202567238962,39.43484190761099,-3.9678131635567526
state: -4.045019402450034,18.290522515426247,2.110444905626105,4.748501037658736,39.21910116288512,-8.617650031306594
goals: -2.5895921531028203,18.474593613959716,2.093399280765517,1.376022377135374,39.44589330475798,-2.6504636768271723
goals: -1.3288991897034168,18.49547291173605,2.0770268391036675,0.7065217528420069,39.45266598012122,-1.3327833815192582
state: -1.5828336792195785,18.46639292422842,1.9345744968239293,3.3415377672413324,39.21910116288512,-6.50720512568049
goals: -0.07200094457119348,18.50291040992058,2.0712018525250513,0.038946042094590363,39.45503058285314,-0.01904723353499457
goals: 1.1859542572787156,18.49698870418863,2.0758422239836536,-0.6291956904764845,39.45313897359101,1.295794829500438
state: 0.8793520440108771,18.46639292422842,1.9345744968239293,2.110444905626105,39.39497157168729,-2.8139265408348066
goals: 2.443094411957456,18.477706271410568,2.0909584161737507,-1.2968252094258323,39.4469284865743,2.6097658380036393
goals: 3.7037531966068684,18.44493865323189,2.1166611462217877,-1.9661564532704836,39.436297830167966,3.9273735055935486
state: 3.693278584845684,18.46639292422842,1.9345744968239293,0.7034816352087017,39.39497157168729,0.0
goals: 4.954118697001349,18.399138405418352,2.1525894669033736,-2.629776996321822,39.42152243925042,5.23416349034358
goals: 6.192539149102115,18.34068639469193,2.1984723007416105,-3.2867295816505924,39.40260374855557,6.528388386706663
state: 6.15546430807614,18.46639292422842,1.9345744968239293,-0.5276112264065262,39.39497157168729,2.638056132032631
goals: 7.425749547725744,18.26950591025511,2.254370358258524,-3.940519548953587,39.3796487548285,7.8170714780333
goals: 8.658658103341462,18.185355010267347,2.3205005678869055,-4.5936687700163255,39.352524520138125,9.105320943786994
state: 8.617650031306594,18.46639292422842,1.9345744968239293,-1.7587040880217542,39.39497157168729,5.276112264065262
goals: 9.897041851942591,18.087705406258678,2.397309325700064,-5.249148420401411,39.32100693954954,10.39914921637554
goals: 11.129750908342121,17.977384484733417,2.4841579065697967,-5.900987223094159,39.28549622769466,11.686891696914607
state: 11.07983575453705,18.46639292422842,1.9345744968239293,-2.9897969496369825,39.39497157168729,7.914168396097894
goals: 12.357023152722194,17.854478773440285,2.5810227600121447,-6.5492282367413575,39.2459068824474,12.968772495059962
goals: 13.583151290825466,17.718593105645304,2.688234392690883,-7.196078294756906,39.20224128913097,14.249261903595167
state: 13.717891886569682,18.114652106624067,1.9345744968239293,-4.396760220054386,39.39497157168729,10.200483710526175
goals: 14.807503376885073,17.569763047621453,2.80580847494618,-7.841123100793139,39.154471256721386,15.527676835464307
goals: 16.030179792780427,17.40793820942596,2.9338339457124105,-8.484330993587937,39.10252782287071,16.804096609173023
state: 16.180077609800136,17.587040880217543,2.110444905626105,-6.331334716878314,39.21910116288512,12.838539842558804
goals: 17.252043965818338,17.232955633388844,3.0724694377980963,-9.126098980867999,39.04649836137216,18.079409840244914
goals: 18.474301798860996,17.044539405525594,3.221990958714445,-9.766973645773867,38.986245425210655,19.354848195534796
state: 18.290522515426247,17.235300062613188,2.462185723230456,-7.738297987295717,39.21910116288512,15.476595974591435
goals: 19.697121721461873,16.842532357374214,3.3825848773579525,-10.406952463012281,38.921674174175074,20.630558260913574
goals: 20.91298047493554,16.628167795795356,3.553311060064783,-11.042051900791606,38.85332054777326,21.898680621964296
state: 20.928578647458874,16.707688836206664,2.9897969496369825,-8.617650031306594,39.04323075408294,18.114652106624067
goals: 22.126233802908903,16.400705494898673,3.7348249789872296,-11.67447385503806,38.780901418292785,23.163732383984645
goals: 23.337664918346448,16.159936084887672,3.9273577380178057,-12.304557057398183,38.70436739135513,24.426506926394495
state: 23.39076437068933,16.00420720099796,3.693278584845684,-9.848742892921823,39.04323075408294,20.40096742105235
goals: 24.515865143283946,15.912547148150614,4.125620381201327,-12.915937141094801,38.625791173701586,25.654248577024738
goals: 25.221417437072336,15.758104006886969,4.249606740281147,-13.28137686082657,38.57686425039688,26.389282142811897
state: 25.325338867513256,15.828336792195788,3.693278584845684,-10.903965345734875,38.69148993647859,22.687282735480625
goals: 25.866176639432673,15.612805883417762,4.366410828857543,-13.614850569545707,38.53084057692581,27.060846130075756
goals: 26.932764606632528,15.363657908194304,4.567045470607983,-14.165485290673779,38.452040264326584,28.1714892286531
state: 26.90817254673284,15.300725565789259,4.22088981125221,-11.783317389745752,38.33974911887424,24.62185723230456
goals: 27.41115219670528,15.242878562077497,4.666780604715623,-14.41197010297022,38.41431997419619,28.669343694378963
goals: 26.935658776632778,14.936470475551682,5.0932924949068425,-14.162718466679506,38.353383368544435,28.161547760503762
state: 27.61165418194154,14.773114339382737,4.924371446460912,-11.95918779854793,37.81213789246772,26.38056132032631
goals: 25.89610994978736,14.25484642492966,6.040596508390997,-13.617225839762327,38.213353985171054,27.052150892273826
goals: 24.806195953699532,13.522572724850948,7.056252064519788,-13.044545578100367,38.05633434500741,25.890187300981555
state: 25.852950093919787,13.190280660163156,7.210686760889191,-12.135058207350104,38.16387871007206,26.556431729128487
goals: 23.705736238245706,12.764454415325215,8.105873053889045,-12.465617749063659,37.88682787523127,24.718299535923293
goals: 22.610854046517037,11.990987416423518,9.1751159631695,-11.88900420647881,37.70685356399594,23.553763221703825
state: 23.39076437068933,11.783317389745752,9.145261257713123,-12.31092861615228,37.81213789246772,25.149468458711084
goals: 21.51213810548642,11.195052342735545,10.274039728273973,-11.309836489507529,37.51447889535946,22.38666789515537
goals: 20.413300192056674,10.378688941886388,11.400047676916037,-10.730156331624567,37.30985656663005,21.221073654171718
state: 21.280319465063226,10.024613301724,11.607446980943578,-11.255706163339227,37.460397074863366,23.74250518829368
goals: 19.305455482464822,9.534456561217658,12.56363348093062,-10.1453618938212,37.09071208914435,20.04769423846794
goals: 18.219391143745643,8.685583210522434,13.733049022812029,-9.571800676748001,36.86288000289966,18.899228573646216
state: 18.818133741832767,8.44177962250442,13.89376229537186,-10.024613301724,36.93278584845684,22.511412326678453
goals: 17.150685764072556,7.829144749767899,14.912608459657921,-9.007239127864459,36.62564601967565,17.771025309830122
goals: 16.088778924850974,6.956775158476204,16.114100533231117,-8.446188257119434,36.37667913251062,16.651968159745294
state: 16.707688836206664,6.683075534482665,16.355948018602312,-8.969390848910946,36.40517462205031,20.40096742105235
goals: 15.028899286586217,6.064164672369888,17.343748976629346,-7.886216649521297,36.11438046556817,15.537191162729329
goals: 13.998410357940005,5.174679405384952,18.56962433943924,-7.341862852291108,35.84567482046784,14.455487004263402
state: 14.421373521778381,4.924371446460912,18.818133741832767,-7.738297987295717,35.87756339564378,18.114652106624067
goals: 12.992509738834821,4.285210169128587,19.796246011669545,-6.8106612652752085,35.569860660974996,13.401776869314379
goals: 12.012512961811705,3.3978724319525346,21.02091041612635,-6.293367817539635,35.28780529020771,12.377403346402996
state: 12.31092861615228,3.165667358439157,21.280319465063226,-6.683075534482665,35.17408176043509,16.180077609800136
goals: 11.05359994479351,2.509161406819314,22.24864939196736,-5.787487566149308,34.99861465953255,11.377275088703103
goals: 10.114374011932808,1.618460220269566,23.48051139543158,-5.292335097672185,34.702163896569424,10.399944349570365
state: 10.37635411932835,1.4069632704174033,23.91837559709586,-5.803723490471789,34.64647053402855,14.069632704174033
goals: 9.202669197680521,0.7341039879311161,24.705129098360885,-4.8120788665391485,34.401412535010984,9.45352574259767
goals: 8.310832654011069,-0.15039617493981677,25.931625136035656,-4.342713265873396,34.094388512988715,8.530004768191812
state: 8.617650031306594,-0.35174081760435083,26.20469091152414,-4.572630628856562,33.942988898819856,11.95918779854793
goals: 7.438471958849135,-1.0347308185599178,27.1597076897153,-3.884048753723965,33.78139801388996,7.6288987895795435
goals: 6.588332402108111,-1.9153400152824016,28.384565960786706,-3.437565503848284,33.46373762413405,6.75307975062387
state: 6.683075534482665,-2.110444905626105,28.66687663475459,-3.5174081760435083,33.23950726361115,10.024613301724
goals: 5.75316736830688,-2.7990623163086226,29.615820580730524,-2.9994544856759395,33.13919419848132,5.894957941460468
goals: 4.94104774006632,-3.676664828344696,30.840723174533,-2.573980943434699,32.81117071731243,5.0628699388895715
state: 5.1002418552630875,-3.8691489936478587,31.304932766787225,-2.638056132032631,32.36015521960027,8.265909213702244
goals: 4.130560464214426,-4.571017871481378,32.09133669995884,-2.149935665238397,32.471189754598605,4.234838252552309
goals: 3.3272332025655063,-5.476296336049818,33.35972368141361,-1.7302312979401744,32.12136835513983,3.416534190573977
state: 3.5174081760435083,-5.803723490471789,33.76711849001768,-1.9345744968239293,32.00841440199592,6.683075534482665
goals: 2.5454149208668984,-6.375921081958342,34.62278761975404,-1.3223988570766767,31.768037082793764,2.622659127725478
goals: 1.8121923626925394,-7.236806435456398,35.83396018373966,-0.9404955256324072,31.424814324908635,1.8803941596786486
state: 1.9345744968239293,-7.562427578493542,36.229304213248135,-0.8793520440108771,31.129062357985053,5.276112264065262
goals: 1.4234442356462274,-7.700165523585125,36.48689692435037,-0.738257554777682,31.23801646512689,1.4877952729890718
goals: 1.254348020246225,-7.903246736415145,36.7733059334104,-0.6503581557372914,31.155632328970597,1.3172897119230909
state: 1.5828336792195785,-7.738297987295717,36.75691543965466,-0.8793520440108771,31.129062357985053,3.8691489936478587
goals: 0.8353342130463546,-8.410500593563544,37.48930884549845,-0.43265567427312235,30.948820064693308,0.8952020144031818
goals: 0.3332916002589857,-9.025967851239908,38.35928039764798,-0.17209471981257188,30.695619788650088,0.3905459227335942
state: 0.5276112264065262,-9.321131666515297,38.69148993647859,0.0,30.601451131578518,2.462185723230456
goals: 0.1432516091714645,-9.261168264896634,38.69209800054527,-0.07354527136402807,30.59820782059379,0.19982767909520552
goals: 0.01403695777843547,-9.421795354225145,38.91950647144314,-0.006564215412147807,30.531475705951063,0.07025102793149694
state: 0.17587040880217542,-9.321131666515297,39.04323075408294,0.0,30.425580722776346,1.4069632704174033
goals: -0.00015223647261269422,-9.301755120067728,39.20976385500878,0.000789415628942975,30.121179110938755,0.056028279826781546
goals: -0.000147696348193465,-8.949341504002794,39.914531716739496,0.0007861746580124896,29.06399763312026,0.05603630848028194
state: 0.0,-9.321131666515297,39.746712389291645,0.0,29.01861745235894,0.35174081760435083
goals: -0.0001427493357847672,-8.582431025062524,40.69174549445645,0.000782702160759101,27.91987337643852,0.05604496155039226
goals: -0.00013778059841087885,-8.23146619241035,41.481817008518554,0.0007792738999416588,26.778837029700007,0.05605355523586569
state: -0.17587040880217542,-8.969390848910946,40.977805250906876,0.0,26.90817254673284,0.35174081760435083
goals: -0.00013274873280672684,-7.89358386981901,42.291268825666286,0.0007758604318483135,25.631502889936748,0.05606216114384256
goals: -0.00012769307662166923,-7.571494751115634,43.11372068649704,0.000772487606166108,24.486961910378668,0.05607071193035111
state: -0.17587040880217542,-8.617650031306594,42.73650933892863,0.0,24.44598682350238,0.35174081760435083
goals: -0.0001225247954769412,-7.259850022307815,43.96370154214495,0.0007690960949341973,23.32533632589883,0.056079356437011375
goals: -0.00011735246213513724,-6.965401308670771,44.82338110558698,0.000765756740913914,22.171208048796007,0.05608791222497931
state: -0.17587040880217542,-7.914168396097894,44.3193430181482,0.0,22.1596715090741,0.35174081760435083
goals: -0.00011214785146480434,-6.686334019483714,45.697267147685196,0.0007624496260505108,21.018254717487185,0.05609642738649435
goals: -0.00010687024435779493,-6.420599595320257,46.592194776519676,0.0007591482548634173,19.85759266446574,0.056104968056199335
state: -0.35174081760435083,-7.210686760889191,46.078047106169954,0.0,19.873356194645822,0.35174081760435083
goals: -0.00010160041108681742,-6.172197572182954,47.49436864308253,0.0007559019369936583,18.707016774742446,0.05611340412332972
goals: -9.624552763505571e-05,-5.936741905709641,48.4196147467248,0.0007526524492913561,17.54631500460368,0.056121884459447616
state: -0.35174081760435083,-6.50720512568049,48.188492011796065,0.0,17.235300062613188,0.35174081760435083
goals: -9.081106616685714e-05,-5.7148707006563155,49.367132398448476,0.0007494032500140906,16.37692614780349,0.056130398453168105
goals: -8.53574350002869e-05,-5.509130714101313,50.32638078114189,0.0007461896783244693,15.211937778532208,0.05613885122572746
state: -0.35174081760435083,-5.979593899273965,50.12306650862,0.0,14.948984748184909,0.35174081760435083
goals: -7.984967711459618e-05,-5.318160844981133,51.30344533883497,0.0007429900171878788,14.043903351696166,0.05614729737187556
goals: -7.430593241358475e-05,-5.142623807984691,52.29508934221551,0.0007398139063315865,12.876722311296568,0.05615570906723073
state: -0.35174081760435083,-5.803723490471789,52.05764100544392,0.0,12.662669433756628,0.35174081760435083
goals: -7.015334997814522e-05,-5.021877274246237,53.04314750561685,0.000737462859598512,12.007917614140046,0.05616195229037752
goals: -6.899497776492024e-05,-4.989812023488868,53.252610517722864,0.000736811189726961,11.766389351272029,0.05616368518603446
state: -0.35174081760435083,-5.276112264065262,52.936993049454806,0.0,11.4315765721414,0.35174081760435083
goals: -6.890637001478562e-05,-4.98738745492975,53.268646818869016,0.0007367614133496139,11.747928481566412,0.05616381758993574
goals: -6.890637001478562e-05,-4.98738745492975,53.268646818869016,0.0007367614133496139,11.747928481566412,0.05616381758993574
state: -0.35174081760435083,-5.276112264065262,52.936993049454806,0.0,11.4315765721414,0.35174081760435083
goals: -6.890637001478562e-05,-4.98738745492975,53.268646818869016,0.0007367614133496139,11.747928481566412,0.05616381758993574
goals: -6.890637001478562e-05,-4.98738745492975,53.268646818869016,0.0007367614133496139,11.747928481566412,0.05616381758993574
state: -0.35174081760435083,-5.276112264065262,52.936993049454806,0.0,11.4315765721414,0.35174081760435083
goals: -6.890637001478562e-05,-4.98738745492975,53.268646818869016,0.0007367614133496139,11.747928481566412,0.05616381758993574
goals: -6.890637001478562e-05,-4.98738745492975,53.268646818869016,0.0007367614133496139,11.747928481566412,0.05616381758993574
state: -0.35174081760435083,-5.276112264065262,52.936993049454806,0.0,11.4315765721414,0.35174081760435083
goals: 0.0007901194145204184,-4.987358691382945,53.26833980914624,0.0007368152577670015,11.747860774788165,0.05616351370071909
goals: 2.2240140543177485,-4.912916448949083,52.47377534298369,0.0008761686970374106,11.572630493394408,0.055377025341279876
state: 0.8793520440108771,-5.1002418552630875,52.936993049454806,0.0,11.4315765721414,0.35174081760435083
goals: 4.444664064418515,-4.8385603915958795,51.680130779290025,0.0010153608006600629,11.397603083857303,0.05459144753424315
goals: 6.6659379688308364,-4.76418344381825,50.88626324019437,0.0011545920104729154,11.222526500157368,0.05380564901816949
state: 6.331334716878314,-4.924371446460912,51.88177059664175,0.0,10.903965345734875,0.35174081760435083
goals: 8.950734611035916,-4.687679506054326,50.06969312514533,0.001297804875864552,11.042443175101528,0.05299737867951001
goals: 12.386889191530589,-4.572623596343393,48.84163584893505,0.0015131857698623243,10.771612007534623,0.05178180361468396
state: 11.95918779854793,-4.572630628856562,49.41958487341129,0.0,10.37635411932835,0.35174081760435083
goals: 15.829807598763534,-4.457341207229317,47.61116122902081,0.0017289906258838093,10.500247728010784,0.05056383577650234
goals: 19.26876557714086,-4.342191428780493,46.382102038290306,0.0019445472390839788,10.229195601955567,0.0493472689808088
state: 19.873356194645822,-4.396760220054386,46.78152874137866,0.0,10.024613301724,0.35174081760435083
goals: 22.7213203494922,-4.226586376430806,45.14818344982848,0.002160956110112783,9.957071802463991,0.0481258921792412
goals: 26.153894571486024,-4.111650351141472,43.92140576835277,0.0023761125844004747,9.686522831943341,0.046911583703101674
state: 26.02882050272196,-4.045019402450034,44.143472609346034,0.0,9.497002075317472,0.35174081760435083
goals: 29.585069733460127,-3.996761171859656,42.69512810100531,0.002591181364496668,9.416084132672069,0.045697770158850196
goals: 33.0296091381421,-3.881424505403928,41.46407414809968,0.0028070878259237194,9.144592089212859,0.04447922887612961
state: 33.23950726361115,-3.8691489936478587,41.68128688611557,0.0,8.793520440108772,0.35174081760435083
goals: 36.46627135851522,-3.766351597922187,40.23583544499727,0.0030225005391916345,8.873720910436399,0.043263474228469406
goals: 39.91280657544078,-3.6509481038578864,39.00406820295104,0.003238532099712805,8.602071560852709,0.04204422690661685
state: 39.746712389291645,-3.693278584845684,39.21910116288512,-0.17587040880217542,8.265909213702244,0.35174081760435083
goals: 43.35362030318319,-3.535736187654083,37.77434578055933,0.0034542050327547986,8.33087316816266,0.04082700362047683
goals: 46.78407382698039,-3.4208711716440234,36.548326021578085,0.0036692285799978,8.060491347039743,0.039613445363161116
state: 46.78152874137866,-3.5174081760435083,36.58104503085249,-0.17587040880217542,7.738297987295717,0.35174081760435083
goals: 50.220300155245624,-3.305812859536802,35.32024310322347,0.003884613971202727,7.789654524450049,0.038397844916822445
goals: 53.67012258703574,-3.190299296647658,34.08730103389915,0.004100851576958391,7.517746082843877,0.0371774347088632
state: 53.64047468466351,-3.165667358439157,34.11885930762203,-0.17587040880217542,7.562427578493542,0.35174081760435083
goals: 57.106021867634794,-3.075251935376865,32.85933500006085,0.004316216468556251,7.2469350375290995,0.03596194995900405
goals: 60.53887455077566,-2.9603065861180062,31.63245779854618,0.004531390397009461,6.976364119230549,0.03474754297436645
state: 60.49942062794834,-2.8139265408348066,31.4808031755894,-0.17587040880217542,6.858945943284841,0.35174081760435083
goals: 63.98724486316762,-2.8448416458721244,30.40003470639564,0.004747536982769708,6.704570130913029,0.033527646468596725
goals: 67.42351421945824,-2.729781893018136,29.17193641012992,0.004962925071005389,6.433729916936223,0.032312030800651016
state: 67.53423698003536,-2.8139265408348066,29.01861745235894,-0.17587040880217542,6.50720512568049,0.35174081760435083
goals: 70.86489400789522,-2.6145510228858524,27.942011681660745,0.0051786334851806086,6.162486908419024,0.031094607264711582
goals: 74.30533269359867,-2.499351664558001,26.71242329663377,0.00539428291029019,5.891318075829056,0.029877516653554627
state: 74.3931829233202,-2.638056132032631,26.556431729128487,-0.17587040880217542,5.803723490471789,0.35174081760435083
goals: 77.74132429012147,-2.384301212188615,25.48442426973907,0.005609653588323357,5.620499754348778,0.028661999245986877
goals: 81.17971089810203,-2.2691705654578906,24.255569282735937,0.005825174387573957,5.349492662621338,0.027445634578454576
state: 81.25212886660505,-2.286315314428281,23.91837559709586,-0.17587040880217542,5.1002418552630875,0.35174081760435083
goals: 84.62820458175712,-2.1537014942590567,23.02310209857096,0.006041328706342812,5.077688950415542,0.026225694428830174
goals: 88.05738552811327,-2.038879089124534,21.79753714974142,0.006256272487422647,4.807407431425754,0.025012586358887916
state: 88.28694521869207,-2.110444905626105,21.456189873865398,-0.17587040880217542,4.572630628856562,0.35174081760435083
goals: 91.50360486223568,-1.9234861720533314,20.565882801968648,0.006472284248159218,4.535782979123716,0.02379345078382961
goals: 94.93649166512184,-1.8085396803318035,19.338993406299,0.006687460315265119,4.265209371571745,0.02257903172898078
state: 94.97002075317472,-1.9345744968239293,19.16987455943712,-0.17587040880217542,4.045019402450034,0.35174081760435083
goals: 98.37743240563756,-1.693323511243027,18.10922559044293,0.006903141209568467,3.994000967976514,0.021361763510764343
goals: 101.83001753514448,-1.577717442416907,16.875296152549012,0.007119551983407856,3.7218747757916817,0.020140375970040373
state: 102.00483710526174,-1.5828336792195785,16.531818427404488,-0.17587040880217542,3.5174081760435083,0.35174081760435083
goals: 105.26519794899824,-1.462694151619488,15.647587036586934,0.007334871815868054,3.4511203901862952,0.018925145526694512
goals: 108.69265833658714,-1.3479293575293871,14.422637003257769,0.007549707750959946,3.1809744823655874,0.01771264612213271
state: 108.8637830485466,-1.4069632704174033,14.069632704174033,-0.17587040880217542,2.9897969496369825,0.35174081760435083
goals: 112.13493718407763,-1.2326683833797023,13.192390957459422,0.007765472518869599,2.909660611724037,0.01649490453479551
goals: 115.58074851953151,-1.1172891277014514,11.960882425517065,0.00798145870592608,2.638068317100932,0.015275913293467345
state: 115.89859940063359,-1.231092861615228,11.607446980943578,-0.17587040880217542,2.286315314428281,0.35174081760435083
goals: 119.02519612421366,-1.0019555350691618,10.729861281280279,0.008197359413256345,2.366583509143079,0.014057404485941965
goals: 122.46541611361754,-0.8867634995497313,9.50035105675968,0.008412995130308439,2.0954319137794277,0.012840391240852903
state: 122.75754534391845,-0.8793520440108771,8.969390848910946,-0.17587040880217542,1.7587040880217542,0.35174081760435083
goals: 125.90022125683467,-0.7717527742826092,8.272776059861528,0.008628291440507543,1.8247071062917557,0.011625293553358899
goals: 129.33309013997558,-0.656806882584318,7.045893068581739,0.008843466384389603,1.5541349111400178,0.010410880837804472
state: 129.9682321048076,-0.5276112264065262,6.858945943284841,-0.17587040880217542,1.4069632704174033,0.35174081760435083
goals: 132.7692826665756,-0.5417497022891996,5.817822230702534,0.009058849656879349,1.2833007527332745,0.00919529234915293
goals: 136.2126452496038,-0.42645244043031466,4.587188865509361,0.009274682354191918,1.0119014641181867,0.007977167379210054
state: 136.47543723048813,-0.35174081760435083,4.22088981125221,-0.17587040880217542,0.8793520440108771,0.35174081760435083
goals: 139.65629592435124,-0.3111455321326407,3.35645253837904,0.009490533109321905,0.7404794686618197,0.006758940493855048
goals: 142.09755663303318,-0.22940256478379736,2.483963275689489,0.009643553266477308,0.5480639435219847,0.0058953193805737865
state: 142.63090153856427,-0.17587040880217542,2.286315314428281,0.0,0.35174081760435083,0.35174081760435083
goals: 144.31233601567666,-0.15524307902446385,1.692416832611745,0.009782377394515492,0.3734992456735873,0.0051118183684497435
goals: 146.5309136230196,-0.08095641383014164,0.8995129309652522,0.009921439598289852,0.1986351789795995,0.00432697369522807
state: 146.6759209410143,-0.17587040880217542,0.8793520440108771,-0.17587040880217542,0.0,0.35174081760435083
goals: 148.7555513439044,-0.006466832305899503,0.10444318772013073,0.010060881654786729,0.02329346566416768,0.003539985194440161
goals: 149.04045374026688,0.003072815467336565,0.0026210919247975774,0.010078739562920136,0.0008380007419948743,0.0034391980380958807
state: 149.4898474818491,0.0,-0.17587040880217542,0.0,-0.17587040880217542,0.35174081760435083
goals: 149.04045374026688,0.003072815467336565,0.0026210919247975774,0.010078739562920136,0.0008380007419948743,0.0034391980380958807
goals: 149.04045374026688,0.003072815467336565,0.0026210919247975774,0.010078739562920136,0.0008380007419948743,0.0034391980380958807
state: 149.4898474818491,0.0,-0.17587040880217542,0.0,0.0,0.35174081760435083
goals: 149.04045374026688,0.003072815467336565,0.0026210919247975774,0.010078739562920136,0.0008380007419948743,0.0034391980380958807
goals: 149.04045374026688,0.003072815467336565,0.0026210919247975774,0.010078739562920136,0.0008380007419948743,0.0034391980380958807
state: 149.4898474818491,0.0,-0.17587040880217542,0.0,0.0,0.35174081760435083
goals: 149.04045374026688,0.003072815467336565,0.0026210919247975774,0.010078739562920136,0.0008380007419948743,0.0034391980380958807
goals: 149.04045374026688,0.003072815467336565,0.0026210919247975774,0.010078739562920136,0.0008380007419948743,0.0034391980380958807
state: 149.4898474818491,0.0,-0.17587040880217542,0.0,0.0,0.35174081760435083
goals: 149.04045374026688,0.003072815467336565,0.0026210919247975774,0.010078739562920136,0.0008380007419948743,0.0034391980380958807
goals: 149.04045374026688,0.003072815467336565,0.0026210919247975774,0.010078739562920136,0.0008380007419948743,0.0034391980380958807
state: 149.4898474818491,0.0,-0.17587040880217542,0.0,0.0,0.35174081760435083
goals: 149.04045374026688,0.003072815467336565,0.0026210919247975774,0.010078739562920136,0.0008380007419948743,0.0034391980380958807
goals: 149.04045374026688,0.003072815467336565,0.0026210919247975774,0.010078739562920136,0.0008380007419948743,0.0034391980380958807
state: 149.4898474818491,0.0,-0.17587040880217542,0.0,-0.17587040880217542,0.35174081760435083
goals: 149.04045374026688,0.003072815467336565,0.0026210919247975774,0.010078739562920136,0.0008380007419948743,0.0034391980380958807
goals: 149.04045374026688,0.003072815467336565,0.0026210919247975774,0.010078739562920136,0.0008380007419948743,0.0034391980380958807
state: 149.4898474818491,0.0,-0.17587040880217542,0.0,0.0,0.35174081760435083
goals: 149.04045374026688,0.003072815467336565,0.0026210919247975774,0.010078739562920136,0.0008380007419948743,0.0034391980380958807
goals: 149.04045374026688,0.003072815467336565,0.0026210919247975774,0.010078739562920136,0.0008380007419948743,0.0034391980380958807
state: 149.4898474818491,0.0,-0.17587040880217542,0.0,0.0,0.35174081760435083
goals: 149.04045374026688,0.003072815467336565,0.0026210919247975774,0.010078739562920136,0.0008380007419948743,0.0034391980380958807
goals: 149.04045374026688,0.003072815467336565,0.0026210919247975774,0.010078739562920136,0.0008380007419948743,0.0034391980380958807
state: 149.4898474818491,0.0,-0.17587040880217542,0.0,0.0,0.35174081760435083
goals: 149.04045374026688,0.003072815467336565,0.0026210919247975774,0.010078739562920136,0.0008380007419948743,0.0034391980380958807
goals: 149.04045374026688,0.003072815467336565,0.0026210919247975774,0.010078739562920136,0.0008380007419948743,0.0034391980380958807
state: 149.4898474818491,0.0,-0.17587040880217542,0.0,0.0,0.35174081760435083
goals: 149.04045374026688,0.003072815467336565,0.0026210919247975774,0.010078739562920136,0.0008380007419948743,0.0034391980380958807
goals: 149.04045374026688,0.003072815467336565,0.0026210919247975774,0.010078739562920136,0.0008380007419948743,0.0034391980380958807
state: 149.4898474818491,0.0,-0.17587040880217542,0.0,-0.17587040880217542,0.35174081760435083
goals: 149.04045374026688,0.003072815467336565,0.0026210919247975774,0.010078739562920136,0.0008380007419948743,0.0034391980380958807
goals: 149.04045374026688,0.003072815467336565,0.0026210919247975774,0.010078739562920136,0.0008380007419948743,0.0034391980380958807
state: 149.4898474818491,0.0,-0.17587040880217542,0.0,0.0,0.35174081760435083
goals: 149.04045374026688,0.003072815467336565,0.0026210919247975774,0.010078739562920136,0.0008380007419948743,0.0034391980380958807
goals: 149.04045374026688,0.003072815467336565,0.0026210919247975774,0.010078739562920136,0.0008380007419948743,0.0034391980380958807
state: 149.4898474818491,0.0,-0.17587040880217542,0.0,0.0,0.35174081760435083
goals: 149.04045374026688,0.003072815467336565,0.0026210919247975774,0.010078739562920136,0.0008380007419948743,0.0034391980380958807
goals: 149.04045374026688,0.003072815467336565,0.0026210919247975774,0.010078739562920136,0.0008380007419948743,0.0034391980380958807
state: 149.4898474818491,0.0,-0.17587040880217542,0.0,0.0,0.35174081760435083
goals: 149.04045374026688,0.003072815467336565,0.0026210919247975774,0.010078739562920136,0.0008380007419948743,0.0034391980380958807
goals: 149.04045374026688,0.003072815467336565,0.0026210919247975774,0.010078739562920136,0.0008380007419948743,0.0034391980380958807
state: 149.4898474818491,0.0,-0.17587040880217542,0.0,0.0,0.35174081760435083
goals: 149.04045374026688,0.003072815467336565,0.0026210919247975774,0.010078739562920136,0.0008380007419948743,0.0034391980380958807
goals: 149.04045374026688,0.003072815467336565,0.0026210919247975774,0.010078739562920136,0.0008380007419948743,0.0034391980380958807
state: 149.4898474818491,0.0,-0.17587040880217542,0.0,0.0,0.35174081760435083
goals: 149.04045374026688,0.003072815467336565,0.0026210919247975774,0.010078739562920136,0.0008380007419948743,0.0034391980380958807
goals: 149.04045374026688,0.003072815467336565,0.0026210919247975774,0.010078739562920136,0.0008380007419948743,0.0034391980380958807
state: 149.4898474818491,0.0,-0.17587040880217542,0.0,-0.17587040880217542,0.35174081760435083
goals: 149.04045374026688,0.003072815467336565,0.0026210919247975774,0.010078739562920136,0.0008380007419948743,0.0034391980380958807
goals: 149.04045374026688,0.003072815467336565,0.0026210919247975774,0.010078739562920136,0.0008380007419948743,0.0034391980380958807
state: 149.3139770730469,0.0,-0.17587040880217542,0.0,0.0,0.35174081760435083
goals: 149.04045374026688,0.003072815467336565,0.0026210919247975774,0.010078739562920136,0.0008380007419948743,0.0034391980380958807
goals: 149.04045374026688,0.003072815467336565,0.0026210919247975774,0.010078739562920136,0.0008380007419948743,0.0034391980380958807
state: 149.4898474818491,0.0,-0.17587040880217542,0.0,-0.17587040880217542,0.35174081760435083
goals: 149.04045374026688,0.003072815467336565,0.0026210919247975774,0.010078739562920136,0.0008380007419948743,0.0034391980380958807
goals: 149.04045374026688,0.003072815467336565,0.0026210919247975774,0.010078739562920136,0.0008380007419948743,0.0034391980380958807
state: 149.4898474818491,0.0,-0.17587040880217542,0.0,0.0,0.35174081760435083
goals: 149.04045374026688,0.003072815467336565,0.0026210919247975774,0.010078739562920136,0.0008380007419948743,0.0034391980380958807
goals: 149.04045374026688,0.003072815467336565,0.0026210919247975774,0.010078739562920136,0.0008380007419948743,0.0034391980380958807
state: 149.3139770730469,0.0,-0.17587040880217542,0.0,0.0,0.35174081760435083
goals: 149.04045374026688,0.003072815467336565,0.0026210919247975774,0.010078739562920136,0.0008380007419948743,0.0034391980380958807
goals: 149.04045374026688,0.003072815467336565,0.0026210919247975774,0.010078739562920136,0.0008380007419948743,0.0034391980380958807
state: 149.3139770730469,0.0,-0.17587040880217542,0.0,0.0,0.35174081760435083
goals: 149.04045374026688,0.003072815467336565,0.0026210919247975774,0.010078739562920136,0.0008380007419948743,0.0034391980380958807
goals: 149.04045374026688,0.003072815467336565,0.0026210919247975774,0.010078739562920136,0.0008380007419948743,0.0034391980380958807
state: 149.3139770730469,0.0,-0.17587040880217542,0.0,0.0,0.35174081760435083
goals: 149.04045374026688,0.003072815467336565,0.0026210919247975774,0.010078739562920136,0.0008380007419948743,0.0034391980380958807
goals: 149.04045374026688,0.003072815467336565,0.0026210919247975774,0.010078739562920136,0.0008380007419948743,0.0034391980380958807
state: 149.3139770730469,0.0,-0.17587040880217542,0.0,0.0,0.35174081760435083
goals: 149.04045374026688,0.003072815467336565,0.0026210919247975774,0.010078739562920136,0.0008380007419948743,0.0034391980380958807
goals: 149.04045374026688,0.003072815467336565,0.0026210919247975774,0.010078739562920136,0.0008380007419948743,0.0034391980380958807
state: 149.3139770730469,0.0,-0.17587040880217542,0.0,0.0,0.35174081760435083
goals: 149.04045374026688,0.003072815467336565,0.0026210919247975774,0.010078739562920136,0.0008380007419948743,0.0034391980380958807
goals: 149.04045374026688,0.003072815467336565,0.0026210919247975774,0.010078739562920136,0.0008380007419948743,0.0034391980380958807
state: 149.3139770730469,0.0,-0.17587040880217542,0.0,0.0,0.35174081760435083
goals: 149.04045374026688,0.003072815467336565,0.0026210919247975774,0.010078739562920136,0.0008380007419948743,0.0034391980380958807
