Joint0,Joint1,Joint2,Joint3,Joint4,Joint5 
0.0014558900610954664,0.0054394196852650045,-0.00029925605133725814,0.001775974320739429,0.004761240931126249,0.00273220031628941
0.0014558900610954664,0.0054394196852650045,-0.00029925605133725814,0.001775974320739429,0.004761240931126249,0.00273220031628941
0.0014558900610954664,0.0054394196852650045,-0.00029925605133725814,0.001775974320739429,0.004761240931126249,0.00273220031628941
0.0014558900610954664,0.0054394196852650045,-0.00029925605133725814,0.001775974320739429,0.004761240931126249,0.00273220031628941
0.0014558900610954664,0.0054394196852650045,-0.00029925605133725814,0.001775974320739429,0.004761240931126249,0.00273220031628941
0.0014558900610954664,0.0054394196852650045,-0.00029925605133725814,0.001775974320739429,0.004761240931126249,0.00273220031628941
0.0014558900610954664,0.0054394196852650045,-0.00029925605133725814,0.001775974320739429,0.004761240931126249,0.00273220031628941
0.0014558900610954664,0.0054394196852650045,-0.00029925605133725814,0.001775974320739429,0.004761240931126249,0.00273220031628941
0.0014558900610954664,0.0054394196852650045,-0.00029925605133725814,0.001775974320739429,0.004761240931126249,0.00273220031628941
0.0014558900610954664,0.0054394196852650045,-0.00029925605133725814,0.001775974320739429,0.004761240931126249,0.00273220031628941
0.0014558900610954664,0.0054394196852650045,-0.00029925605133725814,0.001775974320739429,0.004761240931126249,0.00273220031628941
0.0014641712448875456,0.0055590350553206816,-0.0003973354750820383,0.001775986959474643,0.004826959907961542,0.0027405571529118215
0.019720112838886018,0.26849248283340926,-0.21562446690548984,0.0017577948967057232,0.14891605366167293,0.02116280405762956
0.0754569496630761,1.0581139696442092,-0.8557068917844589,0.0009042376144687935,0.5752680351785529,0.07740192555029335
0.16551180845498248,2.2962636008620505,-1.841665228018528,-0.0027735883690311997,1.2257308724519778,0.16826799012678953
0.2890428330366343,3.9234018716312002,-3.1045179132857106,-0.01219871040716525,2.0467740335156863,0.2929481713658349
0.4362105394155922,5.762573134979544,-4.4872067576737305,-0.029575111478332177,2.928466137168706,0.44158329618522585
0.6071269058979166,7.774730294128437,-5.9457407635641015,-0.057469225469488835,3.836487518781611,0.6143612389125601
0.7807685915799195,9.6955229814075,-7.285570572015371,-0.09353160988986162,4.648141286924874,0.7900465858581479
0.968255738347952,11.642932050383369,-8.591918668701846,-0.1403963067796597,5.41611903942405,0.9798466484584545
1.1718565789679063,13.623072427971923,-9.866826251681552,-0.1997072449097138,6.1405284987973205,1.1859707790340686
1.3909968579956944,15.612772103969155,-11.09392634182859,-0.2723510274015863,6.811344027477411,1.4076799563464906
1.624745238230639,17.589529961649703,-12.259849631427487,-0.35881511156687695,7.421613564233591,1.6438010652636073
1.8771737635386938,19.572642057334033,-13.376554292986404,-0.4614279251037588,7.978112459278739,1.8981321242019067
2.1509317115694677,21.56386890891808,-14.444721136235222,-0.5822788085304602,8.481327159843783,2.172916012992785
2.445506917852108,23.540979169993626,-15.45286778356146,-0.7220673182750889,8.926522212833246,2.4671109364763524
2.7687092994901383,25.53493650672073,-16.41690770847027,-0.8855373356324658,9.321317300952092,2.78784264407323
3.118855398862627,27.51208831128213,-17.320700759629375,-1.0729150764144515,9.659775932495855,3.1326193175354353
3.5053135772808974,29.500003546052756,-18.1771263493094,-1.2903317766778926,9.947557987651214,3.509663705734566
3.9314702365615597,31.485606158712873,-18.980126094014658,-1.5410099094732812,10.183037503771072,3.9210191739455746
4.402045100308399,33.460425060764884,-19.726690173022202,-1.828950075341525,10.366300388437326,4.369795126024715
4.92775108364839,35.43454593545945,-20.42078879012844,-2.1620593248113917,10.499037850032533,4.864447635588848
5.457685580085513,37.21241967414991,-21.000802331240646,-2.507904155589367,10.575359936504977,5.356134006985208
5.964712580073717,38.742496281791695,-21.465398464041723,-2.846596732509724,10.607986540074137,5.820332204940803
6.396773949192687,39.93183432750742,-21.804235238585335,-3.140254570064851,10.611947832198199,6.211342580773157
6.7351652183891755,40.79758109294404,-22.03842751536094,-3.3730563033093377,10.602770996267497,6.514787203903938
6.946336057447368,41.311205396092106,-22.172396201600282,-3.5194465283086536,10.592461793413136,6.702962851608826
6.957050684036625,41.35555615356862,-22.34650774206599,-3.534213619523454,10.78723648086408,6.722923168532896
6.8588050580020425,41.17946351944689,-22.91232170193883,-3.4934675207612313,11.533450619135856,6.674553798903711
6.708586218348364,40.87406169300347,-23.79413664026798,-3.4325802676286026,12.727140774976505,6.601770775527916
6.588323396592356,40.59458573613831,-24.51443114216161,-3.385200822224657,13.731992307892739,6.544639441015887
6.503216645949456,40.37597101926809,-25.031701057832176,-3.3524774889866213,14.471417207184174,6.504903616028748
6.430838839678644,40.1752426164425,-25.476437135629055,-3.3252249195635435,15.119855073459663,6.471601272829398
6.3662210246906294,39.98377725231801,-25.87714023060766,-3.3013689549573755,15.714648837716753,6.442283960223764
6.320647145918076,39.84139996355461,-26.161768003789167,-3.284827593461314,16.143488674675314,6.4218583597573025
6.339779295917487,40.00218335955406,-26.353030435823328,-3.2952287102270694,16.172852552299457,6.4430240550953695
6.447588717356571,40.72279357321699,-26.880911536767815,-3.3477561080691944,15.97438193251863,6.540212699810956
6.635554742070299,41.93352228464258,-27.750903043175164,-3.4390768309024327,15.623444988965568,6.70844170068248
6.8506595440971365,43.25225344275876,-28.67455471560533,-3.5432342246024455,15.216410990864192,6.899233403226909
6.998502327120683,44.120055127464695,-29.26889743239924,-3.614632275892769,14.934556861224394,7.029345341797828
7.067983796909643,44.517598587948015,-29.537626284015342,-3.648140042712008,14.801747197131888,7.0902246427925215
7.08018321727014,44.58689114697076,-29.584291454351483,-3.6540202365222054,14.778414797978233,7.10089490753266
7.08018321727014,44.58689114697076,-29.584291454351483,-3.6540202365222054,14.778414797978233,7.10089490753266
7.08018321727014,44.58689114697076,-29.584291454351483,-3.6540202365222054,14.778414797978233,7.10089490753266
7.08018321727014,44.58689114697076,-29.584291454351483,-3.6540202365222054,14.778414797978233,7.10089490753266
7.08018321727014,44.58689114697076,-29.584291454351483,-3.6540202365222054,14.778414797978233,7.10089490753266
7.08018321727014,44.58689114697076,-29.584291454351483,-3.6540202365222054,14.778414797978233,7.10089490753266
7.080150868908299,44.586687316958574,-29.58415623237578,-3.6540035264582573,14.778347229273166,7.100862468443892
6.939960938214549,43.703337630829054,-28.99813708572818,-3.5815861744404462,14.48552089925301,6.960279349324833
6.8026556765681345,42.83816451048382,-28.42417637498333,-3.5106589443794833,14.198720016611805,6.822588989837608
6.663826793775979,41.96339091274189,-27.84384665357399,-3.438944663434716,13.908736620174919,6.683370735929121
6.416409827588392,40.40439378403678,-26.80959919604349,-3.3111374703865466,13.391936291970872,6.4352598433885575
6.144152361148753,38.68887437165292,-25.6715139757866,-3.1704985194357285,12.823249551606715,6.162238780847696
5.870201946510138,36.96268753648913,-24.52635192730122,-3.0289850490021872,12.251026609993527,5.887520021923497
5.598726453309244,35.25209540962134,-23.391535495949515,-2.8887500388409713,11.683973241958913,5.615283125809044
5.324636601151885,33.525029965788534,-22.245790573534894,-2.747164539725846,11.111459045640927,5.340424538287955
5.052612862420736,31.810983293257767,-21.108682377174084,-2.606646324562957,10.543260511717579,5.067637858987897
4.779519165819985,30.09019471748468,-19.96710156430943,-2.465575405541069,9.97282706809222,4.793778220924751
4.507144024703744,28.373933826107802,-18.828524442721086,-2.324875667853023,9.403894530875784,4.520639153667032
4.233964381424744,26.65260369238629,-17.68658435726962,-2.183760351699167,8.833281563298565,4.246693327872381
3.961783217184154,24.93756506719769,-16.548818093940326,-2.0431608158702548,8.264754201663035,3.9737487815341104
3.6885760591420484,23.216061560415557,-15.406762991826007,-1.9020312865252271,7.6940837617191375,3.699775363806146
3.415475966403224,21.495232681986412,-14.265155441952805,-1.760957063475866,7.123636957949942,3.425909311665781
3.1429083492474605,19.777758981328173,-13.125773735870608,-1.6201578992096053,6.554302380073446,3.1525772285341125
2.8704201534116316,18.060785721733627,-11.986724025202793,-1.479399761297055,5.985133696091944,2.879324789474065
2.59705867275129,16.33830981389739,-10.844023826763793,-1.3381905141341077,5.414140909701953,2.6051966163017184
2.3244811871089532,14.620773930994854,-9.704600868631237,-1.1973862521431915,4.844785718699448,2.3318546370054904
2.050924679158433,12.897069138211506,-8.561085421011372,-1.0560762605126774,4.27338556264065,2.0575308895530875
1.7788323926859868,11.182590540039143,-7.423690682752291,-0.915522635917121,3.7050438473674303,1.7846754702569951
1.5063138132973817,9.46542583087561,-6.2845139633643665,-0.7747488028941873,3.135811698740441,1.511392562427914
1.2292549818904812,7.719652574896602,-5.126358173224643,-0.6316296300381331,2.5570959493348155,1.2335566686093267
0.9605138192906215,6.0262897173939205,-4.002971736006904,-0.4928070821036137,1.9957540043032682,0.9640617720286041
0.6878310290634999,4.308090300588084,-2.8631085857534986,-0.35194842334434395,1.4261788548847492,0.6906141928015306
0.4308275536111707,2.688687692629351,-1.7887877937769905,-0.21918916553224133,0.8893543900554343,0.4328899038691442
0.29203768036040656,1.8141598976064408,-1.2086211392729864,-0.1474950355903101,0.5994524760815519,0.2937107689114771
0.15323508338369837,0.9395519292125657,-0.6284012973040696,-0.07579433300413752,0.30952398500649025,0.15451887454183807
0.015103770344217792,0.06917378283457498,-0.05098754303421654,-0.004440392877619143,0.020997660340721293,0.016000146848599867
0.004195968968575976,0.0004427200980842148,-0.005390969711707093,0.0011942064695038815,-0.0017863686520287433,0.005061752539319641
0.004195968968575976,0.0004427200980842148,-0.005390969711707093,0.0011942064695038815,-0.0017863686520287433,0.005061752539319641
0.004195968968575976,0.0004427200980842148,-0.005390969711707093,0.0011942064695038815,-0.0017863686520287433,0.005061752539319641
0.004195968968575976,0.0004427200980842148,-0.005390969711707093,0.0011942064695038815,-0.0017863686520287433,0.005061752539319641
0.004195968968575976,0.0004427200980842148,-0.005390969711707093,0.0011942064695038815,-0.0017863686520287433,0.005061752539319641
0.004195968968575976,0.0004427200980842148,-0.005390969711707093,0.0011942064695038815,-0.0017863686520287433,0.005061752539319641
0.004195968968575976,0.0004427200980842148,-0.005390969711707093,0.0011942064695038815,-0.0017863686520287433,0.005061752539319641
0.004195968968575976,0.0004427200980842148,-0.005390969711707093,0.0011942064695038815,-0.0017863686520287433,0.005061752539319641
0.004195968968575976,0.0004427200980842148,-0.005390969711707093,0.0011942064695038815,-0.0017863686520287433,0.005061752539319641
0.004195968968575976,0.0004427200980842148,-0.005390969711707093,0.0011942064695038815,-0.0017863686520287433,0.005061752539319641
0.004195968968575976,0.0004427200980842148,-0.005390969711707093,0.0011942064695038815,-0.0017863686520287433,0.005061752539319641
0.004195968968575976,0.0004427200980842148,-0.005390969711707093,0.0011942064695038815,-0.0017863686520287433,0.005061752539319641
0.004195968968575976,0.0004427200980842148,-0.005390969711707093,0.0011942064695038815,-0.0017863686520287433,0.005061752539319641
