Joint0,Joint1,Joint2,Joint3,Joint4,Joint5 
0.003752954505346789,-0.002289342536532567,0.001661578630621206,0.0008912568999914467,-0.003900411309927806,0.004529587301421172
0.003752954505346789,-0.002289342536532567,0.001661578630621206,0.0008912568999914467,-0.003900411309927806,0.004529587301421172
0.003752954505346789,-0.002289342536532567,0.001661578630621206,0.0008912568999914467,-0.003900411309927806,0.004529587301421172
0.003752954505346789,-0.002289342536532567,0.001661578630621206,0.0008912568999914467,-0.003900411309927806,0.004529587301421172
0.003752954505346789,-0.002289342536532567,0.001661578630621206,0.0008912568999914467,-0.003900411309927806,0.004529587301421172
0.003752954505346789,-0.002289342536532567,0.001661578630621206,0.0008912568999914467,-0.003900411309927806,0.004529587301421172
0.003752954505346789,-0.002289342536532567,0.001661578630621206,0.0008912568999914467,-0.003900411309927806,0.004529587301421172
0.003752954505346789,-0.002289342536532567,0.001661578630621206,0.0008912568999914467,-0.003900411309927806,0.004529587301421172
0.003752954505346789,-0.002289342536532567,0.001661578630621206,0.0008912568999914467,-0.003900411309927806,0.004529587301421172
0.003752954505346789,-0.002289342536532567,0.001661578630621206,0.0008912568999914467,-0.003900411309927806,0.004529587301421172
0.003752954505346789,-0.002289342536532567,0.001661578630621206,0.0008912568999914467,-0.003900411309927806,0.004529587301421172
0.0037617755850636227,-0.0022879701391376145,0.0016058198900186318,0.0008912574975931491,-0.003846024894266821,0.0045384077349301015
0.04560200335109545,0.0036702484086731184,-0.26235841387436687,0.0008940957221018959,0.25416033454239745,0.04637556302130532
0.17497978084181826,0.012766114390778042,-1.0699958248737131,0.0009029593984374281,1.052702957011131,0.17574366860755572
0.37598907114306035,0.00030626458032470327,-2.300635644069593,0.0009170034744782226,2.2958043391487384,0.3767374078358882
0.6303790206400055,-0.062257372821118505,-3.816416899398173,0.0009352860688697491,3.8741514682855147,0.6311067255534073
0.9197647880587401,-0.19771213434461554,-5.484818518487141,0.0009568359241467609,5.678010485755858,0.920467665159878
1.2222023466657443,-0.4133994294862637,-7.16557935494041,0.0009802993634729176,7.574461478559559,1.2228776399776247
1.5230997539186069,-0.7044170829100989,-8.774418555361164,0.0010047017056223453,9.474321285895767,1.5237458351523394
1.8010055889692942,-1.0420831657621932,-10.204335583548575,0.0010282780597103897,11.241907219333745,1.8016230178486914
2.0376576832922604,-1.3826156271396872,-11.379577129226885,0.0010492191846505961,12.757683701328382,2.038249366385249
2.219132158465792,-1.6772685583635452,-12.254266355603738,0.0010658629424244994,13.927027801374134,2.2197032116240663
2.3349454898763136,-1.88066915005026,-12.800401596283896,0.0010767672711963958,14.676564893556009,2.3355029577442554
2.4645051698189078,-2.1225614391501044,-13.400132317756064,0.0010892413840708733,15.518189332163413,2.4650470372974005
2.5536694617564746,-2.297851481079426,-13.805995128618685,0.0010980012647984943,16.09934317914668,2.5542003401909943
2.6623764527999128,-2.5213609127990004,-14.293187943732022,0.0011088822151623667,16.810046650662322,2.662893646788064
2.7612670020401566,-2.7341017574486846,-14.729073964533887,0.0011189797286641427,17.45867464222622,2.7617714662668047
2.8348164781728915,-2.898229339200299,-15.048684526425067,0.0011266182445180152,17.942413630904497,2.8353112950921004
2.8621150716802344,-3.1860596426949552,-15.555924852523518,0.0011327615798970424,18.737484575675374,2.86259585735828
2.862112876016089,-3.630677166734129,-16.269500606068352,0.0011392927331357167,19.895677853228417,2.8625738523727775
2.862111252806471,-3.975929228454297,-16.78113940597901,0.0011444313203340364,20.752568714836297,2.8625573877442796
2.862109868939858,-4.281372343587682,-17.206742601145027,0.001149026941163598,21.4836150251161,2.8625432095361
2.8621083478441394,-4.628873544918252,-17.663357908890585,0.00115431262960163,22.287731534170646,2.8625274666972027
2.8621070333947207,-4.939089351811117,-18.048527158910527,0.0011590834039066716,22.983116591064764,2.862513721672331
2.8621060454087,-5.178268864768569,-18.332341348356746,0.0011627955398832834,23.506110293454363,2.8625033011102015
2.8666638536303353,-5.114218573091482,-18.50902025766747,0.0011639432756384307,23.61873896383597,2.8670589345418387
2.8895716412783483,-4.526659003208188,-19.07539648122704,0.001165470541346308,23.59755588298272,2.8899664336372513
2.933170906398102,-3.4258792752054905,-20.1211866403183,0.001168269093935588,23.54256682102455,2.9335654205697206
2.993841433076185,-1.9302707963829453,-21.51028519111328,0.0011719419547172412,23.43605760215235,2.9942361185832165
3.062815314524685,-0.2779021246793905,-23.002534205744215,0.0011758300595815841,23.27593875653051,3.0632109291921465
3.12019015735666,1.0603227275223837,-24.17864164885098,0.0011788532071168806,23.113822026672462,3.1205870947612513
3.159354783731992,1.9559953321343277,-24.949734066187524,0.00118081656293024,22.989242305258156,3.159752890857675
3.1777926594158092,2.3728030463940235,-25.304155498702226,0.001181714267490492,22.926856243456072,3.178191389256282
2.869730535607839,2.4319228113769076,-25.354230641029147,0.0011591685451642583,22.917807976326657,2.8701381873055185
2.0252387607890294,2.4771076590879506,-25.392416213504074,0.0010973911012272027,22.910799274167214,2.0256705721816717
0.7789644375006815,2.5152718762288333,-25.424625895565075,0.0010059979077842464,22.904832362695267,0.7794319081021798
-0.7443886181854947,2.5158823771185466,-25.42509206963315,0.0008939668966417098,22.904675397698107,-0.7438775396545843
-2.0218612744260582,2.4773596607599724,-25.392497586938177,0.0007997889725111259,22.910595150432968,-2.0213135959301556
-2.8604130411468383,2.432657142771057,-25.354665447083157,0.0007378733316673631,22.917461015769636,-2.859841316502229
-3.1796851111404894,2.4024527322883826,-25.329093909489952,0.0007142874854074723,22.922092387050935,-3.1791042393514486
-3.159691619971077,1.9507854964159548,-24.94529147937141,0.0007160191733118376,22.989957281542555,-3.1591119734725037
-3.1176255484063233,0.9881554342997891,-24.11596367611868,0.0007196346433265148,23.123259728668536,-3.117048402968641
-3.058449700023805,-0.3943521532109319,-22.898810816471514,0.0007246517577270569,23.28861472493006,-3.0578758875160816
-2.9973893247914054,-1.8576375518998394,-21.576824519228122,0.0007297308716630424,23.429914107686525,-2.996818695012688
-2.953191293656501,-2.9416325528675196,-20.57494331418356,0.0007333359386221492,23.512028110010533,-2.9526227842110035
-2.9174731562724756,-3.8336315734495447,-19.736123071312942,0.0007362005755756568,23.56520705621835,-2.916906236705464
-2.880423706698018,-4.774678601369197,-18.837057739053435,0.0007391216969189703,23.607188928257376,-2.879858309758259
-2.864173988637449,-5.192708914172568,-18.43299117315028,0.0007403855523955007,23.621152753034256,-2.8636092161058415
-2.59767677762931,-5.215857224808859,-18.410559512145884,0.0007601907024164541,23.62187070916427,-2.5971199477518847
-1.8121926038297762,-5.176763768195871,-18.448459167557978,0.0008185106884491392,23.620681243724903,-1.8116591331350427
-0.5995431654795723,-5.143781010818992,-18.480399128898643,0.0009084080546873951,23.61964657974504,-0.5990457062568619
0.8370698113766063,-5.147619388306873,-18.476636971308764,0.0010146447703057696,23.619734686976976,0.8375247010125564
1.9825470317487195,-5.184028294577873,-18.441303302698323,0.0010991072339528428,23.6208211493302,1.9829680623475285
2.6799841685167936,-5.220712664087143,-18.405693575814674,0.0011504115723165189,23.621903383456402,2.680384624684537
2.8621171284450844,-5.194047682663031,-18.35079495638988,0.0011631975779624257,23.54034185737335,2.862513704285603
2.8621170948693155,-4.930406503082807,-18.038281965799563,0.0011590739342579018,22.96418768720534,2.862524086518691
2.8621170258715187,-4.455474265023096,-17.43909192826286,0.0011517344094669531,21.890065411613506,2.862543200244487
2.8621169384660106,-3.9520418631196814,-16.746758200789717,0.001144079464945274,20.694299282241825,2.8625641295290523
2.86211686930662,-3.610527425556271,-16.238449723201942,0.0011389582796971112,19.844476367093954,2.8625787946360886
2.862116804867606,-3.327500002379439,-15.789869379334863,0.0011347576775199535,19.112868600052813,2.8625912873749493
2.862116741233189,-3.0750755686001625,-15.366566321304788,0.001131043825848203,18.43714110824593,2.8626027231766495
2.8621167123332176,-2.9681232230872103,-15.180004528738545,0.0011294794201096383,18.143626970167787,2.8626076609308133
2.8621167102072085,-2.960373018861827,-15.16636801402363,0.0011293661987047195,18.122240251227566,2.862608020256139
2.8621167102072085,-2.960373018861827,-15.16636801402363,0.0011293661987047195,18.122240251227566,2.862608020256139
2.8621167102072085,-2.960373018861827,-15.16636801402363,0.0011293661987047195,18.122240251227566,2.862608020256139
2.8621167102072085,-2.960373018861827,-15.16636801402363,0.0011293661987047195,18.122240251227566,2.862608020256139
2.8621167102072085,-2.960373018861827,-15.16636801402363,0.0011293661987047195,18.122240251227566,2.862608020256139
2.8621167102072085,-2.960373018861827,-15.16636801402363,0.0011293661987047195,18.122240251227566,2.862608020256139
2.8621029793453734,-2.9603588078530176,-15.16629517139713,0.0011293349510611262,18.12215318345572,2.8625942513322005
2.726023481628419,-2.8195208208393256,-14.444389427535151,0.0008196556537092232,17.259269352655032,2.726137539709248
2.5899559517246624,-2.6786952201347263,-13.722547173274723,0.0005100035917898757,16.396461410086392,2.5896928290744086
2.4542516628128808,-2.5382455623970603,-13.002631923176661,0.0002011781658961711,15.535956788619885,2.45361236633968
2.1836467157503905,-2.258177979405979,-11.567064707840455,-0.0004146438445624976,13.820043390404818,2.182257299304849
1.9129305391350477,-1.977995277336838,-10.130907416449897,-0.0010307189827174746,12.103424682541545,1.9107906943875876
1.641289136801749,-1.696854995839227,-8.689841775371347,-0.0016488996786900194,10.380939093000583,1.638396299016221
1.3705316822318545,-1.4166295723893876,-7.2534655032159705,-0.002265068754052116,8.664058640494295,1.3668883017214513
1.0998570780587187,-1.1364898964863763,-5.817528754855913,-0.0028810492848275267,6.947703544628343,1.095463384485677
0.8286190024686767,-0.855767045443625,-4.378602774031075,-0.003498312120692189,5.227775461038861,0.823473433883859
0.5561466531870071,-0.573766760069698,-2.9331289349143352,-0.004118383822080136,3.50002081408637,0.5502457881697873
0.3487455935552031,-0.3591132065725604,-1.8328602041854374,-0.004590371266878109,2.184885001199586,0.3422698104560961
0.21295336365177997,-0.2185725326829644,-1.1124784245362513,-0.004899396822144402,1.3238227434908403,0.20610116295630262
0.077434024610908,-0.07831429222677272,-0.39354433895140456,-0.005207801353288866,0.46449089423317785,0.07020616277561624
0.0035636543050557917,-0.001860789470082447,-0.001659848490343589,-0.005375909883635027,-0.003923151832463896,-0.003868977031799475
0.0035636543050557917,-0.001860789470082447,-0.001659848490343589,-0.005375909883635027,-0.003923151832463896,-0.003868977031799475
0.0035636543050557917,-0.001860789470082447,-0.001659848490343589,-0.005375909883635027,-0.003923151832463896,-0.003868977031799475
0.0035636543050557917,-0.001860789470082447,-0.001659848490343589,-0.005375909883635027,-0.003923151832463896,-0.003868977031799475
0.0035636543050557917,-0.001860789470082447,-0.001659848490343589,-0.005375909883635027,-0.003923151832463896,-0.003868977031799475
0.0035636543050557917,-0.001860789470082447,-0.001659848490343589,-0.005375909883635027,-0.003923151832463896,-0.003868977031799475
0.0035636543050557917,-0.001860789470082447,-0.001659848490343589,-0.005375909883635027,-0.003923151832463896,-0.003868977031799475
0.0035636543050557917,-0.001860789470082447,-0.001659848490343589,-0.005375909883635027,-0.003923151832463896,-0.003868977031799475
0.0035636543050557917,-0.001860789470082447,-0.001659848490343589,-0.005375909883635027,-0.003923151832463896,-0.003868977031799475
0.0035636543050557917,-0.001860789470082447,-0.001659848490343589,-0.005375909883635027,-0.003923151832463896,-0.003868977031799475
0.0035636543050557917,-0.001860789470082447,-0.001659848490343589,-0.005375909883635027,-0.003923151832463896,-0.003868977031799475
0.0035636543050557917,-0.001860789470082447,-0.001659848490343589,-0.005375909883635027,-0.003923151832463896,-0.003868977031799475
0.0035636543050557917,-0.001860789470082447,-0.001659848490343589,-0.005375909883635027,-0.003923151832463896,-0.003868977031799475
