Joint0,Joint1,Joint2,Joint3,Joint4,Joint5 
-0.0027459216113790963,0.005605150647630178,-0.0006734567962375601,0.0016211526939311168,0.002640275278861826,-0.0009033195209937915
-0.0027459216113790963,0.005605150647630178,-0.0006734567962375601,0.0016211526939311168,0.002640275278861826,-0.0009033195209937915
-0.0027459216113790963,0.005605150647630178,-0.0006734567962375601,0.0016211526939311168,0.002640275278861826,-0.0009033195209937915
-0.0027459216113790963,0.005605150647630178,-0.0006734567962375601,0.0016211526939311168,0.002640275278861826,-0.0009033195209937915
-0.0027459216113790963,0.005605150647630178,-0.0006734567962375601,0.0016211526939311168,0.002640275278861826,-0.0009033195209937915
-0.0027459216113790963,0.005605150647630178,-0.0006734567962375601,0.0016211526939311168,0.002640275278861826,-0.0009033195209937915
-0.0027459216113790963,0.005605150647630178,-0.0006734567962375601,0.0016211526939311168,0.002640275278861826,-0.0009033195209937915
-0.0027459216113790963,0.005605150647630178,-0.0006734567962375601,0.0016211526939311168,0.002640275278861826,-0.0009033195209937915
-0.0027459216113790963,0.005605150647630178,-0.0006734567962375601,0.0016211526939311168,0.002640275278861826,-0.0009033195209937915
-0.0027459216113790963,0.005605150647630178,-0.0006734567962375601,0.0016211526939311168,0.002640275278861826,-0.0009033195209937915
-0.0027459216113790963,0.005605150647630178,-0.0006734567962375601,0.0016211526939311168,0.002640275278861826,-0.0009033195209937915
-0.0027459042499744994,0.005951080856208818,-0.000629638923899096,0.0016213018625347367,0.0028831911453549965,-0.000902759143995099
-0.0027326022082198977,0.2627504900333269,0.033234816603952645,0.001730737859898833,0.18369098507101878,-0.0004846839103309613
-0.0026894666012742614,0.9989041579015175,0.14624987851036475,0.0020287942883254126,0.707900689793081,0.0007388773124496603
-0.0026136890730640234,2.0526271438781714,0.3514750279714278,0.0024117264517056723,1.4752486962027933,0.0025600693530125635
-0.0025041909612559345,3.252444069606258,0.6541367400005402,0.0027759454589079383,2.3780057996729136,0.0047476450267584635
-0.0023698887417029995,4.415749141540044,1.0273420355323084,0.003042679132356505,3.2893692709835967,0.007004159508819916
-0.0022065994372071685,5.549278410517129,1.4785593893389823,0.0032037040704353515,4.2196403810842975,0.009355732207407768
-0.002010676179156165,6.647736981363924,2.012898196358701,0.003245555474688591,5.170519682378883,0.011808008855017038
-0.0018077899966804278,7.581854493669285,2.5567311535493693,0.0031718595889089264,6.026597374120597,0.014056389914836088
-0.001649545670797295,8.205932572778082,2.9740243050992485,0.003054563855043339,6.628040082259589,0.015658337284862614
-0.001529897032758551,8.629610438091499,3.285594673205844,0.0029384217680031182,7.05210906702916,0.016798716355844893
-0.0012782093360946545,9.412156016499901,3.930311556736486,0.0026324947156284207,7.874564844614916,0.01903556257661033
-0.0009758027291918899,10.199186170947277,4.686807718860244,0.0021786150720191216,8.763785037120764,0.021490809241115766
-0.0007694597429366988,10.66111951713477,5.192381299284671,0.0018269508190217525,9.321443546372482,0.023049893774457403
-0.0005850855342658352,11.031622513674776,5.637291943631574,0.0014892926387965947,9.791764126578002,0.024376354974644566
-0.0002751027166053446,11.579322444438265,6.3716649767933715,0.0008802082573823941,10.532045763337841,0.026485669664049447
-0.00010444529008002606,11.846381133945346,6.76907685860658,0.0005260688102027472,10.91615877753267,0.02759056799872726
-2.6161096764432847e-05,11.958757029102538,6.939665628389943,0.0003595958913277777,11.100931069496998,0.028085814039195398
-2.836229963900191e-05,11.868965450551112,6.640447923177015,0.0003609198225386426,11.4899403532697,0.028082653497886755
-3.3434970772031926e-05,11.646715036739613,5.953026307421876,0.0003640189704638459,12.399612382855988,0.02807526382762009
-3.990147596932203e-05,11.33147898297801,5.081754586526924,0.0003680755178712599,13.586120157538467,0.028065619719424503
-4.429865629345598e-05,11.095542930153309,4.493117464879321,0.00037090819016587093,14.410693332028993,0.028058910882821177
-4.757619770267295e-05,10.907759266073251,4.056678321717821,0.0003730619721338677,15.034916139284462,0.02805382705086205
-5.0601428825765064e-05,10.725005505830133,3.6557898521187475,0.0003750843016047245,15.618558369139759,0.028049068803354355
-5.257941336721769e-05,10.60051731311626,3.3947630638502524,0.0003764251284719948,16.004073350130835,0.02804592283748876
0.2895007233198677,10.872103744570916,3.0500103440345816,-0.15028812965605412,16.076910131985738,0.3205154619775187
1.0513763038755974,11.585880661377514,2.2020398597888127,-0.5470674058694389,16.206598369173015,1.0914168565699622
2.222676548522642,12.63649327987002,0.960424401465438,-1.157793126465394,16.38064798411948,2.2798755268092226
3.318171120648105,13.570875340428099,-0.13792784469074643,-1.7294450131978023,16.51772272514574,3.3944457555075247
4.111094954041838,14.219815163952198,-0.8978665519715502,-2.143282308151199,16.602587721394027,4.202690019055928
6.482139075391218,16.033548167334114,-3.0119364824283354,-3.3798090150552587,16.791323153891003,6.625288404126117
6.482139075391218,16.033548167334114,-3.0119364824283354,-3.3798090150552587,16.791323153891003,6.625288404126117
7.250292425345911,16.58311238895293,-3.650435481663298,-3.7797294067246865,16.833337427953737,7.411521211760231
7.79932696176338,16.96519933124318,-4.094026321669176,-4.065265675045179,16.858078182836387,7.973775676775714
8.072768775397533,17.15227436774214,-4.311150192794017,-4.207367399163132,16.868822528687218,8.253879883419012
7.910068878523872,17.196777785248937,-4.351527254268263,-4.123139285149202,16.876337173713402,8.088241646511683
7.184358528516188,17.276888133808022,-4.405113266579189,-3.7467889512343735,16.898427883367386,7.348688458234103
5.991992207205569,17.39140211789504,-4.481558567391796,-3.1272334402955337,16.930124718883278,6.133622255077363
4.431699419725517,17.50942315334495,-4.560155305456073,-2.3146170346443578,16.962940477411006,4.543695886835814
2.603237847050252,17.60243858609666,-4.62196313526367,-1.360326018183408,16.98890999283496,2.6805838977743734
0.5371504768731672,17.64918550418456,-4.652978268416089,-0.2804964673398235,17.00199505075662,0.575401257878398
-1.58294635189233,17.633195714368803,-4.6423660339172015,0.8279037162363194,16.99750908177688,-1.5847992490111724
-3.517644097641363,17.56194460971671,-4.595053026802182,1.8384829811991361,16.977574147023198,-3.5561273176149264
-5.196141460033807,17.456047866496405,-4.52460836311668,2.7136825215102687,16.94805306981737,-5.266462967104064
-6.557614574628642,17.339649129422682,-4.447000433853004,3.4220013163033327,16.915747500665635,-6.653820122632568
-7.486904315323886,17.24439893634188,-4.383355265361887,3.9044548515733015,16.889420441646333,-7.600815087908105
-7.9882258370116865,17.18759773653644,-4.345341708338959,4.16432719713296,16.873766947452957,-8.111702521423645
-8.021241717560338,17.11717523332165,-4.270341635969179,4.181308511021111,16.866912322625232,-8.144899788717842
-7.504958945214409,16.761492298365948,-3.857489049025054,3.9129219440209475,16.84542195021749,-7.6160961436802035
-6.494348232623406,16.042452240621273,-3.022234416301572,3.3868790602170407,16.792126568965333,-6.581584943875658
-5.118344660181978,15.012713266365518,-1.8235920048678784,2.669553691043651,16.694213709964796,-5.174725345477846
-3.5220372329904555,13.73974747567126,-0.33587919428751783,1.8365481826112748,16.540674100385914,-3.5459447760764635
-2.190286742376667,12.607988138419946,0.9940212274422411,1.1415964028940433,16.376219399796586,-2.190769335618132
-1.3048737051791433,11.817737169734764,1.9273808558625332,0.6798791671733959,16.246778995390095,-1.2921153670755459
-0.6476126253643928,11.210459525497052,2.6475604943131077,0.3374322258407527,16.13953417805016,-0.626445289732402
-0.17417186068559537,10.761624991150018,3.181578642835683,0.09096590796161703,16.05605663546316,-0.14778774352396226
0.00010280638659892599,10.613472119780711,3.4214698560721524,0.000290362123962187,15.964458293849704,0.028221285510206057
8.910496159551634e-05,10.789475833259237,3.794374238941364,0.00029725714628022555,15.415550197528344,0.02820830912604962
6.278632930485512e-05,11.104740402553082,4.515003665372573,0.00031043107349722925,14.3796562018473,0.028183734701489962
3.3659226974653676e-05,11.42094172216226,5.318141764462835,0.0003249196810721211,13.260316783186735,0.028157052375539227
1.2586407176246155e-05,11.623449422729717,5.884995848759208,0.00033851651019681136,12.490925859838441,0.02812673025815941
-5.54693231798795e-06,11.790250402401007,6.389061058303056,0.0003474595453829993,11.820059670636907,0.028110640964674975
-2.092761800881654e-05,11.922659762748307,6.817684887641587,0.0003550289251272405,11.259026480959703,0.028097142096520696
-2.5665790719714636e-05,11.961885360563823,6.94989637655673,0.0003573582595273499,11.087589394231191,0.02809300940366497
-2.5665790719714636e-05,11.961885360563823,6.94989637655673,0.0003573582595273499,11.087589394231191,0.02809300940366497
-2.5665790719714636e-05,11.961885360563823,6.94989637655673,0.0003573582595273499,11.087589394231191,0.02809300940366497
-2.5665790719714636e-05,11.961885360563823,6.94989637655673,0.0003573582595273499,11.087589394231191,0.02809300940366497
-2.5665790719714636e-05,11.961885360563823,6.94989637655673,0.0003573582595273499,11.087589394231191,0.02809300940366497
-2.5665790719714636e-05,11.961885360563823,6.94989637655673,0.0003573582595273499,11.087589394231191,0.02809300940366497
-2.5672723053963604e-05,11.961696001865223,6.949786341875639,0.0003573421545096182,11.087413863402361,0.028092521819050968
-5.605656965301456e-05,11.13175251618624,6.467513452146944,0.0002867551962552161,10.318076785144017,0.025955478857218627
-8.638755349410053e-05,10.303252991905135,5.986079635738335,0.00021629104737840637,9.550078223377618,0.023822153988962213
-0.000120718533369696,9.36549242851364,5.441155186562823,0.00013653421226500546,8.680797381495621,0.02140749004321148
-0.00018326027866729,7.657146715158385,4.448450456599869,-8.761135711659387e-06,7.097203170026317,0.017008626450571124
-0.0002462359057904506,5.936949395275646,3.4488588618966483,-0.00015506446660479804,5.502622812517126,0.012579245849540437
-0.00030895392923930784,4.223788593651976,2.453356126318158,-0.0003007693393749684,3.9145651333492375,0.008167983761493856
-0.0003721234069227179,2.498296190108585,1.4506876048814406,-0.0004475230188228668,2.315076364288043,0.0037249687124982613
-0.00040436798347211287,1.6175263320721256,0.9388799553838767,-0.0005224327762626673,1.4986244963088313,0.001457051608996913
-0.00043451041896471685,0.7941770600162628,0.4604389054302827,-0.0005924588945445078,0.735400090936972,-0.0006630117415061429
-0.00046340315419888595,0.004963709005093346,0.001833940185886155,-0.0006595817418502695,0.0038188398441020535,-0.0026951776254069432
-0.00046340315419888595,0.004963709005093346,0.001833940185886155,-0.0006595817418502695,0.0038188398441020535,-0.0026951776254069432
-0.00046340315419888595,0.004963709005093346,0.001833940185886155,-0.0006595817418502695,0.0038188398441020535,-0.0026951776254069432
-0.00046340315419888595,0.004963709005093346,0.001833940185886155,-0.0006595817418502695,0.0038188398441020535,-0.0026951776254069432
-0.00046340315419888595,0.004963709005093346,0.001833940185886155,-0.0006595817418502695,0.0038188398441020535,-0.0026951776254069432
-0.00046340315419888595,0.004963709005093346,0.001833940185886155,-0.0006595817418502695,0.0038188398441020535,-0.0026951776254069432
-0.00046340315419888595,0.004963709005093346,0.001833940185886155,-0.0006595817418502695,0.0038188398441020535,-0.0026951776254069432
-0.00046340315419888595,0.004963709005093346,0.001833940185886155,-0.0006595817418502695,0.0038188398441020535,-0.0026951776254069432
-0.00046340315419888595,0.004963709005093346,0.001833940185886155,-0.0006595817418502695,0.0038188398441020535,-0.0026951776254069432
-0.00046340315419888595,0.004963709005093346,0.001833940185886155,-0.0006595817418502695,0.0038188398441020535,-0.0026951776254069432
-0.00046340315419888595,0.004963709005093346,0.001833940185886155,-0.0006595817418502695,0.0038188398441020535,-0.0026951776254069432
-0.00046340315419888595,0.004963709005093346,0.001833940185886155,-0.0006595817418502695,0.0038188398441020535,-0.0026951776254069432
-0.00046340315419888595,0.004963709005093346,0.001833940185886155,-0.0006595817418502695,0.0038188398441020535,-0.0026951776254069432
-0.00046340315419888595,0.004963709005093346,0.001833940185886155,-0.0006595817418502695,0.0038188398441020535,-0.0026951776254069432
