Joint0,Joint1,Joint2,Joint3,Joint4,Joint5 
-0.001149546768019608,-0.0005408988140271815,-0.003694839998208251,0.005395478452980351,0.005127389291205631,-0.0014801881549109258
-0.001149546768019608,-0.0005408988140271815,-0.003694839998208251,0.005395478452980351,0.005127389291205631,-0.0014801881549109258
-0.001149546768019608,-0.0005408988140271815,-0.003694839998208251,0.005395478452980351,0.005127389291205631,-0.0014801881549109258
-0.001149546768019608,-0.0005408988140271815,-0.003694839998208251,0.005395478452980351,0.005127389291205631,-0.0014801881549109258
-0.001149546768019608,-0.0005408988140271815,-0.003694839998208251,0.005395478452980351,0.005127389291205631,-0.0014801881549109258
-0.001149546768019608,-0.0005408988140271815,-0.003694839998208251,0.005395478452980351,0.005127389291205631,-0.0014801881549109258
-0.001149546768019608,-0.0005408988140271815,-0.003694839998208251,0.005395478452980351,0.005127389291205631,-0.0014801881549109258
-0.001149546768019608,-0.0005408988140271815,-0.003694839998208251,0.005395478452980351,0.005127389291205631,-0.0014801881549109258
-0.001149546768019608,-0.0005408988140271815,-0.003694839998208251,0.005395478452980351,0.005127389291205631,-0.0014801881549109258
-0.001149546768019608,-0.0005408988140271815,-0.003694839998208251,0.005395478452980351,0.005127389291205631,-0.0014801881549109258
-0.001149546768019608,-0.0005408988140271815,-0.003694839998208251,0.005395478452980351,0.005127389291205631,-0.0014801881549109258
-0.001149546768019608,-0.0005408988140271815,-0.003694839998208251,0.005395478452980351,0.005127389291205631,-0.0014801881549109258
-0.001149546768019608,-0.0005408988140271815,-0.003694839998208251,0.005395478452980351,0.005127389291205631,-0.0014801881549109258
-0.0011299005174561282,-0.0005182014406402705,-0.00370108687966108,0.005395477925505358,0.005110940505154055,-0.001460540415695668
0.2331761254656638,0.2684401524114747,-0.07671525552959546,0.005341789338878648,-0.19084226860362252,0.23281516918419845
0.9288346784958474,1.0442281238342312,-0.2741847440017168,0.005105161886487474,-0.7692402861931708,0.9282999280366104
2.0336256833989528,2.2105730045354655,-0.5333305065496924,0.004776406363367934,-1.676550000708375,2.032847507175756
3.4404316264704007,3.5856344454474773,-0.7752699059691799,0.004397716519127789,-2.8098094067573482,3.4393601292974534
5.005516506511981,4.980464626919334,-0.9412137213868407,0.0039842376774934275,-4.038872752278101,5.00409477586545
6.613108246920637,6.276516888805848,-1.011977027731297,0.0035916581067648493,-5.264351709346504,6.611328996980553
8.238126155695465,7.456732921697911,-0.9931088415125667,0.003210187936401311,-6.4636483278919075,8.235969767979583
9.902240425367754,8.540589388540084,-0.8907549434503518,0.0028584821643354865,-7.650076793273722,9.899711985597841
11.598230913338961,9.525218556652845,-0.709859256699852,0.002527413167644651,-8.815832680418444,11.595325476900628
13.14695024887781,10.326307648170022,-0.48440989288690117,0.00225190207830304,-9.842585477188136,13.143708470357009
14.447707264272237,10.931588211555589,-0.25482009754680063,0.0020293397579298315,-10.677647868376264,14.444175437278005
15.348618251735786,11.3166122227346,-0.07590165143075714,0.0018808536720016872,-11.241728804471157,15.34488297565552
15.875226722527684,11.529179623904003,0.03584103806787683,0.001804875014975547,-11.566112618511184,15.871384170854233
16.039452760307945,11.608520918549253,-0.0033138484584139807,0.0017703478428349937,-11.606333892531735,16.03555929386646
16.03952263452324,11.686736117700638,-0.40413809694840547,0.0017685609409568554,-11.283724841639724,16.035620208090133
16.168387832094954,11.671302262356823,-0.4979469630689565,0.0017690693737896813,-11.174479156329335,16.16448258980679
16.83064966585075,11.465189866339488,-0.3496533981738792,0.001774312606462074,-11.116645055250011,16.826743892031246
17.949146957782663,11.095460537967918,-0.08206320968328168,0.0017827337638944328,-11.01447998588965,17.945240058102655
19.433719762689712,10.561514114776847,0.3079629705069281,0.0017930655446223862,-10.87052506970182,19.42981093544546
20.819992378979794,10.016857654513382,0.7101759895660974,0.0018018423335428764,-10.728049005464609,20.816081322028975
21.834182577677343,9.589105063881675,1.029156323392624,0.001807729829842266,-10.619252742605429,21.83026963772171
22.336728460195538,9.367698918985738,1.195333911367319,0.0018104800803226732,-10.564012249386101,22.33281451145231
22.39215993204747,9.23362983121679,1.4681034362642886,0.0018115343290369958,-10.702711368630125,22.388249985632545
22.31360622133665,8.901507844092523,2.2923462970921076,0.0018137188619275534,-11.194834110730973,22.309710199042165
22.193327505645012,8.379030816716199,3.577380683974249,0.0018173565703287263,-11.957394329807556,22.18945313836143
22.04649079712168,7.717560523745298,5.1854053064138235,0.0018223038189449055,-12.903952148180341,22.042643455239844
21.923077150308217,7.140622226347865,6.572074571059663,0.0018269222351329968,-13.71368604600876,21.91925306741398
21.833109575707272,6.707494852388728,7.6041166769358535,0.0018305704160800288,-14.312602913262669,21.82930278602495
21.763559341383818,6.365171476215006,8.414659547966151,0.001833561755318585,-14.780824058259203,21.759766127655666
21.731587051884183,6.205562033414098,8.791088175112128,0.0018349887514718915,-14.997644000997898,21.727800142272738
21.80943435021583,6.414040140428988,8.642674971200075,0.0018359332347090398,-15.057707057488589,21.805649330331992
22.08810135102345,7.164089102573085,8.052784849750235,0.0018388899169483816,-15.217859282796635,22.08432149203644
22.354153569557557,7.861628519808575,7.5119410435872,0.0018417273082536134,-15.374548570472149,22.350378757359355
22.415642513535786,8.052691051897995,7.256144167778891,0.0018415885244477583,-15.309812764327578,22.411865886316523
22.415653747414726,8.209954402385666,6.5943837447679075,0.0018377113688901657,-14.805315691631959,22.411862256196553
22.41567327991536,8.471838640150647,5.453395098648508,0.001831300087187827,-13.926211282977256,22.411856052779893
22.415699497924617,8.800267230226448,3.940785325720807,0.0018233394704783262,-12.742030099721118,22.411847910964795
22.415722741398316,9.068859198467878,2.6179272238871327,0.0018168941279520549,-11.687763965769582,22.411840836825533
22.41573831232427,9.236779810426174,1.7412176405004416,0.0018128935136274842,-10.978974994100126,22.411836156587064
22.415745954419883,9.315627677839782,1.3137145912631267,0.0018110225580490146,-10.63031981215802,22.41183387335373
22.495546766966783,9.542281980680457,1.0641284900779664,0.0018113675261520305,-10.60738611544351,22.491634118871087
22.797029905656597,10.321243028984384,0.48474689373708413,0.0018141687435725056,-10.806958389796572,22.793123260704455
23.28042935905875,11.527596190777636,-0.39471503565430444,0.0018186662430396945,-11.133838095038703,23.276532562605027
23.903533296891485,13.009736405363013,-1.4456928349778915,0.001824465610236975,-11.564985619221119,23.89964952517348
24.440572808219297,14.225767311018384,-2.283735065048681,0.0018294568401578232,-11.942961432373735,24.436700490907274
24.84442501952642,15.10499075679462,-2.87604671027994,0.0018332007979933373,-12.229863543907971,24.840561420575074
25.163286968923803,15.778991063731596,-3.322430855817863,0.0018361487577269913,-12.457472045744469,25.15943030158574
25.228562428528797,15.905623990163049,-3.3683633917861675,0.0018369655881504653,-12.538170867218756,25.224708173510884
25.140450946196072,15.649786330545773,-2.911056615841549,0.0018378270846136932,-12.739642101721019,25.136602461590776
24.951291000024103,15.091863333780466,-1.912950414547175,0.0018397893842425738,-13.179829851429275,24.947455146263852
24.68787034748661,14.295159228858521,-0.4858095840010336,0.0018427901242696494,-13.810272901621522,24.684052641821953
24.41137849262181,13.432833199288964,1.0613037850501867,0.0018463072967821225,-14.495066873149502,24.407580583043003
24.211316156757864,12.79118523620448,2.2141037003603588,0.0018491110333385325,-15.006223619988743,24.20753308495963
24.031087303705164,12.199847862514916,3.277699490874733,0.0018518379940859777,-15.478486353075322,24.027317989942883
23.889330108377923,11.725487655507383,4.131707038381455,0.001854126531573473,-15.858137086435208,23.885571890783964
23.776819476805713,11.342995250572937,4.820839171844108,0.0018560381887774051,-16.164779506527704,23.773070245999747
23.77552849216925,11.308024518673035,4.949245829498991,0.0018568099873709028,-16.258215463212576,23.771782053989845
23.968606704799353,11.742984102637518,4.638682174056213,0.0018588993528557529,-16.38260677276528,23.964864285228977
24.41060743225396,12.710755288925919,3.958277928150412,0.001863682873465031,-16.669963126688163,24.406874308649645
24.864249900800264,13.666241777155511,3.3005213524988974,0.0018685865577439563,-16.967682156459965,24.860526428857643
25.156937215992805,14.263228370647157,2.8966787439042334,0.001871743844205109,-17.16081911065802,25.15322001744442
25.23995012091175,14.458795113351748,2.6776783559403032,0.0018719341249251596,-17.137383470116042,25.236232328161112
25.23996442375177,14.622917037271518,2.0604833433754752,0.001867928698380321,-16.684310381216505,25.236232906975822
25.23999046685056,14.911741594558142,0.9449588566267767,0.0018609346644867554,-15.85761045129033,25.236234075088262
25.240025980904736,15.284673276471707,-0.5592956240637695,0.001852009462454093,-14.726287651879126,25.23623587658853
25.24005858167747,15.605378857699712,-1.9230401025279484,0.0018444276141197913,-13.683248754059619,25.23623770673974
25.240080934614497,15.81307499060702,-2.8486664263236885,0.0018395627801605773,-12.965318562770712,25.236239040614432
25.24009229877524,15.914813824757278,-3.3163203848193112,0.0018371925805105006,-12.599403438221612,25.236239739126905
25.114386644229498,15.996544629744218,-3.4650415701888515,0.00183617237629545,-12.532416079754077,25.11053200632001
24.46310258037657,16.289521478323216,-3.6560516397130836,0.001833637995912176,-12.634398494844945,24.459250213150636
23.329512839645904,16.775533762976757,-3.9701435539651375,0.0018287663288874577,-12.806345993636677,23.325664145998275
21.805268271113157,17.382710493484684,-4.357673241524009,0.001821287442009856,-13.026029323113654,21.801423942214285
20.25680356703651,17.94749706623002,-4.713301842247011,0.001812596565980067,-13.235223910050092,20.25296297871412
19.06765604239177,18.347166407702243,-4.962147611114213,0.0018051748791137752,-13.38607541507608,19.06381784305784
18.360653468047786,18.571151683224738,-5.100584112472187,0.0018004531763194372,-13.47164071384988,18.35681648651574
18.17493090702268,18.569152422697282,-5.040475326511885,0.0017994156184942343,-13.529754569661288,18.17109525125937
18.091834140569016,18.235635933473052,-4.477359744815176,0.001800312932871077,-13.75935559746408,18.088004885772147
17.934036598113366,17.59158011635473,-3.3872730072021846,0.0018021547145387982,-14.205390190535791,17.930219804809774
17.721745254990267,16.70238152935041,-1.8767923816365661,0.0018049354659948132,-14.826677164697083,17.71794588108044
17.514849611508364,15.809113696174087,-0.35319357626443315,0.001808014480088191,-15.457012941156153,17.511067989767987
17.367584019050568,15.15637780427831,0.7639244685066505,0.0018104487752054904,-15.921398510081406,17.36381553010397
17.226474959678388,14.516925271887418,1.8613309453094833,0.0018129886908476813,-16.379355724911644,17.222719469869375
17.121811175351503,14.033402339419768,2.69306988110998,0.0018150127816066643,-16.727574152194823,17.118065603187684
17.060584015922778,13.746782855538052,3.186871846814418,0.001816255195358143,-16.934758051291094,17.05684435876974
17.048586539546495,13.721902794916423,3.165263032491815,0.0018157556619603655,-16.88826945402484,17.044845490026038
17.04858897590404,13.864641299216919,2.6213577122423626,0.0018123758075127975,-16.487102638090615,17.044836197381915
17.04859373175764,14.13670211433196,1.5579590853090841,0.0018059795779172326,-15.695764826301735,17.04481795874076
17.04860031988679,14.498489748816752,0.08165512771823084,0.00179756868526858,-14.58124850323773,17.044792462554316
17.048606515580044,14.821443232080087,-1.3091875693969375,0.001790150363069743,-13.513359289427044,17.044768221529665
17.04861080923227,15.034669606079978,-2.273924672855957,0.0017852980538782502,-12.761848559997407,17.044751261084983
17.048613103398015,15.144862213159442,-2.7895528227523565,0.0017828044001294938,-12.356413017196575,17.044742141846154
17.15048560992077,15.141588286525819,-2.9003753995577988,0.0017829503707912251,-12.242314156623012,17.146611619465105
17.742975074188315,14.9568542340616,-2.776966498568464,0.0017873440946756382,-12.180975269078608,17.73910036666527
18.835645397122338,14.596771637554406,-2.5349652650591894,0.0017950337669251084,-12.062868450011674,18.831769120741892
20.311117342533596,14.069802973856476,-2.1773634214357838,0.0018045687161139712,-11.893467015515556,20.30723845111553
21.804174133889404,13.487063952820524,-1.7771497799320848,0.00181322416582702,-11.71090634955864,21.80029203015407
22.942821068876803,13.007786501376035,-1.4442337639467757,0.001819153862213936,-11.564517842974693,22.93893614504073
23.62322849289231,12.706537439085519,-1.2332485913751838,0.0018224213838410055,-11.474237715470805,23.619341736496246
23.74919734033525,12.62722819395916,-1.0796734676118795,0.0018235237263527426,-11.548500583036969,23.745312851715
23.74918628272613,12.516417635001554,-0.5268150981880441,0.0018261052423793063,-11.99054839368561,23.745314511328786
23.74916497006141,12.292167890909608,0.5469505813731325,0.0018313601360089242,-12.840064329506141,23.74531775571814
23.74913615348956,11.966962369252396,2.0158764239095657,0.0018390575517617945,-13.983784650859546,23.74532226466476
23.749108921078214,11.636852552191119,3.422131483508601,0.0018469642986139944,-15.059929893844352,23.745326689905497
23.749090024583342,11.39495070841588,4.40832661008861,0.0018528185832805111,-15.804223176958589,23.745329874391327
23.749080855384022,11.273830393355114,4.889936665307193,0.0018557690845642605,-16.164712917266325,23.74533145751559
23.568520011114735,11.286009269551842,4.965106336197044,0.0018555088712287635,-16.252065781386598,23.56477294839116
22.85015454328339,11.431330005092798,4.861003692878928,0.001851794001866772,-16.29330101982216,22.846407575212904
21.67354700353683,11.64847877806363,4.706048064074812,0.0018451812208181424,-16.35552213877818,21.669799884544958
20.117847048262053,11.896409554307374,4.5300115216088805,0.0018354301249531321,-16.4274531346063,20.114099141323713
18.313695074592708,12.129335951115285,4.365486672090939,0.001822693568128469,-16.49589696043435,18.309945413595567
16.328311620042836,12.319202713132887,4.231993471128504,0.0018069157545070754,-16.552316558698596,16.324558986877634
14.307413918853786,12.44214873994164,4.14584941889363,0.001788979038095198,-16.589164813196405,14.303657149207298
12.271896738215348,12.495098380383993,4.108826591285977,0.0017690242527158395,-16.60513759064414,12.268134687850868
10.442425801607447,12.482228681034101,4.117833112299587,0.001749495684686851,-16.601315119112893,10.43865807178914
8.827550587735033,12.423338776243357,4.159043403284216,0.00173102670389613,-16.5836709275293,8.82377713173413
7.536417000512045,12.3439530106442,4.214675936491195,0.0017154412192820318,-16.559945651518838,7.532638498091961
6.7116500238469285,12.27815277104591,4.260859677536645,0.001705110561306639,-16.540346834926563,6.707868086272827
6.4183722330809,12.26062310638781,4.2456266019505575,0.0017011747944864694,-16.5075903482916,6.414588357671354
6.4183743582077275,12.372366748048352,3.810634086190264,0.0016986996031513452,-16.18434147419159,6.414581720027376
6.4183791066695015,12.616042844726463,2.839262890428528,0.0016933304783950795,-15.45664637510761,6.414566846614241
6.418385966222578,12.953451858189581,1.4371510465820811,0.0016859713546236626,-14.391943544724361,6.414545243951269
6.41839306593037,13.283325237797733,-0.011800024850447352,0.001678859750380677,-13.272865852900905,6.41452272102132
6.418398353700078,13.51546095071516,-1.0888838801836318,0.0016739034200846242,-12.427917710486454,6.414505824953583
6.418401326078039,13.640617009455939,-1.6933771888552145,0.0016712474787017246,-11.948580460556638,6.414496277558316
6.458899008575477,13.68072603321166,-1.9106771434112895,0.0016707944784581847,-11.771388668211408,6.454989445358532
6.9361858726092755,13.623912805795324,-1.8715538521363573,0.0016765707815386318,-11.753688556921325,6.932277044938317
7.924836078557705,13.492738586327837,-1.7810388814683291,0.0016882363086879123,-11.71300808076606,7.920928601135849
9.32921519940754,13.275321401184078,-1.6304537349889148,0.001704106596465479,-11.646145549281574,9.325309238763644
10.909367821981606,12.986351502983803,-1.429230049420372,0.0017209704714405154,-11.55836457216325,10.905463001025293
12.212115584958422,12.712057195881107,-1.2370842282080936,0.0017340755615476559,-11.476187080500466,12.20821125061541
13.03665226075482,12.521266084081697,-1.1027773480097443,0.0017419945170653768,-11.419684337048892,13.032748023044428
13.35989463640271,12.442821868848753,-1.0473915902703925,0.00174502016717547,-11.396618591292839,13.355990392777771
13.359888842299371,12.346465225872112,-0.5600478527437865,0.0017471588687159201,-11.787605685911803,13.355995291840586
13.35987721504537,12.144216249719582,0.4238524723622287,0.0017516657564748848,-12.569257035003696,13.356005133075755
13.359860935845445,11.841894204235315,1.8140371506545336,0.0017584651382964184,-13.657119668005283,13.35601895178081
13.3598435931062,11.495973666543955,3.3109537537631417,0.0017663369329629195,-14.808115733628249,13.356033755510257
13.359830996470045,11.229659217723595,4.40837744876605,0.0017724646396992322,-15.639224979959797,13.356044581576036
13.359824254762612,11.082049188321784,4.999174020771148,0.0017758863880994568,-16.082411522642648,13.356050406512722
13.359822685609188,11.066698415610407,5.060076587604208,0.0017762410989539037,-16.12796331679229,13.356050130503311
13.359822673606471,11.172170593437318,4.640252540862882,0.0017737733732444063,-15.813611447929825,13.356041184351799
13.359822606065778,11.412257391727012,3.6608252373795938,0.0017681862268741906,-15.074270942858663,13.356020213865492
13.35982241673728,11.738703502179094,2.2700642856783855,0.0017606636258038722,-14.00995610178639,13.355990187093283
13.35982209925832,12.06427774599782,0.7997217146646951,0.0017532449936348607,-12.865187774782427,13.355958085645453
13.359821798706571,12.284689742200124,-0.2548234054565382,0.001748269190330956,-12.031054651003156,13.355934810591997
13.359821603430586,12.40354181481619,-0.8475359093099588,0.0017456014414695504,-11.55719421984532,13.355921628306488
13.372142714346476,12.49655000637941,-1.0853854840639128,0.001744926317116553,-11.412352558449616,13.36823880145579
13.506716585461568,13.076864080815408,-1.492515852140508,0.0017471642913583461,-11.585533224510453,13.502817665727632
13.76321567310508,14.151541326205649,-2.233192005955266,0.0017514783095210454,-11.919528513064485,13.759326411998593
14.033050366045417,15.240153095105004,-2.9661100246287044,0.0017560811404006085,-12.27521614706617,14.029171434812731
14.184047450424806,15.831423541720298,-3.3568716745986067,0.0017586840719842768,-12.475721516024805,14.180174363091679
14.20719324484924,15.906605305262941,-3.3483772956907902,0.001759401822155525,-12.559397132770114,14.20332252047374
14.157507448212757,15.625130163316635,-2.8091666362240337,0.0017605005731464517,-12.817133778910344,14.153643764662535
14.06049787501416,15.066340016773875,-1.7389211389608146,0.0017627925982430538,-13.328591332065116,14.056648196847492
13.92895665072285,14.288742200973811,-0.25002817905201447,0.0017662278882630232,-14.03988946014778,13.925126528622672
13.791880470842736,13.452686788109073,1.350257480573101,0.0017702435899982585,-14.804122813428135,13.78807147020461
13.68931100768474,12.808910796148567,2.582138561642608,0.001773565640075331,-15.392230225015103,13.685518344675762
13.604301111825674,12.262981746176086,3.62654802601372,0.001776540459168707,-15.890712562973599,13.60052235739093
13.544411459978361,11.871378382825826,4.3755873752653,0.0017787641011486163,-16.248149903307414,13.540642714680873
13.527991716831057,11.749946718870536,4.633858292609842,0.0017796966266040164,-16.384989527939425,13.524226828774385
13.611116822281515,12.090884412350452,4.39244793839987,0.0017813131477726555,-16.484514987592913,13.607355006624074
13.829577197474205,12.966043274035677,3.7811646416129774,0.0017855973992431226,-16.74838560736235,13.825823546514503
14.081606718451676,13.94067538154355,3.1142217098374507,0.0017905993427787784,-17.05606906849194,14.077862625249992
14.209392385278118,14.421213974212158,2.790714543638108,0.0017931577567083829,-17.21309759363557,14.205653186194642
14.215353152774219,14.53412512852352,2.4376211358451334,0.001791167663173963,-16.972915204809432,14.211607029076388
14.215365626656187,14.764607086839082,1.5614611834138241,0.0017858284347340887,-16.327237210518973,14.211600930480687
14.215384567976947,15.100089268676715,0.2412197965930562,0.0017781345188918535,-15.34247800526991,14.211591779741974
14.215406853940744,15.471765087700483,-1.2961923113491036,0.001769716904938329,-14.176741716037814,14.211581152970226
14.215424202609876,15.743421107585137,-2.4809604885864887,0.0017636338031603153,-13.263629558440421,14.211572959718865
14.21543453935378,15.897771216849364,-3.1818295328458808,0.001760203072924786,-12.717110623299337,14.211568101930704
14.163890171311426,15.965375748816527,-3.444594847919111,0.0017585331721438377,-12.521951011103294,14.160018219301998
13.68195285042169,16.082118884854335,-3.520916733054821,0.001754229053048547,-12.562383192702232,13.678081029477694
12.682479579541425,16.309935392143537,-3.669265292652036,0.0017449750789889865,-12.641873688395288,12.678607825219027
11.265814228005539,16.601044815739147,-3.8577205840156825,0.0017311063454824424,-12.744559490278082,11.261942099531266
9.606911692857517,16.89558935470028,-4.047133674309743,0.0017137528557077146,-12.849727567405699,9.603038429553765
8.228148150817487,17.10323915309382,-4.179902558402529,0.0016984255945785068,-12.92463852945857,8.2242733772748
7.284593748169904,17.22624944753279,-4.25825544743635,0.0016874680789401156,-12.96931628156601,7.280717647509534
6.862600251422718,17.276271545959673,-4.290053738400215,0.001682444610340504,-12.987549129897472,6.858723480320785
6.823638129434035,17.073047991140484,-3.9454023102541993,0.0016828076916754699,-13.12897783608947,6.81976498011272
6.776195191512322,16.547016704117652,-3.0577249301448433,0.0016844173619902725,-13.490624942177355,6.772331460823581
6.7063214375081035,15.75522471664521,-1.7168543675223862,0.0016870080210211315,-14.039705008401421,6.702472053834733
6.622594455820438,14.77819408457699,-0.05474952504524433,0.0016904883392339504,-14.724781004138325,6.6187630566878095
6.553784814536528,13.95065284664522,1.359309260780024,0.0016936873760272772,-15.311300018153231,6.549968891718845
6.503217430774933,13.327467037599467,2.4278341991829104,0.0016962523026999709,-15.756640224297342,6.499413310732297
6.45382468042394,12.705845566499763,3.4967017455015177,0.0016989464890672617,-16.20388735076003,6.450032460696062
6.425523585978854,12.34371209046778,4.120736661221733,0.0017005791536955149,-16.465789392554946,6.421738357482862
6.427061065636412,12.32754140296429,4.226051892222349,0.0017012843029471686,-16.554933903348886,6.423278260576179
6.482240051112403,12.804456773594426,3.8931162934217345,0.0017030992957638867,-16.698912501132547,6.478461356298682
6.60149933401202,13.806679790900267,3.2050273136417493,0.0017070833413247877,-17.013043998970822,6.59772963492769
6.741516471253061,14.936906002631448,2.447462138287452,0.0017118596430678644,-17.38570204981232,6.737757495778781
6.825988151619463,15.595812757700172,2.0147895977538552,0.0017147890857399921,-17.611934461216094,6.822235714820109
6.842327306859371,15.764501210447666,1.7766230497847866,0.0017144122242743435,-17.542456017065973,6.8385730162120915
6.842332377264908,15.955375976461786,1.0745793373996353,0.0017102267800999536,-17.031287070659268,6.838564045327785
6.842340909253427,16.267015613078147,-0.10349977419355016,0.0017034543392342057,-16.16484759562241,6.8385489505782875
6.84235200927449,16.653676585920667,-1.6295061398179291,0.0016951561294562129,-15.025502202762524,6.838529295951844
6.842361787537881,16.975854344078023,-2.9669726115427033,0.0016883284746079797,-14.010213489126551,6.83851194583657
6.842368282088614,17.17985846043205,-3.8514714349732886,0.0016840452006739034,-13.329718782004617,6.838500393351323
6.84237108661832,17.265384663298097,-4.232418223281663,0.001682258703474759,-13.034298196542734,6.838495395604262
6.882333612138161,17.59513849731053,-4.492070928030055,0.001683163853472866,-13.104398472208533,6.878459879288292
6.99646703760899,18.478830266568593,-5.04370861241519,0.001686573487502214,-13.436450117367833,6.992602401863998
7.158953691405615,19.689113807830214,-5.780744753627486,0.0016915239678136438,-13.909694039468185,7.1551020890666095
7.276497959378833,20.531401800826345,-6.281076537696477,0.001695171758233534,-14.251647729028376,7.272655826301863
7.323138807158286,20.85827811891783,-6.472488340783935,0.0016966337597777363,-14.387111243584597,7.319300437498603
7.307384476322904,20.694895639512268,-6.190441476018571,0.0016972333679180795,-14.505775966966127,7.303549237277759
7.256011439337146,20.182396049019044,-5.36575538811836,0.0016987224662378692,-14.81796356623615,7.252184417842606
7.176852744438896,19.376257934218714,-4.0625205138494165,0.0017012237859735059,-15.315062022447421,7.173038851024929
7.081107801643711,18.37291100931517,-2.4304189394203797,0.0017046165625700176,-15.943818722481696,7.077310593461668
7.000534601296861,17.50304359277491,-1.0067660811208037,0.001707815109431354,-16.49760588833675,6.996752166869302
6.942358882984627,16.859569700420515,0.05138239309699306,0.0017103390072921397,-16.912281714187287,6.938587561413395
6.88534361652,16.215730581585596,1.1142797534813833,0.0017130015882614706,-17.33134117421629,6.881583570844428
6.851111691786756,15.822667688561534,1.7651610095015682,0.001714695366391688,-17.589160268457867,6.847358606770859
6.8512703079591555,15.78965287792594,1.8887696730508496,0.001715452101690049,-17.679754117988647,6.847519719136135
6.9130693712411935,16.25785113411439,1.5866610203187703,0.0017176237601527384,-17.845842401246625,6.909323601368672
7.047845931855409,17.249209400181435,0.9582158859476445,0.0017224188024105894,-18.208752650992167,7.04411073529639
7.207106239507254,18.371508147453962,0.26489870970705526,0.0017281809962340954,-18.63773081169598,7.203383621076333
7.301611016006865,19.013706699540567,-0.12318506738445531,0.00173164533051832,-18.891843560547233,7.297895890651798
7.3259285122585025,19.214608805935192,-0.35029960312721525,0.0017317067272515686,-18.865630609565937,7.322212747002234
7.325933816329758,19.389403864690337,-0.9480946242525549,0.0017279066876322209,-18.442630647143787,7.322206204455846
7.3259437317935845,19.70837260079108,-2.062467580804584,0.0017210339141247694,-17.64722642659523,7.322194000340539
7.325957112761794,20.122210637538007,-3.5595427487867113,0.0017122358942217562,-16.563989295228556,7.322177569243128
7.325969456560835,20.4861949324317,-4.933156609052161,0.001704607101456079,-15.554359729735424,7.322162429807537
7.3259780720343874,20.72971767749874,-5.887407000016122,0.0016995590232603312,-14.8436320837538,7.322151861352065
7.325982497365766,20.851307966983807,-6.376052496819887,0.0016970552045474446,-14.476576876391611,7.322146429374175
7.513899637805926,20.85612602820183,-6.471140535644874,0.0016987336834219699,-14.386302866321303,7.510061718087731
8.25268347315506,20.764492292791225,-6.417638699795591,0.0017073290686827733,-14.348155045083214,8.248846724848597
9.456254845054211,20.596078260463567,-6.318988628379707,0.0017208190570146495,-14.27836491183293,9.4524196593078
11.072920281374532,20.332120381458136,-6.163545643792781,0.0017379336643374805,-14.169814425782935,11.069086514787484
12.700211337948787,20.021546301755524,-5.979351005128742,0.0017539795091720252,-14.043398678213224,12.696378199892223
14.009959920367223,19.738121227194892,-5.810035071642623,0.0017660286547667831,-13.92925998587603,14.006126702124565
14.857179890879582,19.538461574465863,-5.690057337874175,0.0017734078080379626,-13.849558802472755,14.85334634035021
15.181345837286976,19.458647231049266,-5.641934898380259,0.0017761454720558155,-13.817859497912158,15.17751210177168
15.125492893327966,19.17052708304268,-5.165570930264906,0.001776913715304517,-14.006104595126388,15.121664336815536
15.002510744115103,18.57331518645208,-4.173290973432075,0.001778527699881192,-14.401175465512772,14.998693059660772
14.830990244762923,17.7203497913582,-2.7502934339877925,0.0017810413232249873,-14.971211525199255,14.82718830005582
14.643929564383837,16.76185488863772,-1.1433843252512959,0.0017841661283328608,-15.619629996048664,14.64014560482515
14.501452582672766,16.010739055269717,0.12147237444683844,0.001786842914681692,-16.133374107034648,14.497682938482129
14.38602820670888,15.388169511725431,1.1734670972405887,0.0017892162967144496,-16.562801912509766,14.382270575461831
14.289888382573032,14.85951899457969,2.0692677337542515,0.001791344087922217,-16.92995421770225,14.286141057817888
14.22597297493696,14.502767973244547,2.6750643443521818,0.0017928395124250896,-17.17900125931427,14.222232660783128
14.023446604448516,14.426071528441106,2.7874868204813064,0.0017912059403038796,-17.214731890062385,14.01970674924245
13.301937550998455,14.354600094958363,2.835382895675749,0.0017839683504256728,-17.191172865513114,13.298194935088587
12.112258960305484,14.217485669921357,2.927485670241958,0.0017715182739590585,-17.146187958795007,12.108511492359563
10.559533168476777,14.002036976426258,3.072783577657508,0.001754315556094784,-17.076071708308763,10.55577882128673
8.728442362941916,13.693755184057759,3.2819165990264114,0.0017326652209654807,-16.976963094407825,8.724679137709957
6.928722396093595,13.331955663732359,3.52920586788239,0.0017099777037559633,-16.862491672461122,6.9249496767503524
5.455166836904325,12.991031963430537,3.764054835805683,0.001690388683081648,-16.756448233976354,5.451385809931811
4.336425970482815,12.704499720555951,3.962809011851784,0.0016749205579436291,-16.66869361213834,4.332638332967008
3.701949310771836,12.53115224188946,4.08365919861411,0.0016659242071785678,-16.616209492939184,3.6981578136234186
3.575869091025884,12.529807636640788,3.9773445738959343,0.001663383573201788,-16.50855286977982,3.5720742496679856
3.5758782807674403,12.694352144616563,3.335061677267899,0.0016598376354649987,-16.030814480998565,3.5720708271690893
3.575894594193375,12.976009854598459,2.202851054907368,0.0016538144026545438,-15.180261568390552,3.5720648346173753
3.5759163388561657,13.330340362895305,0.7095054251679772,0.0016463212083146143,-14.041246446641583,3.5720569889961453
3.575936200421097,13.63255363027063,-0.6387447504517667,0.0016400025681816827,-12.995209538116727,3.572049935657923
3.5759496120542282,13.8247939679545,-1.540601869738676,0.0016360173190502088,-12.285592756324103,3.572045219352481
3.5759562654201527,13.91656857529865,-1.9854368283672454,0.0016341239898439218,-11.93253240494558,3.572042890395692
3.588027838120391,14.132067330840046,-2.219907361487243,0.001634183309118485,-11.913560378180033,3.584114013319966
3.635944058137945,14.89212201506004,-2.7336719204284563,0.0016361308307198713,-12.159849513991146,3.6320366279382097
3.716187349649628,16.12202189482738,-3.547052926807227,0.0016394798443678824,-12.576366729188775,3.712290770307771
3.822848495604236,17.678473737958186,-4.5445702820341545,0.0016440922169916495,-13.135299010721518,3.8189665526596497
3.932987273554882,19.198670714057272,-5.484629449113847,0.0016490339585321443,-13.715434538724471,3.929120618540277
4.020211044318281,20.34453228849609,-6.170958047191861,0.0016530666032449782,-14.174965706705393,4.016356572039061
4.0720507641271615,21.002684008877885,-6.556542824217402,0.001655509909218151,-14.447531574476516,4.06820354956999
4.0821826630286555,21.113995005944357,-6.567708344817818,0.0016562976641716798,-14.547676840652874,4.078338091188133
4.0665303800512556,20.83649732408411,-6.124909648718604,0.0016571741026253628,-14.712978179749436,4.062690066492124
4.0318028410092674,20.21189365115776,-5.124774762680741,0.0016592261121240195,-15.088510113414943,4.027972224032693
3.983380094977907,19.320149253848687,-3.6890004169348947,0.00166234707466568,-15.632541066097847,3.9795635824421605
3.9273461241061915,18.256130450436054,-1.9641469139041505,0.00166637323841868,-16.29337692713371,3.9235468392048687
3.879979281217319,17.327837873945104,-0.4492766707096926,0.0016701637780847105,-16.879955575040103,3.8761953801655706
3.8472886536615203,16.670785975887032,0.6284030011018744,0.0016730074215485335,-17.30058402567387,3.84351583985921
3.8247369328326126,16.20934040923518,1.3878746620721705,0.0016750857326277297,-17.59861058679467,3.820972003744022
3.810718404595721,15.939908667919559,1.791506028384697,0.0016759832598513466,-17.732810501909924,3.8069570170174782
3.7754390506128797,15.4506434151686,2.1094730467563405,0.0016741034247954036,-17.56151299753593,3.7716729195667416
3.705714719839169,14.454890488725361,2.7681603517339823,0.0016704478345586293,-17.224448817967136,3.7019392878768502
3.636143275027698,13.422388948773794,3.4671049032077943,0.0016668834057995978,-16.890893267110386,3.6323586801198666
3.594531657346073,12.785180595897014,3.9066096363662424,0.0016647941091678137,-16.693190506716885,3.590741650180254
3.575958462342441,12.495899815474713,4.108165065112566,0.0016638722232948928,-16.605465538469502,3.5721660579293175
3.5759407804328083,12.575140564373298,3.8012005462313314,0.001662156036297138,-16.377741768880842,3.5721423514799104
3.5759432229070844,12.786036630732841,2.970732064195384,0.0016576227633547107,-15.75816935323257,3.5721284736114503
3.575946978578153,13.101019688496825,1.6850303100649124,0.001650914452286604,-14.787450656910659,3.5721068584541875
3.575951377508867,13.45409291621374,0.1664991345012872,0.0016434820972584061,-13.6219927091183,3.572081095301184
3.575954812597219,13.71653060887955,-1.0280458731108868,0.0016380163243854987,-12.68988539421608,3.5720606233234338
3.575956852039225,13.86630127440457,-1.740602909068102,0.0016349191562956905,-12.127099023810832,3.572048314532446
3.5759578201084943,13.935759287139971,-2.079638336032678,0.0016334880850211076,-11.85752160959464,3.5720424311488426
3.176230278226986,13.961176555741051,-2.103099541712325,0.0016281007560038313,-11.859485909903983,3.172313830008301
2.2613420003313003,14.005050164162396,-2.1330920519601184,0.0016156003437820226,-11.87338572270073,2.2574233171556326
0.9292341028469384,14.042466225290719,-2.158643967299667,0.0015968116255380745,-11.885276761265724,0.9253118358303271
-0.688323906716217,14.04588889460812,-2.160970270295355,0.001573076776664259,-11.886405196984173,-0.6922510357075153
-2.0992060757069613,14.011201698413235,-2.1372665685010475,0.0015515659342512245,-11.87544912996316,-2.1031378866836516
-3.07077854491026,13.966875042906716,-2.1069554399903976,0.0015363239995930997,-11.861452186308554,-3.074713809939649
-3.528936256473017,13.94017426631791,-2.0886840019440664,0.001529016997284038,-11.853031523244336,-3.5328732133965715
-3.5767069615952605,13.88880087993702,-1.8491826972636816,0.0015291678016779264,-12.04116034342597,-3.5806396522333124
-3.576703619433048,13.73156190085075,-1.0979958134761225,0.0015321460637914475,-12.635108248009495,-3.5806223071608065
-3.5766982856567626,13.46317026265953,0.12664624085790466,0.001537269469061404,-13.591358663963065,-3.580594291421616
-3.5766918269004933,13.10813973856988,1.655568002549771,0.001544124442643944,-14.76524990133367,-3.5805597367400024
-3.576686550358529,12.792359019655375,2.945566281016618,0.0015502964477792786,-15.739467460694485,-3.5805309141509167
-3.576683236727447,12.581610124200113,3.776114932474226,0.0015544550054657446,-16.359267216575347,-3.5805125045805424
-3.576681981290141,12.499144916765747,4.095177563820565,0.001556090919234979,-16.595864640441032,-3.580505461533147
-3.5766820387939333,12.554892311754255,3.8801452412133934,0.0015549775762420091,-16.436579712838714,-3.5805094217288578
-3.576682423583368,12.748892739899864,3.119013625943336,0.00155111205102036,-15.869448525775663,-3.580523650481878
-3.576683112217969,13.051768598534261,1.8903843611910482,0.0015451296610495611,-14.943695119758495,-3.5805467707961305
-3.5766840779464806,13.407927390329665,0.37054825578718253,0.0015381755795341125,-13.780017806277446,-3.58057565941311
-3.576684970984935,13.68647737232238,-0.8878741895436847,0.0015327962656249757,-12.800145343047227,-3.5805998480103374
-3.5766855689182857,13.851859792175278,-1.6708019443126232,0.0015296267814076286,-12.182600008199502,-3.5806150329031863
-3.576685856678572,13.926322208137222,-2.033372627604527,0.0015282055624581744,-11.894491740901485,-3.5806221024706564
-3.5966952616499834,14.259327680729342,-2.3065139575591314,0.0015281737959111936,-11.954356260410682,-3.600630167202474
-3.652306123724617,15.135710215006606,-2.896510795249873,0.001528692910479844,-12.240743003832307,-3.6562344788876504
-3.7301545373489016,16.31955652625228,-3.6755701402712413,0.001529494974051397,-12.645531434076839,-3.734073622339555
-3.7855928769265894,17.13358921288057,-4.1993599824734575,0.0015301168746919827,-12.935775320068483,-3.789505306534835
-3.8107908506265287,17.495847795572864,-4.429309387582639,0.0015304130035640154,-13.068084970785653,-3.8147002439526356
-3.807876659577392,17.419555706268046,-4.247700008519715,0.0015310241810707179,-13.173402205839027,-3.811783551035223
-3.7852624308838547,16.971749381901645,-3.496758318517614,0.0015330405478427877,-13.476537146853369,-3.7891620552105874
-3.7490613400900763,16.24095429510022,-2.26717145633615,0.001536433346342241,-13.975328242205796,-3.752948962484808
-3.702574753052237,15.275997657494448,-0.6360735795433559,0.0015411134924068275,-14.641468607632788,-3.706446257862605
-3.6601114501906413,14.366743545851056,0.9084096413082327,0.0015457399428170167,-15.276696918189238,-3.663967486578584
-3.629488569399055,13.693541444397873,2.056447441999153,0.001549304930488018,-15.75153204116761,-3.6333329777675507
-3.60084729391351,13.049870477332247,3.1576061900888166,0.0015528281715105326,-16.209019282992113,-3.604680444245296
-3.5819512619741984,12.617467112135314,3.8991973804756235,0.0015552593067916047,-16.518206752324605,-3.585776772406787
-3.579112278802142,12.533785352044484,4.081736494348701,0.00155599424741568,-16.617064052631356,-3.582935355646093
-3.60568398308803,12.946370508918758,3.794783846861581,0.0015564433853904388,-16.742697062413676,-3.6095041043257137
-3.6682760946381787,13.893455789698862,3.1461645120281228,0.001557546406596899,-17.04116418632648,-3.67208918363077
-3.744327756312607,15.000431299922406,2.405448443997087,0.0015589653567150892,-17.40742505834551,-3.748132195871291
-3.7924531702139195,15.67737543141254,1.9617189012203042,0.0015599044388122482,-17.640640551031797,-3.7962520910536504
-3.8144082972107722,15.98625125490773,1.74438464618718,0.0015602287023910527,-17.732182531685392,-3.8182050652234727
-3.8144103222618213,16.105338494723103,1.3122188210526058,0.001557885622967287,-17.41910394643419,-3.818214825121054
-3.8144148507312443,16.362364780785786,0.3604598460120752,0.0015528577857271348,-16.724371257607526,-3.818236423389035
-3.8144216286170156,16.724584938888437,-1.0289393324415732,0.0015458507005802434,-15.697192237480724,-3.818268212784421
-3.814429187019679,17.09828949933321,-2.532743306688054,0.001538715962146847,-14.567092823926444,-3.818302998231653
-3.8144350035896375,17.365133158822857,-3.6599071203912827,0.0015336790944024642,-13.706772669901648,-3.8183293534323606
-3.8144382485745303,17.506422877559356,-4.278098238408819,0.0015310312922050076,-13.229871270725395,-3.8183439179479803
-3.6955076801096705,17.555300946909572,-4.466785910252749,0.0015321925651670884,-13.090059436155201,-3.699416225249241
-3.0754484187691014,17.59019316800739,-4.488802907065023,0.0015421921274927568,-13.102922963492434,-3.079354408528822
-1.9600538645825218,17.636737112597064,-4.518143467095147,0.0015598205903364683,-13.120105045439193,-1.963955464567086
-0.44860446855060765,17.666871377807464,-4.537120710791896,0.001582960031840231,-13.131232677175907,-0.45250055689555135
1.2237910351039125,17.65610981871385,-4.530339397770753,0.0016075362825263685,-13.127219232347047,1.2199004349207603
2.56118956065789,17.61410318179047,-4.503866316631114,0.0016263953797182194,-13.111658632010682,2.557302869728381
3.441696004311211,17.570214661589716,-4.476180977241232,0.0016384202483617418,-13.095437413387975,3.4378116480671825
3.810371120917784,17.54804470703315,-4.462185587023922,0.0016433630230993377,-13.08725524355054,3.806487685595452
3.8019644352304693,17.31722969452739,-4.075933117359049,0.0016441573488295738,-13.242692874744623,3.798084966708715
3.7744755346002967,16.770197141006495,-3.1578385599891554,0.0016459993919279191,-13.613755447188693,3.7706055299416206
3.735212247074079,15.971469243810324,-1.8122605692213443,0.0016488506142150032,-14.16060635259635,3.7313562392846884
3.6878611226136258,14.979327497469937,-0.13275421461696824,0.0016526667986155818,-14.847971939443351,3.684022796832131
3.648770036624931,14.134937702883468,1.303404313916921,0.0016561601986632207,-15.439741480869218,3.644947017283524
3.6203407174809246,13.50556542911026,2.3777546326118424,0.001658914612492349,-15.884720112809298,3.61652926143964
3.592629624733292,12.879061678606758,3.450408093763341,0.0016617868126762693,-16.330870395461062,3.5888298107278707
3.5782304325163947,12.548236155689848,4.018080310500855,0.0016633567872270886,-16.567717386433266,3.574436819192855
3.3759678001548026,12.507675307137255,4.099973820489411,0.0016608847254293083,-16.60905421987822,3.372174484679276
2.6522695070336857,12.54494525581842,4.073948856812028,0.0016508886652171692,-16.620314057011033,2.648473605887969
1.4554816191509976,12.586912904232552,4.044673648186057,0.0016338848441162313,-16.633030787334533,1.451681157555658
-0.08886997710428333,12.60488614419075,4.032157021208939,0.001611082242569526,-16.638518230478027,-0.09267683704099162
-1.8831780380217253,12.574729461745125,4.053214802404788,0.0015833988842280198,-16.62945439481711,-1.886993033048931
-3.58345573403502,12.495350476050213,4.108672910832612,0.001556014820797545,-16.605565966762967,-3.5872791043390766
-4.961740008080913,12.394444603623484,4.179300526331549,0.0015330156395313233,-16.575313437037696,-4.965570621512734
-5.928365095292586,12.3040088184804,4.242728841500893,0.001516468787216309,-16.548323693763674,-5.932201019862931
-6.380092431135508,12.256153702111378,4.276342423249182,0.0015086204521106293,-16.534090352293234,-6.383930900810177
-6.419159387551374,12.32449959476669,3.997738123545746,0.0015065391305456735,-16.32383265164452,-6.423003012897682
-6.4191548631167406,12.531232149313253,3.180848389155967,0.0015025656655718793,-15.713675471770078,-6.42301283493793
-6.419147827253034,12.840466931278105,1.9146685822968805,0.0014966756971151558,-14.756730446827339,-6.423028127159145
-6.419139325078748,13.193362241877898,0.3919954959252049,0.001490031353280185,-13.58695267099701,-6.423046652874517
-6.419132531248168,13.45822723021193,-0.8183602910558024,0.001485097411677242,-12.641461872303509,-6.423061508311423
-6.4191284118896075,13.611103682428276,-1.5492749312317968,0.0014822699241310068,-12.063423684315753,-6.4230705444028375
-6.419126525693285,13.679119626152794,-1.8831717775256958,0.0014810166398293756,-11.797542781733531,-6.423074690119965
-6.740857614802067,13.64776665323538,-1.8879578488524116,0.0014753969905338758,-11.76140953188731,-6.744807709735718
-7.5833560538277585,13.540115686353666,-1.8137274253140574,0.0014608147682888982,-11.728004020775183,-7.58730983619776
-8.870198428782249,13.35048454301123,-1.6825533233354815,0.0014380845345454939,-11.669569535302081,-8.874158059790956
-10.455263717202875,13.074333363662157,-1.4905819443551622,0.0014093458687190656,-11.585416830093926,-10.459230889209987
-11.853618343114245,12.790936223746717,-1.2924036686853564,0.0013833356244959088,-11.500221223924349,-11.857592450970392
-12.840561181194388,12.567995064687445,-1.1356686968567502,0.0013646188371033185,-11.434031079875187,-12.844540330156267
-13.296145488212566,12.458533979511083,-1.058443380331495,0.0013558804470577696,-11.401802610830424,-13.300127002290612
-13.360594808313664,12.386547028657237,-0.761146501403813,0.001355570678112976,-11.627113566893271,-13.364571972412
-13.360583638429842,12.216013960919437,0.0798002434084733,0.0013583987883853481,-12.297527243756548,-13.364547095074853
-13.360566850904332,11.941822646218615,1.3637625600536012,0.0013629829578468884,-13.307298245382993,-13.364509529025513
-13.360547138887492,11.592087360073116,2.903581376606767,0.0013688967099304854,-14.497381775416667,-13.364465105130622
-13.360531768303343,11.298251015336058,4.129600865193372,0.0013739233440650562,-15.429564918973945,-13.364430194028303
-13.360522512574953,11.112243039604307,4.8790701368363285,0.0013771329939999259,-15.99302621470884,-13.364409042850324
-13.360519365816511,11.051667094232346,5.119230721910777,0.001378182462452661,-16.172610854351976,-13.364402091405566
-13.36051960306825,11.123898457808117,4.833093205430003,0.0013769223168017075,-15.95870470146184,-13.364406865677
-13.360520315691751,11.329274296978898,4.0030318672140615,0.0013733504364070955,-15.334019202460281,-13.364420772885158
-13.360521482732477,11.63362179386175,2.7257584901098557,0.0013681039910813924,-14.361093322307351,-13.364442333699452
-13.360522985269744,11.977225537524253,1.2020546795966256,0.001362246678426865,-13.180993255540418,-13.36446833567138
-13.36052424638258,12.23090435325054,0.007456536829856923,0.0013579662736220332,-12.24007392856733,-13.364488959765138
-13.360525029894715,12.374687588752742,-0.70214249770807,0.0013555565067337365,-11.674258129572365,-13.36450131938223
-13.360525387470654,12.437124522240703,-1.0186361851958639,0.0013545136636858755,-11.420201375590883,-13.364506859283212
-13.453365060053887,12.84520299639217,-1.330586403678428,0.0013531366846586603,-11.516331106809348,-13.457344924751778
-13.674949682842431,13.783192589602635,-1.9811807838663162,0.0013500920038246277,-11.803729830298169,-13.678924554272827
-14.005837598248466,15.12935274474756,-2.8922570187956,0.0013455864545260955,-12.238818962902707,-14.009804956235213
-14.417997910158164,16.720552628932936,-3.934773163564335,0.001340032126948572,-12.7875091447845,-14.42195587973767
-14.777237985819985,18.035802124276664,-4.768515757742655,0.0013352323016295636,-13.269021615680266,-14.78118780330077
-15.036684178355655,18.946825249454083,-5.331169396775398,0.001331784194926246,-13.617395097742326,-15.040628152280643
-15.164617388357575,19.38465549356848,-5.597272791047037,0.0013300883719222288,-13.78912390976162,-15.168558499314452
-15.16496478899421,19.356929024363737,-5.474908155601673,0.0013305361068724382,-13.883762081609241,-15.168903996983897
-15.077000096868375,18.933514320459366,-4.772473831485974,0.0013336280970901355,-14.162780354147145,-15.080933259080213
-14.929794655523173,18.21152780827806,-3.5707949215924626,0.0013389396812434429,-14.642470490828412,-14.933717372009506
-14.74227587647622,17.26620459077764,-1.9901218317347078,0.0013459767169528955,-15.277817472524946,-14.746184655580873
-14.57363701331911,16.39002010926569,-0.5179527606637866,0.0013525915379907012,-15.873799452513522,-14.577532611366275
-14.453031603325948,15.747372505463007,0.5660185844744877,0.0013575051059888257,-16.315121321805517,-14.45691737302284
-14.338394806909744,15.123457971741399,1.6216922537755774,0.0013623294138031057,-16.746878673536347,-14.342270904464625
-14.253387979294667,14.652276604082743,2.4210300270164704,0.0013660097784468992,-17.07503375355797,-14.25725668775054
-14.172166119846974,14.434324566184085,2.782022277185158,0.0013685010935051685,-17.218072697249198,-14.176031335707451
-13.712751549786123,14.337323625757353,2.8470226854819383,0.0013773413958630498,-17.18606495718231,-13.716614770119419
-12.733333669462382,14.11736508289552,2.994958875764573,0.0013959516588344584,-17.11402700829253,-12.737192811945942
-11.346141990983343,13.775184046422833,3.226564950035364,0.0014217508922429415,-17.00342942781208,-11.349995771838422
-9.690932748629463,13.3184052803563,3.53852465460091,0.001451656329067416,-16.858582583266436,-9.694780779990499
-8.215141948957973,12.864961327825343,3.851363266548508,0.0014774948382332994,-16.717951759460938,-8.218985458671735
-7.120127638548303,12.49937109395287,4.105876475489277,0.001496155002720146,-16.60685540396214,-7.12396816442091
-6.515105175890872,12.28638404843792,4.255094761646577,0.0015062754557861604,-16.543075812274846,-6.51894418942449
-6.419010847694955,12.293974337710358,4.116551364081259,0.0015070599747640746,-16.412120974227022,-6.422852479944986
-6.419023740684864,12.471889955187846,3.4174767182448487,0.0015036350802128103,-15.890961946143767,-6.422877642204588
-6.419045721561339,12.76201351562331,2.241285271098157,0.001498095620890621,-15.004894059901803,-6.422920338923895
-6.419074443505888,13.116138476083146,0.7331618584384219,0.001491409891074306,-13.850895608313843,-6.422975784110399
-6.419099858321954,13.406215905583151,-0.5753781177597058,0.0014859940162588437,-12.832433062156191,-6.423024562149428
-6.41911666278349,13.58605470185895,-1.4276781541673629,0.0014826633723110758,-12.159971822381241,-6.423056687318305
-6.419124632955781,13.668037670431474,-1.828417595789409,0.0014811517867961616,-11.841215349500883,-6.4230718922088315
-6.444283348815579,13.911708276613838,-2.06933620915539,0.0014807358154337094,-11.843967796068096,-6.448230633995742
-6.535045819285472,14.713381474382043,-2.6136075739906937,0.001480404975578018,-12.10137126444766,-6.538987590449039
-6.6836643296245635,15.979942749115418,-3.4542165801301623,0.001479933371168392,-12.527326205843982,-6.687596977886586
-6.880197404428107,17.572324656187657,-4.477649041783928,0.0014794332604247608,-13.096279175925686,-6.884117872196288
-7.074782985422612,19.063187368573352,-5.402190512588121,0.0014790630883781087,-13.662603896151728,-7.078691336566674
-7.224198271686988,20.154429728365457,-6.058420372059713,0.0014788541259331406,-14.097619060109789,-7.228097321788332
-7.308417201783993,20.750039940573252,-6.409254761484521,0.001478762759206656,-14.342396381375933,-7.312311020989569
-7.319988524977912,20.81152909421673,-6.377673832779748,0.001479089191944567,-14.435466669476353,-7.323880267188404
-7.286193800016734,20.476660336290532,-5.839649702054887,0.0014808412897241126,-14.6386214414725,-7.290080746535391
-7.219510608001369,19.80528914219998,-4.75703270186961,0.001484415753962411,-15.049866061091445,-7.223387815090563
-7.129917792540964,18.88029512311919,-3.257130080365777,0.001489480682758305,-15.62477306736199,-7.133781311519569
-7.03792319831833,17.901456604507704,-1.6598170932202965,0.001495025508256296,-16.243245894517948,-7.041771894688421
-6.970152526168101,17.160262174177145,-0.4436172909037351,0.0014993572729737389,-16.71825005575202,-6.973989767602793
-6.911784901719006,16.507471834419153,0.6321344413052028,0.001503271196111807,-17.141210404370536,-6.915611890159326
-6.866085983019294,15.986580693527218,1.493552713796652,0.0015064630708585853,-17.481736718009675,-6.869904679431115
-6.845541096424853,15.749526544235362,1.8864449692927316,0.0015079362148826246,-17.63757445628663,-6.84935598687624
-6.873187306501528,15.951089966882511,1.784207888805156,0.001508167743631634,-17.736901293605634,-6.876999983523933
-6.973999234331992,16.705296325345387,1.3011906206756814,0.0015083748786577694,-18.008092187661312,-6.97780600079201
-7.135704464028026,17.869230845836277,0.5728647399709527,0.0015087669769591736,-18.44370371445821,-7.13950173261452
-7.265261705103196,18.76349745132096,0.02728097363758363,0.0015091277991474347,-18.792388861167176,-7.269051368929799
-7.326707050412225,19.18096127425939,-0.2364621200827493,0.0015092236584111742,-18.946110683069623,-7.330493385687863
-7.326710334674446,19.281182507955243,-0.5769967323809978,0.001507361309891205,-18.70579730454504,-7.330502424851604
-7.3267189142797955,19.53644240833956,-1.4579354089582814,0.001502643376085671,-18.080118528554898,-7.330525911898953
-7.326731999891675,19.90860680520149,-2.77906706861956,0.001495843400867345,-17.13115126606378,-7.330561406364816
-7.326747379164625,20.320013852863234,-4.2988737123330285,0.001488433623565435,-16.022751670372774,-7.330602670031498
-7.326759498402422,20.62489050029293,-5.472991401816015,0.0014830136498352722,-15.153510628602707,-7.330634886258977
-7.326767110910327,20.80783085039122,-6.200416906963306,0.0014797899571003803,-14.609025473731204,-7.330655002562555
-7.349563468226806,20.875197750967775,-6.482227007071531,0.0014781595761554718,-14.394582679287149,-7.353456365863225
-7.826008464534014,20.8185503232966,-6.449182369021728,0.0014697116655679292,-14.370988330069906,-7.829903965684205
-8.836060758203807,20.685882446961813,-6.371605283479039,0.0014515422937124614,-14.315915209531127,-8.839961927229199
-10.218005037026796,20.47721258281773,-6.249070360147449,0.0014261258710114718,-14.22980394622766,-10.221914265404857
-11.9074794121671,20.178601035811315,-6.072620530726262,0.001394205475028621,-14.10767037304755,-11.911398939313484
-13.414245804422675,19.870892839966565,-5.889440118796629,0.0013649798530941002,-13.983166926685227,-13.418174894969372
-14.501343248945457,19.62398808863394,-5.7414595921349,0.001343467121264022,-13.884259803674547,-14.505279440844859
-15.072387884986599,19.485778348878352,-5.658238181817882,0.0013320278779243137,-13.829280302111544,-15.076327869506867
-15.16470410005485,19.354850373359707,-5.471159796867272,0.0013304841475515875,-13.885432129759154,-15.168643389214024
-15.071324505762771,18.905197648700454,-4.725151830697837,0.0013337691636569622,-14.181785940634237,-15.075257372639905
-14.921988717095688,18.172078256331975,-3.504757171805967,0.0013391662728357845,-14.669058913231805,-14.925910970076819
-14.733159105402788,17.21897741554089,-1.910770755109772,0.0013462671182235622,-15.309941577948631,-14.737067294362955
-14.566381181485198,16.35143460707467,-0.4528631578455836,0.0013528222711640225,-15.900303785714183,-14.57027630893858
-14.447343723886933,15.716525715379081,0.6182025997675665,0.001357680414016757,-16.33645880379497,-14.451229135058044
-14.333801009730978,15.098081391586136,1.6647310935674395,0.0013624657247494226,-16.764541206895846,-14.337676828586858
-14.251964572110692,14.644272845848278,2.4346382055317295,0.0013660122003512827,-17.080638496991558,-14.255833272184589
-14.24738870056628,14.378565398654514,2.819338687705294,0.0013668404283463033,-17.19963146081027,-14.251254864183208
-14.501557832293333,13.844162131996125,3.1796273004490914,0.0013607337233543504,-17.0255207667682,-14.50542914620443
-14.986959875443608,12.789399897515928,3.9036951534750384,0.0013490924782375035,-16.69483388801888,-14.990840893878383
-15.49793258001982,11.628529072956455,4.720257940321196,0.0013368732288619688,-16.350533663419057,-15.501823604922638
-15.833769052577244,10.83564183849038,5.289810398027128,0.0013288652352418668,-16.127203974199467,-15.837666521734258
-16.009339614012468,10.411122657968306,5.598752423724128,0.0013246870392507886,-16.01162946377958,-16.013240405540635
-16.04033839809453,10.371546571192663,5.510209986361369,0.001323349530816215,-15.883511405585637,-16.044241952369067
-16.040327989281042,10.527967686681235,4.87595476966855,0.0013207424028520106,-15.405677304244378,-16.04424117616351
-16.040309011835067,10.80187035489554,3.7294764258519195,0.001316210677440248,-14.533101628392082,-16.044239675387132
-16.04028421347238,11.137644983186938,2.250396204028005,0.0013107134096777765,-13.389796034532631,-16.044237568080973
-16.04026134425478,11.424805033703942,0.9052968688062961,0.0013060618273413433,-12.331856749526189,-16.044235502826535
-16.0402460351694,11.604816036226447,0.014919498170354591,0.00130316885330778,-11.621490381210661,-16.04423406727633
-16.040238386754012,11.691040661485301,-0.42690756452078477,0.0013017892955908884,-11.265887943677388,-16.04423333680543
-16.095526263454076,11.911177649863735,-0.6697650265345817,0.0013006098425656827,-11.24316829978554,-16.09952186775819
-16.312309925882598,12.68580588744095,-1.2187312827203036,0.0012971832935350898,-11.468833524934045,-16.316301999106003
-16.668252975378206,13.91413123202829,-2.0709814443745853,0.0012915766141132763,-11.84491399930538,-16.672239208873254
-17.143313117765743,15.474515294616884,-3.1215436462789037,0.0012841222906728024,-12.354742855140492,-17.14729153340994
-17.584779848043297,16.849382719553482,-4.017562182088497,0.001277213866772479,-12.833598175668298,-17.588751034310192
-17.909745002993823,17.818248012634687,-4.632342612404945,0.0012721340788148267,-13.187687729819828,-17.913710919810036
-18.13895937765839,18.480832364492535,-5.04488907876999,0.0012685515085169932,-13.437728902519863,-18.142921614582768
-18.179317327544815,18.584426159909622,-5.06655160563005,0.0012680884928626724,-13.519660748084743,-18.183278200609042
-18.107663392162102,18.297195051801452,-4.581665954020677,0.0012704368334462608,-13.717314267859004,-18.11162016473047
-17.9590708329165,17.69228680151313,-3.5582031645652505,0.001275395912783898,-14.135866678383653,-17.963018883512383
-17.753381717538147,16.833967071254055,-2.1009073736751094,0.0012824713232796145,-14.734839779825736,-17.757317193898228
-17.54056190271299,15.918775088791271,-0.5407094730505667,0.0012900752517785463,-15.379842620843494,-17.54448371598586
-17.384411246748176,15.22867255098856,0.6399411311557278,0.0012958564586915352,-15.870388419565653,-17.38832258301311
-17.24460202519794,14.59666219713996,1.72426617619191,0.0013011914574141586,-16.322701073274374,-17.248503634616426
-17.1358590714488,14.095477164347384,2.5861577519963515,0.001305452043070342,-16.683406026923073,-17.139752878101785
-17.06482758166667,13.763352902066337,3.1582874640829393,0.001308291155712843,-16.92341043634811,-17.068716173589525
-17.081813929306197,13.791706473253102,3.2152506890174175,0.001308440453398751,-17.008727481736727,-17.085700914433804
-17.260062702204568,14.339742740186656,2.8453053183506123,0.0013058264645950466,-17.18682098642898,-17.263947195366526
-17.616428206742054,15.4006144181761,2.1422992659802813,0.0013006025301818462,-17.544691794293445,-17.620307740088624
-17.97034249450575,16.410842711936535,1.4888410278791602,0.0012954112476804816,-17.901466953311367,-17.97421715265846
-18.164852941023483,16.94862872108242,1.1473268873680653,0.0012925543381601772,-18.097741608353854,-18.168724949092248
-18.189217838683227,17.085147013677794,0.8575329989137308,0.0012911001154724392,-17.94446636071334,-18.193093047909578
-18.18923424948605,17.306167689476442,0.06256154906244425,0.001287646231069467,-17.370515586913456,-18.193120808289738
-18.189260439819908,17.64453614226813,-1.1899193717878236,0.0012824118987038843,-16.45640311925795,-18.193164928711546
-18.189293273667396,18.043973580555253,-2.7329782049475715,0.0012763145718648645,-15.312781724890165,-18.19321995753535
-18.189320694224353,18.356550638046848,-3.9994325650020977,0.0012716037364469723,-14.358904422748479,-18.193265703892646
-18.189338256679925,18.546753268001243,-4.800349315557615,0.0012687627412951111,-13.74819030241701,-18.193294916494924
-18.189345443604598,18.622345320995997,-5.125856500919075,0.001267638935063053,-13.49827517016062,-18.19330685318093
-18.589412065934813,18.500010814473185,-5.056646630065433,0.001259204813530236,-13.445156226250317,-18.59337639196141
-19.52066608886309,18.198531172136956,-4.869814241763784,0.0012394728733368973,-13.330522005995086,-19.52463701136694
-20.842808991903365,17.73992948512168,-4.58306482040861,0.0012110913206842468,-13.158687718636651,-20.846789387908128
-22.448601357993784,17.13289204795702,-4.19877754897824,0.0011760694238245226,-12.935958545602237,-22.452593394539097
-23.822379015608455,16.567985471707328,-3.836313739259998,0.0011456542486706286,-12.733532992383669,-23.82638109232091
-24.775504174701258,16.15031023608052,-3.565311906877019,0.0011243202624358116,-12.58687112202961,-24.779513243284395
-25.19514032140955,15.959530134554223,-3.4406769935363317,0.001114869731436967,-12.520730904181034,-25.199152471746924
-25.240918474771444,15.865537975489799,-3.088460114554685,0.0011147725584417312,-12.77895616304736,-25.244926670892248
-25.2408958627677,15.665652882187539,-2.1879346211695303,0.0011173438321011365,-13.479596562861131,-25.24489269276671
-25.240862891877743,15.35599904669253,-0.8565429150669727,0.0011213646356073078,-14.50133443307624,-25.24484302670473
-25.24082583098142,14.982108233471767,0.6668526791107252,0.001126280792114901,-15.650839213591984,-25.24478699841169
-25.240797120054978,14.673613774788631,1.8672840005773632,0.0011303879893491944,-16.54277607603365,-25.244743424301678
-25.24078050517623,14.487500097552658,2.5703617987407115,0.0011328884383584794,-17.059740196763187,-25.244718132261557
-25.240775460436776,14.429925930148123,2.7850335015754033,0.0011336652865217623,-17.216837732133268,-25.24471044157525
-25.240775460436776,14.429925930148123,2.7850335015754033,0.0011336652865217623,-17.216837732133268,-25.24471044157525
-25.240775460436776,14.429925930148123,2.7850335015754033,0.0011336652865217623,-17.216837732133268,-25.24471044157525
-25.240775460436776,14.429925930148123,2.7850335015754033,0.0011336652865217623,-17.216837732133268,-25.24471044157525
-25.240775460436776,14.429925930148123,2.7850335015754033,0.0011336652865217623,-17.216837732133268,-25.24471044157525
-25.240775460436776,14.429925930148123,2.7850335015754033,0.0011336652865217623,-17.216837732133268,-25.24471044157525
-25.240605818068072,14.429828934848173,2.7850148113109805,0.0011336574351852205,-17.216722061348644,-25.244540826959728
-24.498700777668503,14.005634775813355,2.7032757888742385,0.0010993208116244833,-16.710853516873097,-24.502757160867095
-23.761937088404324,13.584380253258173,2.622103212266716,0.0010652221385141626,-16.208490606776447,-23.76611400479422
-22.655772191855995,12.95191563515497,2.5002320395772775,0.0010140269510162776,-15.454251188392824,-22.660130074798705
-20.941191021943993,11.971580851237016,2.311328903615871,0.0009346732264966411,-14.28516264797607,-20.945829407228448
-19.20807061654315,10.980646010736208,2.120383216515081,0.0008544614747155358,-13.10343311503098,-19.21299253715435
-17.499092423829477,10.003514804191793,1.9320973858070265,0.0007753670654834394,-11.938164969092908,-17.504293930145604
-15.783940055102628,9.02285342968918,1.7431313182975103,0.0006959869049138833,-10.768686956307944,-15.78942215720758
-14.058744618579569,8.036449796452688,1.553058760739772,0.0006161419341334037,-9.592361069723115,-14.06450895950086
-12.343355818818496,7.055653239334685,1.3640666445575031,0.0005367508311345904,-8.422721846248592,-12.349400794208302
-10.620500920618724,6.070587840281371,1.1742519546568144,0.00045701418443732885,-7.247991857589263,-10.626827751917082
-8.908722012798908,5.091855287305197,0.9856575565412965,0.00037779015336003146,-6.080814041818687,-8.915328887994063
-7.1903594417592105,4.109358436567382,0.7963378065729915,0.00029826141918284666,-4.9091471500222,-7.197247437926417
-5.4686480240793625,3.1249468378404015,0.6066490990754198,0.0002185776947034211,-3.735196844468865,-5.475817689083801
-3.7470972007399523,2.14062706108184,0.41697808498021294,0.00013890140280244356,-2.561356040294851,-3.7545485083086816
-2.0327580138232064,1.1604306341874715,0.22810160937613166,5.955887766623744e-05,-1.3924324961767212,-2.0404897841457057
-1.241079472544016,0.7077778083447337,0.14087881599349683,2.291865206758548e-05,-0.8526258503642906,-1.2489407600271123
-0.5006175515825078,0.2844087722071631,0.05929878853010472,-1.1351181477988758e-05,-0.34774129803043863,-0.5085999772808423
0.002455231385657316,-0.0032298398577360094,0.003872992430643417,-3.463424309882262e-05,-0.004720719078303089,-0.005609496099357504
0.002455231385657316,-0.0032298398577360094,0.003872992430643417,-3.463424309882262e-05,-0.004720719078303089,-0.005609496099357504
0.002455231385657316,-0.0032298398577360094,0.003872992430643417,-3.463424309882262e-05,-0.004720719078303089,-0.005609496099357504
0.002455231385657316,-0.0032298398577360094,0.003872992430643417,-3.463424309882262e-05,-0.004720719078303089,-0.005609496099357504
0.002455231385657316,-0.0032298398577360094,0.003872992430643417,-3.463424309882262e-05,-0.004720719078303089,-0.005609496099357504
0.002455231385657316,-0.0032298398577360094,0.003872992430643417,-3.463424309882262e-05,-0.004720719078303089,-0.005609496099357504
0.002455231385657316,-0.0032298398577360094,0.003872992430643417,-3.463424309882262e-05,-0.004720719078303089,-0.005609496099357504
0.002455231385657316,-0.0032298398577360094,0.003872992430643417,-3.463424309882262e-05,-0.004720719078303089,-0.005609496099357504
0.002455231385657316,-0.0032298398577360094,0.003872992430643417,-3.463424309882262e-05,-0.004720719078303089,-0.005609496099357504
0.002455231385657316,-0.0032298398577360094,0.003872992430643417,-3.463424309882262e-05,-0.004720719078303089,-0.005609496099357504
0.002455231385657316,-0.0032298398577360094,0.003872992430643417,-3.463424309882262e-05,-0.004720719078303089,-0.005609496099357504
0.002455231385657316,-0.0032298398577360094,0.003872992430643417,-3.463424309882262e-05,-0.004720719078303089,-0.005609496099357504
0.002455231385657316,-0.0032298398577360094,0.003872992430643417,-3.463424309882262e-05,-0.004720719078303089,-0.005609496099357504
