Joint0,Joint1,Joint2,Joint3,Joint4,Joint5 
0.0035636543050557917,-0.001860789470082447,-0.001659848490343589,-0.005375909883635027,-0.003923151832463896,-0.003868977031799475
0.0035636543050557917,-0.001860789470082447,-0.001659848490343589,-0.005375909883635027,-0.003923151832463896,-0.003868977031799475
0.0035636543050557917,-0.001860789470082447,-0.001659848490343589,-0.005375909883635027,-0.003923151832463896,-0.003868977031799475
0.0035636543050557917,-0.001860789470082447,-0.001659848490343589,-0.005375909883635027,-0.003923151832463896,-0.003868977031799475
0.0035636543050557917,-0.001860789470082447,-0.001659848490343589,-0.005375909883635027,-0.003923151832463896,-0.003868977031799475
0.0035636543050557917,-0.001860789470082447,-0.001659848490343589,-0.005375909883635027,-0.003923151832463896,-0.003868977031799475
0.0035636543050557917,-0.001860789470082447,-0.001659848490343589,-0.005375909883635027,-0.003923151832463896,-0.003868977031799475
0.0035636543050557917,-0.001860789470082447,-0.001659848490343589,-0.005375909883635027,-0.003923151832463896,-0.003868977031799475
0.0035636543050557917,-0.001860789470082447,-0.001659848490343589,-0.005375909883635027,-0.003923151832463896,-0.003868977031799475
0.0035636543050557917,-0.001860789470082447,-0.001659848490343589,-0.005375909883635027,-0.003923151832463896,-0.003868977031799475
0.0035636543050557917,-0.001860789470082447,-0.001659848490343589,-0.005375909883635027,-0.003923151832463896,-0.003868977031799475
0.0035636447061320672,-0.0018597246338269773,-0.001703220334499645,-0.005375894830588652,-0.003880837821739887,-0.003868962787209582
0.0035056314372050226,0.004062210285095378,-0.26332835207885014,-0.005284746502716911,0.25186478179572486,-0.0037829034721529385
0.0033235839601681604,0.013472234983033515,-1.0779894198522249,-0.004998118023402536,1.0572495600360348,-0.0035164840201252156
0.0030451248118055804,0.0020956139966358226,-2.3078778092001846,-0.004559114060312606,2.2987201793990293,-0.003120842066714084
0.002700952263147214,-0.05632638072021772,-3.8003713888050035,-0.004014800973629731,3.8498916348057963,-0.002652187264841604
0.0023074019283501387,-0.18536525224531872,-5.468758867495012,-0.0033888479865662674,5.64761289199475,-0.002144907341995755
0.0018968791050058694,-0.3936904529403708,-7.164346740633616,-0.002730063836808428,7.551836194868093,-0.001649742033833272
0.0014896063207376048,-0.6780280974940899,-8.799867166960965,-0.0020685346775587005,9.472004625913451,-0.0011946109503752
0.001086984273726298,-1.0385825434921157,-10.369363107535309,-0.001404491648402772,11.4023643274442,-0.0007821332443765195
0.0006923103111106165,-1.4720972949746713,-11.86038794828246,-0.0007414041996328786,13.327209515810281,-0.0004162450971943954
0.0003203158287412584,-1.956437192741914,-13.22088634653119,-0.00010296263756798253,15.172338001275584,-0.00010859060550351198
4.959841283540403e-06,-2.426857724086499,-14.338796167769008,0.0004504055692303471,16.760915980228432,0.00012202256967556022
-0.0002508745868340651,-2.8501799490532154,-15.220902960706667,0.0009088139259293107,18.06654699096129,0.00028750843631688633
-0.0002623026218028131,-3.159493125339522,-15.755352878562404,0.000929610993009394,18.91031773151325,0.0002811439230566127
-0.0002642425467775825,-3.4953204661950106,-16.292818518816386,0.0009334545273320683,19.783610712623148,0.0002675650176225806
-0.0002658948667136733,-3.7932006965811276,-16.740082965575805,0.0009368997340795088,20.528755389769223,0.00025588159667471307
-0.0002680327010264595,-4.194931167714367,-17.304317020978544,0.0009416007420165736,21.494719916306142,0.0002405935256879127
-0.0002695251079706765,-4.486249292280015,-17.688595134914664,0.0009450493208568924,22.170316154808734,0.0002298007417960541
-0.00027101896387795725,-4.78681795717473,-18.06532882289692,0.0009486427838817805,22.847618507686676,0.0002188933822451452
-0.0002722847172969466,-5.048519723121303,-18.378333876178058,0.0009518011797001426,23.422325326915338,0.00020956665410909608
0.039466415755310645,-5.088282978351265,-18.534042788020916,0.0009558365141011128,23.61779782000345,0.03994433260770587
0.42636402737389195,-4.593267595430589,-19.011398781111943,0.0009843314865731,23.60014169207697,0.4268307441069909
1.1832897056704945,-3.647575243142674,-19.91206850867459,0.0010399192093475981,23.55512596025511,1.1837347589852258
2.2935326810991765,-2.3122294550475755,-21.158892678342244,0.0011210422786820042,23.46661567244797,2.2939465936148205
3.6310821080282194,-0.780816581042935,-22.552946773253655,0.001218062471188834,23.329272466124976,3.63145958515324
4.869680646171682,0.566390979468102,-23.747827859819786,0.0013071537744147952,23.176962279212145,4.870025501235265
5.772815382041868,1.5079711683494088,-24.56554505401002,0.0013716320704766929,23.053112287479667,5.773137153032985
6.241577404483475,1.9836718525055492,-24.973261601201564,0.0014049324918754046,22.98513527234324,6.2418874309762105
6.268244050253326,2.0920881304000196,-25.065673842850753,0.0014067188030273989,22.96913164190299,6.268553685250811
5.786116777489685,2.1558881825770064,-25.119964531950707,0.0013718105874237236,22.959614879229424,5.78644021495798
4.795868188588319,2.2706626217217063,-25.217465270851065,0.0012999395516716272,22.9423268275984,4.796219969120011
3.4073080040976484,2.395227023844029,-25.32304198379804,0.0011987961577406543,22.923320941173326,3.407699518622082
1.7346847750867418,2.4891363568726703,-25.402468157741225,0.001076458893578259,22.90881886280345,1.7351241476841825
-0.14964290896683974,2.5217459013578094,-25.430006374253583,0.0009380749803277652,22.903730165309764,-0.14914960360945403
-2.00195975237339,2.4782531750133048,-25.393242862300905,0.0008015666162600097,22.91044639951474,-2.001413380665941
-3.641015481908922,2.3772344059278745,-25.30775600194149,0.0006804683282495448,22.92597021778974,-3.6404220833879255
-4.997432387010395,2.249077211216051,-25.19907383363364,0.0005800900687852353,22.94544096473234,-4.996800002405373
-5.901935870769938,2.141081970591035,-25.107287548660434,0.0005130954933089278,22.96164828453514,-5.901277447151007
-6.283472824507635,2.0901026173279815,-25.063895184998163,0.0004848254425293483,22.96923487629203,-6.282803406006868
-6.18268637516306,1.9239141522900798,-24.922217526707865,0.0004923486352816932,22.993745749242947,-6.1820200016797555
-5.525158901214478,1.2526065801214723,-24.345173374703137,0.0005413322351900101,23.088009954623363,-5.524512153739758
-4.473941100395833,0.14255464204980248,-23.375080549434365,0.0006197283543869361,23.227971394080797,-4.473326001346484
-3.1910385541003805,-1.2762706443754746,-22.106121913329847,0.0007154686489638504,23.37784266845136,-3.19046241391999
-1.9114212559270127,-2.7657582959887184,-20.738736688305085,0.0008109251293905886,23.499951658654673,-1.9108841563173524
-0.9004426924530127,-3.998308627276903,-19.57979264072212,0.0008862258286569343,23.573564505156757,-0.8999364097510649
-0.26964471061529277,-4.793662978093887,-18.81869042489884,0.0009331209754680272,23.607821350645565,-0.2691575766646399
-0.01522696968732305,-5.120342890410899,-18.503082500021915,0.0009520102911464166,23.618895370881756,-0.01474753123449165
-0.00016507484170224398,-4.984652202777062,-18.303288901287917,0.0009512342997770302,23.283411206685766,0.0003186556274202358
-0.00018096847064503032,-4.593031886024015,-17.82472409963575,0.0009464892927422001,22.413226088133,0.00031494423619463015
-0.00020380397182520146,-4.057867641457241,-17.11643682137952,0.0009401041175284153,21.169774565098518,0.00030925344573783136
-0.00022170429734009463,-3.6608562374347096,-16.544364521796666,0.0009354397383639422,20.200690861327757,0.0003045141137318025
-0.00023692240599805173,-3.3387255173977195,-16.046513242398266,0.000931699555846015,19.380708861752023,0.00030030383756479543
-0.0002498432850052282,-3.0762466941561133,-15.615593498884888,0.0009286809944339208,18.68731029487806,0.0002966047016654113
-0.0002586503893681631,-2.9031099329143175,-15.31757059374927,0.0009267039981900847,18.216150628419644,0.0002940203083401854
-0.0002605227508668358,-2.8668696444813193,-15.253789050008477,0.0009262915159367841,18.116128796228637,0.00029346480509910024
-0.0002605227508668358,-2.8668696444813193,-15.253789050008477,0.0009262915159367841,18.116128796228637,0.00029346480509910024
-0.0002605227508668358,-2.8668696444813193,-15.253789050008477,0.0009262915159367841,18.116128796228637,0.00029346480509910024
-0.0002605227508668358,-2.8668696444813193,-15.253789050008477,0.0009262915159367841,18.116128796228637,0.00029346480509910024
-0.0002605227508668358,-2.8668696444813193,-15.253789050008477,0.0009262915159367841,18.116128796228637,0.00029346480509910024
-0.0002605227508668358,-2.8668696444813193,-15.253789050008477,0.0009262915159367841,18.116128796228637,0.00029346480509910024
-0.0002608365063521479,-2.8665813746467275,-15.252255856951743,0.0009267410552422978,18.11430815782594,0.000293376764139388
-0.00042164081845881367,-2.718838834284203,-14.466471810595936,0.0011571365771441255,17.18120413368714,0.00024825447424649987
-0.0005816772706526066,-2.571801782304946,-13.684439977482842,0.0013864319327440914,16.25255579338722,0.0002033476487098337
-0.000742885594278539,-2.4236880473680333,-12.896681694228631,0.0016174063100485904,15.317107399439628,0.00015811199167738575
-0.0010050647370921481,-2.1828051252505123,-11.615520853383034,0.0019930486025279553,13.795752592471743,8.454354608708745e-05
-0.001301350424327003,-1.9105860564229467,-10.167695461497512,0.0024175577133112255,12.076486713145155,1.4046768902425226e-06
-0.0015981391384773877,-1.637904820422142,-8.717411985497629,0.002842787545741917,10.354301904388247,-8.187534353575216e-05
-0.0018948395589144665,-1.3653047062353665,-7.267559964291463,0.003267890873628725,8.632629440220313,-0.00016513058841639437
-0.002190316477367539,-1.0938287117247834,-5.823686690341026,0.0036912412051284325,6.918056627858115,-0.0002480425140757817
-0.0024881577883710693,-0.8201803789401676,-4.368259609647896,0.004117979166278781,5.189763883644758,-0.0003316178971057125
-0.00278255563651161,-0.5496958042933593,-2.929659305217835,0.004539783438692339,3.4814526250789792,-0.0004142270316096951
-0.002979814206713686,-0.3684601030355327,-1.965738403837215,0.0048224095115626305,2.3368143797480347,-0.0004695785223247612
-0.0031395835693933715,-0.22166844549129677,-1.185011726514941,0.005051322189439647,1.4097158878144587,-0.0005144104015473327
-0.0032998911551434976,-0.07438228352322479,-0.4016549760522617,0.005281006016943122,0.4794942326626004,-0.0005593933081714291
-0.0033823426219808895,0.001371836547214014,0.0012511798254548822,0.005399139967984007,0.0010506231959352685,-0.0005825294973692835
-0.0033823426219808895,0.001371836547214014,0.0012511798254548822,0.005399139967984007,0.0010506231959352685,-0.0005825294973692835
-0.0033823426219808895,0.001371836547214014,0.0012511798254548822,0.005399139967984007,0.0010506231959352685,-0.0005825294973692835
-0.0033823426219808895,0.001371836547214014,0.0012511798254548822,0.005399139967984007,0.0010506231959352685,-0.0005825294973692835
-0.0033823426219808895,0.001371836547214014,0.0012511798254548822,0.005399139967984007,0.0010506231959352685,-0.0005825294973692835
-0.0033823426219808895,0.001371836547214014,0.0012511798254548822,0.005399139967984007,0.0010506231959352685,-0.0005825294973692835
-0.0033823426219808895,0.001371836547214014,0.0012511798254548822,0.005399139967984007,0.0010506231959352685,-0.0005825294973692835
-0.0033823426219808895,0.001371836547214014,0.0012511798254548822,0.005399139967984007,0.0010506231959352685,-0.0005825294973692835
-0.0033823426219808895,0.001371836547214014,0.0012511798254548822,0.005399139967984007,0.0010506231959352685,-0.0005825294973692835
-0.0033823426219808895,0.001371836547214014,0.0012511798254548822,0.005399139967984007,0.0010506231959352685,-0.0005825294973692835
-0.0033823426219808895,0.001371836547214014,0.0012511798254548822,0.005399139967984007,0.0010506231959352685,-0.0005825294973692835
-0.0033823426219808895,0.001371836547214014,0.0012511798254548822,0.005399139967984007,0.0010506231959352685,-0.0005825294973692835
-0.0033823426219808895,0.001371836547214014,0.0012511798254548822,0.005399139967984007,0.0010506231959352685,-0.0005825294973692835
