Joint0,Joint1,Joint2,Joint3,Joint4,Joint5 
4.73196813039379e-05,0.0035053043218095316,0.0015592423811984953,-0.0035480415064693474,0.0005142972495863063,-0.0022945967022402814
4.73196813039379e-05,0.0035053043218095316,0.0015592423811984953,-0.0035480415064693474,0.0005142972495863063,-0.0022945967022402814
4.73196813039379e-05,0.0035053043218095316,0.0015592423811984953,-0.0035480415064693474,0.0005142972495863063,-0.0022945967022402814
4.73196813039379e-05,0.0035053043218095316,0.0015592423811984953,-0.0035480415064693474,0.0005142972495863063,-0.0022945967022402814
4.73196813039379e-05,0.0035053043218095316,0.0015592423811984953,-0.0035480415064693474,0.0005142972495863063,-0.0022945967022402814
4.73196813039379e-05,0.0035053043218095316,0.0015592423811984953,-0.0035480415064693474,0.0005142972495863063,-0.0022945967022402814
4.73196813039379e-05,0.0035053043218095316,0.0015592423811984953,-0.0035480415064693474,0.0005142972495863063,-0.0022945967022402814
4.73196813039379e-05,0.0035053043218095316,0.0015592423811984953,-0.0035480415064693474,0.0005142972495863063,-0.0022945967022402814
4.73196813039379e-05,0.0035053043218095316,0.0015592423811984953,-0.0035480415064693474,0.0005142972495863063,-0.0022945967022402814
4.73196813039379e-05,0.0035053043218095316,0.0015592423811984953,-0.0035480415064693474,0.0005142972495863063,-0.0022945967022402814
4.73196813039379e-05,0.0035053043218095316,0.0015592423811984953,-0.0035480415064693474,0.0005142972495863063,-0.0022945967022402814
4.73196813039379e-05,0.0035053043218095316,0.0015592423811984953,-0.0035480415064693474,0.0005142972495863063,-0.0022945967022402814
4.73196813039379e-05,0.0035053043218095316,0.0015592423811984953,-0.0035480415064693474,0.0005142972495863063,-0.0022945967022402814
0.00023411219287998276,0.0035115712393372456,0.001238261625356354,-0.0035479990298278655,0.0008288552163720763,-0.0021077394503826205
0.1645649675131093,0.008057429483263073,-0.28026215945470934,-0.003510059925183893,0.27764578985633553,0.16228010477891583
0.6339288009692753,0.00873665172228813,-1.073146876220625,-0.0033973677291074156,1.069458566613807,0.6318049857753256
1.3467629154747,-0.024365148901049155,-2.2468949722292373,-0.0032157434128829297,2.2757167044966584,1.3448774199123017
2.239057155115946,-0.12419552958651965,-3.6652452692071282,-0.002970190102478574,3.7931644018448756,2.2374583643460655
3.245885604546878,-0.3158630183714213,-5.198547629558749,-0.002668282060243867,5.517317966991236,3.2445928557794153
4.253906762262106,-0.5931092902019711,-6.66303206694807,-0.0023387150992860077,7.258243066344422,4.252899504485944
5.26518457760036,-0.9586703893844511,-8.061546893710764,-0.0019795152134910693,9.021522730457317,5.2644400481649525
6.265536766903212,-1.4082062721683313,-9.375161084192047,-0.001594726748019632,10.783897220226256,6.2650259375512745
7.264575860906847,-1.946329554772279,-10.617266284316669,-0.0011796170680610806,12.563363416191233,7.26426935975554
8.24795940075306,-2.564984232558469,-11.770955516509783,-0.0007391030858683524,14.334969237444831,8.247822420310493
9.226772189378439,-3.270310570124866,-12.850224657599798,-0.00026715055993595396,16.118842458784076,9.226769334014788
10.193509876781137,-4.056470517326452,-13.847157512214308,0.00023416551294969915,17.901234290111123,10.193601927424243
11.041304988177336,-4.820539774465472,-14.663674715475734,0.0007047265497337553,19.481216362236715,11.04144639507199
11.732519329698425,-5.495932591999247,-15.288520462423726,0.0011112148477158289,20.780969540725906,11.732675416985112
12.210751262937487,-5.991128481561976,-15.698906814091579,0.001405222213861681,21.686219840671413,12.2109030987407
12.657305655934351,-6.474276463644269,-16.065673108805683,0.0016896142109286806,22.535827083908192,12.657442290554682
12.916310582751377,-6.7638048387238925,-16.27098502455057,0.00185911419231873,23.03049060931319,12.916433189118703
12.952384566226199,-6.9209514587821435,-16.43758013606453,0.0018861500369595334,23.354207794709048,12.95249684342195
12.982508305277687,-7.066010402490914,-16.586894605300714,0.0018919963712597512,23.648581905891156,12.98261034563425
13.371863501214936,-7.184937514685232,-16.467764765086073,0.0019192463801376949,23.648388277328944,13.37195461542056
14.28154106846997,-7.4776995217285975,-16.173492021862376,0.0019826296109471263,23.64689946429602,14.281606798545898
15.557289322966284,-7.923106674063192,-15.723084037874631,0.0020708210845686624,23.64193092480565,15.557319824452014
16.867605977990607,-8.423763790460727,-15.212908706294286,0.0021604913790032147,23.632447744099927,16.867600812283158
17.799094546946133,-8.80682604737346,-14.819779856499036,0.002223635969887354,23.62240719759909,17.799064389157813
18.239384439384636,-8.995861586358664,-14.624888894083698,0.002253300060941227,23.616564412816253,18.239342584481435
18.239230746908042,-8.9770852563231,-14.376054285369625,0.0022491343988198815,23.348953467329537,18.2391993012903
18.169025709664883,-8.899708413186346,-13.646585867307357,0.0022322728391437298,22.542106172843855,18.1690271868606
18.0795176329992,-8.820824693875172,-12.694122572727954,0.002211594880911732,21.510756574378377,18.07956045652323
18.028416751022636,-8.785826986646615,-12.138860665380482,0.002200190953929093,20.920495488161645,18.028482880192332
17.98454556740639,-8.76164692130521,-11.655383624833528,0.0021906276926389437,20.41283712110991,17.98463153996391
17.948322882689823,-8.7457745389106,-11.251442475478887,0.0021828867723028794,19.99302254964448,17.948425128839915
17.898160123799006,-8.729986638117555,-10.684808832366809,0.002172396491580576,19.41059956826727,17.898284746527544
17.826791350505005,-8.719917598295714,-9.86403835323542,0.002157919521609987,18.57975800887488,17.826947506457937
17.799210582097977,-8.71997629879312,-9.542162064970762,0.002152464259166106,18.257939634064417,17.799378832642894
17.84985406254522,-8.495587032214223,-9.744395990723664,0.00215552000421268,18.235785738103008,17.850022071231137
18.020583169525658,-7.780845895415639,-10.47189049670539,0.002166798002412149,18.248543998309536,18.02074723547269
18.177515861170882,-7.133535895275273,-11.123728685022007,0.002177071224259027,18.253076710110125,18.177676562328106
18.262406208549738,-6.795002861937208,-11.483882790262514,0.0021828409219271615,18.274700239861602,18.26256439557229
18.262409489720447,-6.905966075838546,-11.676368219048895,0.0021863104325650817,18.578148882545396,18.26255666447585
18.26241863559909,-7.225899220985392,-12.204888607529954,0.0021963701563541055,19.426602416159653,18.262534811385972
18.26243030200055,-7.656264330332209,-12.862579298170548,0.0022100665666645457,20.514658216123465,18.262506248611313
18.262438768127897,-7.984361409852538,-13.328105934132083,0.0022206367435441193,21.30828193158363,18.26248501235592
18.262445558562792,-8.257182998239367,-13.694262876018016,0.002229511776452144,21.947260461836077,18.262467655427145
18.262453606768048,-8.591696018079766,-14.119857268658862,0.0022405004896922844,22.707367874289762,18.262446696502337
18.262460201018804,-8.874858116221535,-14.461709988932158,0.002249895386179841,23.33238269267933,18.26242919884543
18.26326224119049,-9.002643180378978,-14.617835955601015,0.0022543258056239345,23.616293746677233,18.26322019966966
18.352908636334174,-8.645088252971528,-14.986141117709025,0.0022605359575282582,23.62704658530225,18.352863754691025
18.57531687325046,-7.769695164793017,-15.878723956304004,0.0022757792398291625,23.64424283277964,18.57526531483733
18.917702490249564,-6.452502550263931,-17.197943083532724,0.002298809723383349,23.646279451493253,18.917641626859563
19.340649252187898,-4.873036034625007,-18.742274819449232,0.0023265612523150343,23.611157328595493,19.34057844432635
19.712783549631364,-3.5241636804643584,-20.028643445377234,0.0023503681146473457,23.548664894699968,19.712705342542986
19.976881592946004,-2.5886273064440646,-20.90335870850659,0.002366933639504677,23.48785188836581,19.976798863237832
20.11079683809505,-2.1209175891800256,-21.33525952501421,0.0023752314555021015,23.452047125631413,20.1107120404976
20.117175713428963,-2.0509880064293706,-21.300394447037224,0.002373936631325806,23.347252661721974,20.117095065496766
20.020023844649735,-2.143765361802476,-20.694603450344474,0.002359251913073748,22.83423601299077,20.019966733461565
19.84785594368493,-2.325574359620002,-19.597435389599532,0.002333810612662303,21.918871645171116,19.847840107199794
19.623863343137714,-2.5961238125044037,-18.12317174231624,0.00230179908760429,20.71515059648761,19.623900428750954
19.427690161472423,-2.8655183621008433,-16.786579540495108,0.0022747436183792745,19.64794698537935,19.427772942402996
19.296564418937578,-3.0629642933085375,-15.86847133216427,0.0022571576474318352,18.927280748260618,19.296677434940545
19.18989625735546,-3.2340780221759133,-15.106509145183761,0.0022431409746356094,18.336429082387152,19.190033701885973
19.1576299649868,-3.282503391619336,-14.864168490204545,0.0022387836627890552,18.14251282887799,19.15777530692948
19.243658816707796,-2.959013994645708,-15.167808271606171,0.0022441022539864525,18.122665794117438,19.243803171149768
19.47782126178127,-2.0900591843082332,-15.974936532247241,0.002258462787062152,18.0608463088269,19.47796324700391
19.807372085441035,-0.8936384113692335,-17.06679426327029,0.002278403419022724,17.95629330786814,19.807511472430022
20.04531499938909,-0.04831849439731757,-17.824652985209386,0.0022926125301696836,17.868839434530084,20.045453025959567
20.135761433870123,0.2587764751226456,-18.124960880142336,0.002298313136637774,17.86205515862474,20.135897944910578
20.135766194311,0.1364321675912705,-18.341558645012636,0.0023023203172278287,18.200997231044145,20.135889713764975
20.13577844053855,-0.19010902966230378,-18.890771003554825,0.0023130844765741313,19.076750786881703,20.13586815819448
20.135794396159216,-0.6407914449400802,-19.589515810015865,0.0023281394063140236,20.22617800866626,20.135839201905288
20.13580583980567,-0.9817248211485433,-20.078819568996938,0.002339682502298976,21.05641514388223,20.13581779570209
20.13581504199046,-1.266739641783648,-20.464981503614794,0.002349435963934316,21.727591899152376,20.13580017466089
20.135825393792803,-1.5990584242605972,-20.891488767890063,0.0023609291763320235,22.48641794591938,20.135779897765705
20.13583416007341,-1.890183318215082,-21.246091456849715,0.00237110542601862,23.132145528842152,20.13576233736909
20.11656226519936,-2.0248851118704705,-21.42333513326048,0.0023748761971159314,23.44409040118089,20.116478143341034
19.720970749248867,-1.8424377427825325,-21.5905852971464,0.0023483800956689673,23.428880997180535,19.720897692054045
18.80589457978168,-1.4361990947974084,-21.960999360578757,0.0022867561415047285,23.39302883169671,18.805847222972798
17.507391226818278,-0.896324670530645,-22.449108767300714,0.002198548555442523,23.34122621733985,17.50738055029682
16.07721486613395,-0.350444492732933,-22.937828499205573,0.002100427355174073,23.284026478446044,16.0772448082315
15.006995912311105,0.02532711547210666,-23.27144667567464,0.00202638422831288,23.241845106358817,15.007056358457113
14.434420070196998,0.21504611489468686,-23.4390164539819,0.0019865658614294152,23.219681454587203,14.434496864557692
14.319503005229201,0.22478463411544758,-23.33580796600151,0.0019771200060595246,23.1067315948069,14.319586729602152
14.242794425168848,0.10884664364020638,-22.68034771356525,0.001964816314193815,22.567207441563347,14.242898218429058
14.114700236575125,-0.10274179086441171,-21.561013756237614,0.0019447388560627078,21.659458775140788,14.114837216312903
13.953775342949095,-0.401286158138056,-20.109028901666658,0.0019203284530407531,20.506014364570685,13.95395348102565
13.82311007785502,-0.6711736026111174,-18.891013114221142,0.0019011552506704686,19.55788285733506,13.823321242454846
13.72985023382764,-0.8792792619276107,-17.999356997616143,0.0018878182674233659,18.874330153305294,13.730084777038192
13.642149187744382,-1.0870114290274537,-17.14329795320995,0.0018755363129482824,18.226001172065573,13.642405582645948
13.610103431204298,-1.165849170946094,-16.826184186317043,0.0018711103339228412,17.9877243804528,13.610367780875766
13.609321573271103,-1.27331122188902,-17.00463076872761,0.0018737617606101572,18.27363299505324,13.609577219415824
13.609322909931384,-1.577605712233011,-17.516643542519425,0.0018817601808424757,19.08994025905961,13.60955350021161
13.60932474237026,-2.021471910828399,-18.207326896049008,0.0018935753076415405,20.224489811001416,13.609520095886298
13.609326050630141,-2.3577718010611046,-18.69206277195365,0.0019026456745571323,21.04552557700374,13.60949558579073
13.60932712368961,-2.6459889407567014,-19.084189881071072,0.001910501664381753,21.72586982570323,13.609475049646138
13.609328353140695,-2.990218155841491,-19.527171557826886,0.0019199854341979457,22.51308071741055,13.609451019823966
13.609329333878346,-3.275683098394114,-19.875574485994676,0.0019279342102488774,23.14694858802208,13.609431454072439
13.609329931997435,-3.4546214167502427,-20.085812846241044,0.001932956249879538,23.53612526655701,13.609419341310963
13.893708624934217,-3.5475634777327008,-20.00641986141076,0.0019529518227690834,23.54968116650348,13.893789671807866
14.698186565590413,-3.8104451058548534,-19.757966718349717,0.0020090144964356586,23.564129437707475,14.698244797543914
15.941528869279548,-4.247984109699984,-19.341928362660095,0.0020950639323446666,23.58566207662432,15.941552052075458
17.34434523211936,-4.78799121119648,-18.824124108917008,0.0021912192767569753,23.60790305799687,17.344329236934787
18.421218784960782,-5.236569624963544,-18.390344897978746,0.0022643132560171554,23.622732988303547,18.421173030304395
19.036075260598718,-5.5061933570518375,-18.12802448131095,0.002305750044343084,23.6300544096929,19.036012656256172
19.155233801739598,-5.488647761408332,-17.993986955310444,0.0023113013657201013,23.478474843294077,19.155174069480605
19.155225923486505,-5.175384823195875,-17.61900332910373,0.0023005063978676367,22.79022827889844,19.15519359061107
19.15521254804622,-4.666437505001121,-16.966028241174048,0.0022832050473316602,21.628305872805576,19.15522585075734
19.15520004789067,-4.216637011146915,-16.337458106138122,0.002268154327707469,20.549935243935927,19.155255048256233
19.15519034395668,-3.884496748212014,-15.837481153607637,0.002257182535934652,19.717818028480764,19.155277115930375
19.15518226759745,-3.6193295553654496,-15.413455135485338,0.0022485084357032822,19.028624817516814,19.155295102272685
19.155174608733365,-3.3772047190061736,-15.004818644968312,0.0022406531578063804,18.377863490642277,19.155311854251412
19.094849226532173,-3.281547534358452,-14.865061121504993,0.0022339969551979514,18.142446975444994,19.09499646970719
18.64146375695318,-3.207504872728007,-14.934677719171244,0.0022046309566528246,18.13800744140854,18.641620292217027
17.678341236880584,-3.06624597760437,-15.067249936852178,0.0021418950063658094,18.129292881830743,17.67851758409642
16.318843148263127,-2.903486228132862,-15.21960935613247,0.0020525478392730495,18.118854906475402,16.319047619468147
14.699579566590117,-2.7651746785085263,-15.34875375864235,0.0019449824114500538,18.109645561866778,14.699817758461895
12.896256431398362,-2.6817118369341792,-15.42653859380403,0.0018238207945530762,18.103923975769554,12.89653244192568
11.08260283262441,-2.6725988429936733,-15.435024691856865,0.0017006175195393679,18.103256926401556,11.08291714761647
9.301240412331111,-2.736632446128168,-15.375365829251274,0.001578401868354946,18.107595854499394,9.301592608023649
7.646426470238411,-2.861053309521221,-15.25926070412513,0.0014638917941361225,18.115881572622566,7.646814086014611
6.43930058276563,-2.991542380869836,-15.137230025454334,0.0013798166736233965,18.124320059043793,6.439714178661159
5.532155331602541,-3.111743976419995,-15.024582155907856,0.0013163561149394725,18.131859935588395,5.532588531472982
5.142428538143023,-3.177001128378055,-14.984400346673485,0.0012891559589072936,18.156929620267473,5.142869754704036
5.142429545895845,-3.3006713518131727,-15.199929226460098,0.0012912644898095157,18.496128723492745,5.142864033690319
5.142432126207408,-3.6291950153404753,-15.744020191288824,0.001296900923393679,19.36874335185753,5.142849181131399
5.142435339231044,-4.062010346677334,-16.406529873058744,0.001304421327007562,20.464068364974498,5.142830246239195
5.142437669493328,-4.392580929872081,-16.876398136474883,0.0013102384807728744,21.264507211592264,5.142816192570268
5.142439555586993,-4.670565023256171,-17.250012026207035,0.0013151802070344113,21.916105194713747,5.142804609813035
5.14244178438079,-5.011117195032367,-17.683712979326852,0.001321296709155789,22.690358319615555,5.142790674545364
5.142443605189213,-5.299150023332928,-18.0316323661853,0.0013265244649325893,23.32631053477897,5.142779082408879
5.162618360691747,-5.44069899064042,-18.19176621816138,0.001330539626902168,23.627993640893127,5.162946841588777
5.548756870008402,-5.487447611410282,-18.146215974797624,0.0013586746480868917,23.629197579795157,5.54907405168285
6.447985589948575,-5.609790469732765,-18.026835822253798,0.0014240361304233414,23.63217390782142,6.448276514373827
7.748583035364439,-5.819694672575573,-17.821439158142773,0.0015181491725577351,23.636702808536818,7.748836136402866
9.127032214168846,-6.085000721498434,-17.56079256971953,0.0016172989137769778,23.641387037808315,9.1272454548665
10.148676650689346,-6.310445360929899,-17.338394531262693,0.0016903497805892198,23.64445340490521,10.14886052293061
10.675753717924792,-6.4363951291843975,-17.21378320504704,0.0017278833992753857,23.64580250924034,10.675922503316457
10.757635869063542,-6.369412791702361,-17.092974189554393,0.001731521337600079,23.458012839888532,10.757807767231913
10.75763166174605,-6.034752625105368,-16.690862584031347,0.0017231731530741327,22.72124106778409,10.757824786135824
10.757624834885679,-5.516439420108423,-16.02115271763072,0.001710423974355272,21.53321799640847,10.75785170782058
10.757618585123335,-5.068374903997006,-15.389755792991627,0.0016995754981988164,20.453756555674612,10.757875644324844
10.757613778841657,-4.740803148230776,-14.89250260206816,0.001691744022076542,19.62893160899563,10.757893616335032
10.757609767131077,-4.478613720321888,-14.469781960767229,0.0016855355528531295,18.9440215397934,10.75790834013418
10.757606271578814,-4.258368775771091,-14.095863648852395,0.0016803607295218777,18.349858283333436,10.757920973066932
10.757605281091523,-4.213144546715783,-14.016889613766022,0.0016793011510719867,18.2256600191875,10.757923341087682
10.75760475103117,-4.360543683462888,-14.271952591827798,0.0016827283630829915,18.628122133932838,10.75791193143437
10.757603513952137,-4.715694178640794,-14.853177845265963,0.0016910478821548663,19.564497882400023,10.75788518067417
10.757602147179316,-5.125120264185783,-15.472762047179986,0.0017007602330187293,20.593508169693624,10.757855434071033
10.757601111822089,-5.447022433071863,-15.926765118720164,0.0017084888408492474,21.369413409993854,10.757832747583763
10.757600241409211,-5.725425711695861,-16.2983945936852,0.0017152398769472964,22.01944616347638,10.75781356165409
10.757599291155833,-6.037359224545423,-16.69388472506885,0.0017228780683865266,22.72686980759271,10.757792487993543
10.75759843988808,-6.32381639591516,-17.039259455575635,0.0017299621483133148,23.358701709363945,10.75777348815626
10.757598064480892,-6.4522291010687045,-17.18893077707171,0.0017331596141443566,23.636785735966946,10.757765070969716
10.811813748582177,-6.0864776206357964,-17.559445412750833,0.0017370645796388562,23.64155001333602,10.811979073154982
10.944444257629515,-5.192708075451894,-18.432990045980546,0.0017462418677214745,23.6213278603637,10.944606397831734
11.128583167191843,-3.976738314079,-19.600373842717048,0.0017587255777962675,23.572745759196202,11.128741506761028
11.259303675186151,-3.1303267001018997,-20.39861802898502,0.0017674128645845779,23.52458109749716,11.259459738982716
11.30897718997534,-2.812179599550472,-20.69565274681844,0.0017706776157657871,23.503469770877622,11.309132477157391
11.288648124415767,-2.82439338419936,-20.437155846884405,0.00176633466766355,23.25718622266816,11.288811287970042
11.226780336266735,-2.879666354977863,-19.649716254062245,0.0017535849074317388,22.52501828604597,11.226966716924153
11.132113813359096,-2.9892867671804404,-18.413257267737798,0.0017347488091526695,21.39817770889189,11.13233523685975
11.02821341701294,-3.1450046684569624,-17.010838119427845,0.0017149793181945553,20.151474275199178,11.028472688191377
10.954208711429864,-3.2790785193975616,-15.981761657301778,0.0017014593697763502,19.256470114067927,10.954494584582022
10.897683827296746,-3.3946398802557196,-15.178355523859391,0.0016914378692930157,18.568624161837224,10.89798983858348
10.868257112937393,-3.4593808682688083,-14.75398733571268,0.001686323848069893,18.20899634902728,10.868573550208183
10.884406698321309,-3.328058625100519,-14.821419003476503,0.001686885706691721,18.14510610940531,10.884724525624737
10.983891453820341,-2.654649359720422,-15.451852587846028,0.0016933271445905603,18.10213250393202,10.984208330945863
11.141215393312876,-1.6079493675713434,-16.417600042701924,0.0017033909908543605,18.021183271642165,11.141531146530852
11.248544069750894,-0.9062763486652496,-17.055346602275623,0.0017101738124560048,17.957259083100322,11.248859314207085
11.309510375589591,-0.513508107642898,-17.413070840060374,0.0017140341439037393,17.922216375477966,11.309825303582306
11.30951258258547,-0.623398048680115,-17.607481925060966,0.001716631880874327,18.226517401519576,11.309819109308307
11.309518344891828,-0.9201869680801843,-18.10839267170301,0.0017236844845416037,19.024217067570465,11.309802709666483
11.309526631311067,-1.3715651359908176,-18.81258527629071,0.001734547871254061,20.17978784007824,11.30977851033184
11.309532646771139,-1.7175379359592107,-19.311715409638214,0.00174298753099279,21.024890773398543,11.309760465271468
11.309537559484328,-2.011649573869313,-19.711676086892247,0.0017502404078143148,21.71896308856466,11.309745414178924
11.309542937123405,-2.3456169924056556,-20.14147399896417,0.0017585644534257054,22.482728419173363,11.309728600884387
11.309547460970556,-2.636404637283757,-20.496440852604476,0.001765889950662614,23.128482917690675,11.309714171587508
11.30705890329738,-2.807877879499054,-20.69944127240802,0.0017700828467680997,23.502956526656135,11.307214611395505
10.99689405576317,-2.729696912568638,-20.772175660750104,0.0017480681239690472,23.49750337919987,10.997058678737702
10.166881541790788,-2.5318591269182136,-20.955770543155825,0.0016889822742463653,23.483243429606755,10.167070063884841
8.89537298048295,-2.2597889411021854,-21.207208788641253,0.0015979975563865795,23.462586898784636,8.89559822244568
7.428794685913925,-1.992009324721879,-21.453503714052538,0.001492402664186271,23.441076143689084,7.429062418073644
6.27293425216915,-1.8154415006307112,-21.615265253860105,0.0014087297168986603,23.426251067035945,6.273235558881534
5.583755104049613,-1.7245106539044113,-21.698373261817114,0.0013586661767828918,23.418417760195226,5.58407646105805
5.407835967462816,-1.7186114986700436,-21.63148548712042,0.0013452589542923082,23.345628244658887,5.408163977692973
5.383533539211784,-1.8213557098288924,-21.064768728860994,0.0013395697190261642,22.88165534507375,5.383872220208638
5.338846995133648,-2.025659820743244,-20.00103759685502,0.00132935179872948,22.02222767765803,5.339205172138756
5.279512965100009,-2.328081228562707,-18.544187197231263,0.001316261124647758,20.86779783129319,5.27989680420214
5.221789644371815,-2.6575491591359337,-17.075786336070685,0.0013040377144237203,19.728864073316867,5.222198240180863
5.180008688286646,-2.918310334792969,-15.980145762077838,0.0012954981732147843,18.89398407853978,5.180435098332224
5.152942113309602,-3.0975468142707854,-15.255019452581525,0.0012901031798175755,18.348093863231234,5.15338002480763
5.142879485378988,-3.1662836477780063,-14.98228587729235,0.001288124765887237,18.144096978428582,5.143321666061098
5.160871911606755,-2.9017505111096273,-15.22135615282585,0.0012892318092014125,18.118634372958002,5.161314203139488
5.216719986494052,-2.0999471069706317,-15.965818171544024,0.0012928016191804785,18.061293783494147,5.217162196727452
5.3031277404452055,-0.8838128155926569,-17.075632601141017,0.0012982123861466149,17.954975160365986,5.303570191291719
5.37191572412127,0.06405420100643718,-17.924519403234967,0.0013024283335864157,17.855995938143653,5.372358669022086
5.404880992071245,0.5121787671526122,-18.320959536943903,0.0013044217156841069,17.80431198318481,5.4053242644668025
5.411527447397171,0.5390556229822653,-18.513289351817612,0.0013059037903479494,17.969765038626868,5.411967257054518
5.411529219118536,0.27530109062066777,-18.967640364035564,0.0013104416054530443,18.68787058320678,5.411954547017679
5.411532036500512,-0.16835132258405536,-19.67630243929434,0.0013181670927415524,19.840185071670035,5.411933867798653
5.411534208311656,-0.5310038537146847,-20.210660208248942,0.0013245695267312977,20.73719537175436,5.411917514140292
5.411536020270912,-0.8476195114992403,-20.648286305264445,0.001330224735105005,21.491437126553144,5.411903579110765
5.411537778420192,-1.167130615648917,-21.06568355739499,0.001335993975251146,22.228345482831685,5.411889795169807
5.411539356460394,-1.4643824957800105,-21.434114606829677,0.0013414183947688414,22.89402841239555,5.4118771931177
5.411540405963149,-1.667616028064219,-21.675839688300695,0.0013451591602346275,23.338987026149283,5.411868687075429
5.424066420183483,-1.5354259657933438,-21.870883411302106,0.0013466039536269828,23.401840868706227,5.424392985711935
5.4766006770858775,-0.8374305746675654,-22.50216094017106,0.001349849135496644,23.335123771009158,5.476927170701148
5.565966634981393,0.3301610198299243,-23.540513264714296,0.0013552288915540996,23.205885808995,5.566293367929802
5.647924871468567,1.3799971611893183,-24.455367909435196,0.0013600160187631795,23.070905520017938,5.64825220650028
5.694327582041065,1.9657722967584186,-24.958065289644505,0.0013626672831080738,22.987828451890124,5.6946554145234165
5.708300785306914,2.157467979582435,-25.087995008419234,0.0013631520860658524,22.92606269523824,5.708629572331149
5.68968612299073,2.0816819073917636,-24.699557229638565,0.001359161630568248,22.613410712173444,5.690022249122429
5.646054796346769,1.8927998711178409,-23.773399467318654,0.0013499769766503167,21.87613433968802,5.646408036905701
5.584173340873938,1.5981137284301632,-22.42199978767951,0.0013373502387772408,20.819419889733446,5.584550658313653
5.51512425903389,1.2312093937484874,-20.859388075381535,0.0013238011352070674,19.623711498655055,5.515528210534966
5.462010074348348,0.9207307435941222,-19.616142821283965,0.0013137594368465679,18.69094411893755,5.462434377119673
5.42923726273002,0.7166100094545315,-18.83045163145855,0.00130772561608345,18.109373186222737,5.4296740750007135
5.413516291025669,0.6151642534215679,-18.44828593764724,0.0013048756405774342,17.828653020069275,5.413959092924111
5.425514415084031,0.7909109837996804,-18.56595278966494,0.0013053586894338763,17.77057331585742,5.42595812629741
5.479753349176628,1.515970636584688,-19.197621663195783,0.0013085858144873588,17.67718332598248,5.4801977790939365
5.56424089990245,2.625458965239023,-20.14834688840574,0.0013135294054400887,17.51842145897587,5.564686739990733
5.628548050469736,3.454288886031612,-20.846134149172705,0.0013172289991364116,17.38737974562237,5.6289951899326915
5.6829505785684,4.145345487761871,-21.419890917690108,0.001320319456255343,17.27008071700469,5.683398961865284
5.709814148279129,4.483248489852403,-21.697785268433055,0.0013218329132744606,17.2100724642214,5.710263193068227
5.710238159466576,4.346305793020825,-21.96270874268781,0.0013242987054948368,17.611938641586768,5.710679023004387
5.7102410167737165,4.009375287868164,-22.545710587895062,0.00133012348626832,18.531870991952914,5.710663034484951
5.710244605840149,3.55860855626326,-23.262438984795363,0.0013380240813329,19.69936612046491,5.7106424130156235
5.7102471472425504,3.220534283645926,-23.759175970271556,0.0013440317076165193,20.534177378562507,5.710627427765517
5.710249190902145,2.93717582579475,-24.15201412153897,0.0013491218579713244,21.210373987683916,5.710615135817074
5.710251502171614,2.6040552747163455,-24.588964517864444,0.001355171485932212,21.980444935090446,5.71060096002756
5.710253476947278,2.3088185680854503,-24.956114619484048,0.0013605922719469635,22.642831743342764,5.710588611399399
5.732192940260809,2.1627638598838472,-25.125692666770007,0.001364834955336072,22.95846482477794,5.732520582267238
6.117249183661931,2.1128576608900422,-25.083238555660927,0.0013927493594774803,22.965922702469868,6.117565795781861
7.016934558982052,1.9831254118801216,-24.972687143777684,0.001457831378154504,22.98511773757192,7.0172253932102775
8.325979739219605,1.7621488675055033,-24.78375984248518,0.0015521509680117057,23.0171893106258,8.326233052864298
9.81510755805773,1.463924935192491,-24.52754470897368,0.0016588560526684811,23.05922590935365,9.815318174096692
10.996627634536244,1.1914872417211069,-24.29223417011837,0.001743031463064628,23.09637692424812,10.996804369091974
11.718635927575038,1.0092364625590098,-24.13415301030648,0.001794241219191179,23.12056190542439,11.718791960598006
11.914124064520271,0.9449389434365092,-24.02488557190281,0.001807460387431586,23.075596244781313,11.914276060963891
11.857033506921114,0.8387557250935918,-23.44461808489294,0.0017978856450389883,22.601510723114792,11.857201373682788
11.754304708750288,0.6316175487046091,-22.378246607887487,0.0017810237919975635,21.74227517718618,11.754500888449027
11.619737158943654,0.3287801496231075,-20.93717917873618,0.0017596321479966925,20.604042224017572,11.61996998869563
11.497505475899246,0.021742451226245393,-19.58262551901565,0.0017408709661550514,19.556523625431506,11.49777121047707
11.414664998771505,-0.20407439706513453,-18.638924333347422,0.0017285092572371802,18.838637510340675,11.414952849916977
11.34350163792727,-0.4097711519801227,-17.81107805800859,0.0017181145193563606,18.216486469012604,11.343808381851414
11.306615516724866,-0.5123424089123204,-17.409844673127477,0.0017130274080283086,17.917823555002276,11.306931303906412
10.9942564047722,-0.5723950360311567,-17.355941274034738,0.0016917682795885415,17.923966170913115,10.994578581141825
10.159314338597062,-0.7443747474722926,-17.20125116984537,0.0016347602598285082,17.941238642751593,10.159653650297564
8.896382343594258,-1.0356182711171402,-16.93822754889615,0.0015480391879465962,17.969434138473233,8.896747741697528
7.330796517052932,-1.4492852942068006,-16.562350860534817,0.001439763214180476,18.007196758620417,7.331194547132027
5.727992995853689,-1.934136167632426,-16.11836972125454,0.0013280946742242105,18.048041050350854,5.728424787209907
4.378732801880046,-2.3914846934483207,-15.696175986597616,0.0012335022498956335,18.083176741295137,4.37919330135358
3.3839817095341767,-2.7580189396797565,-15.355434706156121,0.0011634480355101986,18.10895698751572,3.384463544987229
2.898670247914752,-2.9460313970742313,-15.179829136044885,0.0011291798601070556,18.121358090609398,2.8991625453110563
2.8620573263285096,-3.049008553905433,-15.321874422754853,0.0011278749477056694,18.366380107418447,2.8625463047288
2.8620646257451594,-3.3382002008613836,-15.807531922784356,0.00113207980367108,19.14122925448468,2.86254048197076
2.8620751850889325,-3.7791519345051183,-16.493702029065105,0.0011385694559388562,20.26835109452594,2.8625317323135193
2.862083334945741,-4.137947846766518,-17.009876313298946,0.0011439206615556177,21.14332129111124,2.86252470038521
2.8620891692177333,-4.40480605809171,-17.372092499138134,0.0011479425392367617,21.772395688340037,2.862519508785946
2.8620965408107084,-4.753922904317752,-17.821007995899716,0.0011532584049546706,22.570428031409023,2.8625127539878563
2.8621026125349243,-5.05154856939603,-18.183363480829385,0.0011578393515550788,23.23040918148394,2.862507020096959
2.862105959291064,-5.219528439162092,-18.38019874973557,0.001160445108641512,23.595224320193076,2.8625037912114983
2.8720104480852173,-4.976480965643035,-18.642320900806748,0.001161309582329292,23.61429911192584,2.87240764423393
2.9028976362081584,-4.187794466367881,-19.39947138074841,0.0011633493771052465,23.582763449389017,2.90329449559352
2.9527060451205274,-2.939861535832874,-20.576576823642792,0.0011664917677419117,23.511936539480793,2.9531027301604893
3.0187287434420877,-1.3283605108272087,-22.059021732617033,0.001170398256944536,23.38288119372436,3.0191258526748697
3.0847992635294723,0.2386295334422596,-23.459929220001406,0.001174037079419824,23.21679941279382,3.085197492679037
3.1362654342795593,1.4296605469685981,-24.498171907700943,0.0011767018850186177,23.06401169494554,3.136664981116377
3.1676617573107015,2.1441344067122143,-25.110042263118558,0.001178260311393041,22.961408563034045,3.1680622880365465
3.179312356841329,2.4099410611877903,-25.329766664749105,0.0011787814984358489,22.915326448671397,3.1797134011330237
3.1710835141108595,2.3494761119935266,-25.022838704032385,0.0011764276648448789,22.66886333926921,3.1714893081090096
3.1490655487758183,2.178776845867437,-24.18914362908622,0.00117023325031044,22.005867268943348,3.1494840096066654
3.11632130728879,1.901516452944567,-22.916258513688952,0.0011613018588425227,21.010242158630785,3.1167584967485022
3.077154622635295,1.5321310673452908,-21.33956085116473,0.001151050856985112,19.802929419465933,3.077614074672579
3.0447280095947633,1.1941677081954438,-19.987275752918872,0.0011429141714847377,18.78860729905218,3.0452058074163095
3.023076232207309,0.9518241100944014,-19.059621749548164,0.0011376553647073858,18.10329663986366,3.0235662501228093
3.0124823769941327,0.8281996582609236,-18.598482407780633,0.0011351339895882878,17.76578162589293,3.0129783637577474
2.9953525122716242,0.41058412608973605,-18.23134579302168,0.0011341848428894441,17.81626034299604,2.9958480134774446
2.957634802520158,-0.5214456204894942,-17.401814028712383,0.001132050381261947,17.918757885422256,2.9581293871011667
2.9095778796008,-1.7339995878850436,-16.30219800441945,0.0011292388965239509,18.03169527053821,2.9100716059631813
2.877085564902409,-2.5704057304674097,-15.530229213573039,0.0011272753521154642,18.096132246545338,2.877578918474896
2.8635419970916702,-2.923138968686795,-15.201361404215433,0.0011264410921826599,18.119997519161505,2.8640352470444137
2.8621065577128624,-3.0400065237961416,-15.305842965915568,0.001127501309450806,18.341346619419326,2.8625961140562017
2.8621065253878553,-3.317228554563739,-15.773092377426405,0.0011315286690469924,19.085818061694184,2.8625834839269566
2.862106468396385,-3.755080232205537,-16.457563902996316,0.0011379659464484234,20.20814126490036,2.862564218904845
2.8621064197542925,-4.0967861673864645,-16.952196313546896,0.001143055231354971,21.044479610627622,2.8625496776810064
2.8621063757267886,-4.389059518126934,-17.35107386642246,0.0011474544863171194,21.73563051424008,2.862537534587149
2.8621063210482767,-4.735566157425099,-17.79805549093902,0.0011527258281924483,22.52911877805061,2.8625234459972027
2.8621062728107116,-5.0295300688287,-18.157145238112477,0.0011572460728965016,23.182172436624157,2.862511726735154
2.862106240996587,-5.218546369179456,-18.379058209933085,0.001160176154908927,23.59310170879328,2.862504292901915
2.618452650757054,-5.216820482506926,-18.409427002385478,0.0011424783129159626,23.621741826756853,2.6188573601542413
1.8555346070314667,-5.178343526298446,-18.446756901035275,0.001086329455000899,23.620586489146664,1.8559618331624208
0.6625620528859244,-5.1445079103177385,-18.47956684326768,0.0009983074558079447,23.61954924188003,0.6630245634609557
-0.7796920282803936,-5.146452670207692,-18.477690548366976,0.0008915767241545434,23.61960596002499,-0.7791867520793536
-1.9424433993085095,-5.1821593845218885,-18.44307900153429,0.0008053192795929407,23.620693450576873,-1.9419035707607788
-2.6612081980160114,-5.2195314357167515,-18.40682772563002,0.0007519201994237804,23.62181028465626,-2.6606469816624303
-2.86266145618988,-5.199844341318937,-18.35747388063961,0.0007366655110022027,23.552768349078303,-2.862093545637259
-2.8626589890290144,-4.947665818333319,-18.059113062058326,0.0007344867829516336,23.0022290075059,-2.8620855801285794
-2.8626542527432854,-4.480888764832468,-17.472370864682674,0.0007305005886466598,21.948709756619323,-2.8620704460350432
-2.8626487884206027,-3.9702597970968787,-16.772930308037264,0.0007262099512932252,20.738640232227457,-2.862053228023821
-2.862644935473082,-3.6280866072824294,-16.26534663842169,0.0007233749601270006,19.88888337279023,-2.8620412341624677
-2.862641540330403,-3.338773327041998,-15.808245595811671,0.0007210026787226534,19.14246904993373,-2.8620307604659363
-2.8626384229684847,-3.083156258217078,-15.380464761415466,0.0007189253241170777,18.45907114670729,-2.862021218494562
-2.862637073481787,-2.9754578545272636,-15.192896699619478,0.0007180552432717464,18.163804681219247,-2.862017109173259
-2.8626374200498286,-3.0388139146911497,-15.304213837151599,0.0007185626034385458,18.338477878918713,-2.8620190841756137
-2.8626392715984106,-3.3171714035790845,-15.773302986960266,0.0007208031175174349,19.085924517628484,-2.862027943883807
-2.862642062023116,-3.758039548469554,-16.462241862110734,0.0007243944313292099,20.215731537689738,-2.862041448534849
-2.8626441177658557,-4.099282082490417,-16.95594989144431,0.0007272105441470903,21.050682101059532,-2.8620515215826186
-2.8626458068566336,-4.390188035253804,-17.352754580202365,0.0007296367537452477,21.738392742593852,-2.862059881674242
-2.8626477060667472,-4.728617127793253,-17.789393575002126,0.0007324891358041209,22.513460829947846,-2.8620693759206315
-2.8626492778518897,-5.017795201121353,-18.1431074913548,0.0007349521408175862,23.156352819641096,-2.862077312028769
-2.862650273449186,-5.205216904661657,-18.363577811008877,0.000736561208492774,23.564244842843504,-2.862082376971564
-2.8704024570658406,-5.031901118082099,-18.588726347952107,0.0007361912589995396,23.61607755641627,-2.8698348481032805
-2.8990934354142,-4.298236536373253,-19.294034114778974,0.000733944477358157,23.587720605966997,-2.898524688699128
-2.9462246124748437,-3.1143056030352763,-20.41358125288464,0.0007301854563462516,23.523336590155584,-2.945653825637333
-2.9881228273022185,-2.083008282426532,-21.37011277764666,0.0007267786062828996,23.44857060043135,-2.987550062098024
-3.0076846204384196,-1.6080952971711655,-21.804725947614177,0.0007251685558008544,23.40827069534132,-3.0071108820195356
-3.0110662329030635,-1.4936883180277105,-21.8411588713266,0.000724614552173782,23.33029662441701,-3.0104916319758654
-2.9997574436140386,-1.5799024512084376,-21.369347654254437,0.0007239707504364458,22.944699592262342,-2.9991794100113913
-2.97618394889733,-1.7728532866600535,-20.36718976548274,0.0007226957525900548,22.13549264728018,-2.975598736905004
-2.9440712489819196,-2.064511804420088,-18.96091285359201,0.0007211031011092969,21.020874401789815,-2.943476200034188
-2.9102684540646444,-2.4085351047990837,-17.427000203161946,0.0007196060042051152,19.83098520952194,-2.9096629603400217
-2.884958309408924,-2.691812740698985,-16.240676048801618,0.0007186058683260712,18.927938810090144,-2.8843449220660875
-2.8686717853827086,-2.886008329805449,-15.45955523186998,0.0007180171141978473,18.341013659257317,-2.868053280916145
-2.8627083526891215,-2.959512658680573,-15.169941482961326,0.0007178124322657465,18.124904267494173,-2.8620879664629735
-2.8736835991718586,-2.672091700330348,-15.435634165571837,0.0007169626925683736,18.103175939689596,-2.8730627658882706
-2.9053342805616804,-1.8557091810254351,-16.19054689629963,0.0007145172392933743,18.041706001768215,-2.904712172803149
-2.9536004543055574,-0.6352787347708585,-17.299558388618443,0.0007107421668289647,17.93028682237156,-2.9529762511128967
-2.991807543602031,0.31066498171392454,-18.143068378283164,0.0007077185862903554,17.827852919038403,-2.9911815626229648
-3.0098116065801737,0.7504702530930303,-18.530478512336078,0.0007062840471625325,17.77545769913617,-3.0091847542474017
-3.0130065854218073,0.7605173055978531,-18.720067928640706,0.000706554199241439,17.955000048321846,-3.012381294548979
-3.0130101764312873,0.4936595179417666,-19.17981668349029,0.0007086319385319219,18.68160659083251,-3.012391521168518
-3.013015851981119,0.049170162802188416,-19.88960160497239,0.0007121350022540478,19.83588086746262,-3.0124078556680867
-3.0130202192472133,-0.31201960544366336,-20.42158535582366,0.0007150211331673602,20.729054386566723,-3.012420576750544
-3.0130238576957464,-0.6257424060626101,-20.855307816532324,0.0007175571360635383,21.476499647900503,-3.0124312815497625
-3.013027458338788,-0.9477047738493273,-21.276004773757496,0.000720188212574602,22.219158972918812,-3.012441974877717
-3.013030662256163,-1.243908595980239,-21.643142151031277,0.0007226347004879544,22.882500172329507,-3.012451577459708
-3.013032854886482,-1.451894085052088,-21.890477111030403,0.0007243674977823902,23.33782062140474,-3.0124581981054264
-2.8092320446868753,-1.4656415016905875,-21.934175842282514,0.0007397195228093339,23.395267711983966,-2.8086639569918037
-2.087582506581171,-1.4265053671010652,-21.969742491600087,0.0007932507981625774,23.39170195524285,-2.0870356435786217
-0.907734886637905,-1.3874114438266238,-22.005249468778302,0.0008806540824771227,23.38812243758917,-0.9072226888912384
0.5654115928777135,-1.381882144077825,-22.01027963664777,0.000989540000364219,23.387634896841384,0.5658805701184854
1.8303395109939917,-1.4154905117945258,-21.979777246656738,0.0010827753908229994,23.390752874904894,1.830771432428899
2.680423474005005,-1.4580256410799373,-21.941140839391593,0.001145277518072215,23.39466072241694,2.680830522204994
3.0124749334512995,-1.4791203483830084,-21.92125937121316,0.0011696496087112897,23.395877755332776,3.0128722852486405
3.0019949359028724,-1.5582213697410785,-21.485152434335216,0.0011663146852884426,23.038871717288874,3.0023990890074845
2.979696289915026,-1.7383298581642543,-20.540624882716497,0.001159366243413255,22.274452393826316,2.9801148531177226
2.9484953445356257,-2.0172120266223668,-19.180765785497165,0.0011499797287340063,21.19347510188451,2.9489339413457447
2.914082855747406,-2.3621351632967333,-17.626968757358135,0.0011400715736053606,19.984600811196923,2.9145434063563798
2.887427124183648,-2.6571413721505133,-16.382541340181053,0.0011327121131598417,19.035179294604937,2.887904602892047
2.870243496642808,-2.8605433147411516,-15.560646116839317,0.001128111767968722,18.416685815574887,2.87073186247505
2.862184181940226,-2.959565354747473,-15.169731117205007,0.0011259925948959382,18.1247927630718,2.862677648899055
2.587684690890453,-2.943244335691368,-15.182403188831167,0.0011065232566072009,18.12114068179499,2.588184269600755
1.7878159943921252,-2.903304415708631,-15.21975368438856,0.0010497479430756783,18.118542625532626,1.7883332701074814
0.5688513102611925,-2.8705143622008835,-15.25040010451328,0.000963005173365149,18.11638728621316,0.5693955915941248
-0.9663843941368684,-2.8775222491384023,-15.243855216731744,0.0008534279252585908,18.11683804497748,-0.9658060412549354
-2.5451815652957244,-2.940793931207643,-15.184705217281625,0.0007404311897659192,18.120950052192352,-2.5445681084449934
-3.841067191520523,-3.035372301762605,-15.096167924257195,0.0006475018410586853,18.126985402921136,-3.840424872935507
-4.747230169946637,-3.124423303998557,-15.01267518467029,0.0005824481115280121,18.132540848364812,-4.746567644475228
-5.142993763804508,-3.176597777729728,-14.983669183517431,0.0005540622084758689,18.155708395534305,-5.1423225356668505
-5.14299340807159,-3.2997548864514736,-15.198335728539442,0.0005547310658071318,18.49353204928837,-5.14232431456942
-5.142992500849437,-3.6254651429021867,-15.738066308542614,0.0005565109468991902,19.358972885768836,-5.142328914262962
-5.142991357927408,-4.059449763838299,-16.40277374304401,0.000558912698758748,20.457664941240452,-5.142334847273296
-5.142990533092331,-4.389218625686036,-16.871725625329198,0.0005607610263667848,21.256385685398453,-5.142339229705508
-5.142989863710878,-4.667170229632108,-17.24553546011389,0.0005623347777566248,21.908147124149856,-5.142342851238067
-5.1429890621242835,-5.012264113614033,-17.685109817482722,0.0005643090180166475,22.692815365525682,-5.142347267573032
-5.142988408385532,-5.303692649467355,-18.03699096416392,0.0005659940195202194,23.33612504808094,-5.142350936127492
-5.161737495259959,-5.440536896865918,-18.19191406996826,0.0005653809083983222,23.62789236325008,-5.161101436873573
-5.542236841487494,-5.486566099062037,-18.147064485123547,0.0005370229368570599,23.629071278831955,-5.541589422777137
-6.440493389179346,-5.608623903441095,-18.0279628285597,0.00047005959878134536,23.63202645271027,-6.439819141174265
-7.739708407884609,-5.818038795584907,-17.82304750446601,0.0003731881222104529,23.63652631469911,-7.738995337111783
-9.11920402744638,-6.083262080155662,-17.562487060732778,0.0002703574481305439,23.641191669175157,-9.11844973030922
-10.143883503490075,-6.309209945503634,-17.33959629527926,0.00019402819466245172,23.64425210672347,-10.143098594933193
-10.685048824984575,-6.43855564094762,-17.21162286935118,0.0001537440917295559,23.645626642831537,-10.68424775789807
-10.758175237780824,-6.369646679097774,-17.093210685311092,0.00014839112204400272,23.458305828430344,-10.757372209691416
-10.758167863225681,-6.039164326545305,-16.69625343282053,0.00014872807504809474,22.730866223359634,-10.757365690577297
-10.758155717074654,-5.518500214909145,-16.023890921557463,0.00014925159171166847,21.53783960041462,-10.757354927813124
-10.75814469265438,-5.071205787023638,-15.393857994600049,0.000149694314314672,20.460512245529944,-10.757345133066938
-10.758136183197367,-4.742298010887752,-14.89481331808971,0.0001500157988089944,19.632559792851364,-10.757337556857006
-10.758129151741716,-4.481243176318788,-14.474104512572394,0.00015026854124215857,18.95079615273827,-10.757331286579234
-10.758122973915867,-4.259806922101167,-14.098310869140354,0.00015048127785014437,18.353566255064994,-10.757325770421268
-10.75812214196369,-4.300634671928376,-14.169441804057929,0.00015044297920153098,18.465524939804933,-10.757324815307882
-10.758122649241887,-4.3603278420128255,-14.271539982488411,0.00015038627086949303,18.627316288320827,-10.75732514385602
-10.7581255766696,-4.7153535021882895,-14.852597065727316,0.00015004671992089436,19.563399031740683,-10.757327030512267
-10.758128766829124,-5.123054065354399,-15.469726834373198,0.00014965187995276023,20.588229363558508,-10.757329067353997
-10.758131174033041,-5.445171270530043,-15.924188938588737,0.00014933615920348706,21.364808672953984,-10.757330590339846
-10.758133176391885,-5.722695200034833,-16.294785180446414,0.00014906143564757176,22.012928844319944,-10.757331847556904
-10.758135353147624,-6.034233466744819,-16.690000600140877,0.00014875003877427143,22.719682530728107,-10.757333204010402
-10.758137301104227,-6.321794832343623,-17.036832846630166,0.00014845974467059608,23.354076142819455,-10.757334408432405
-10.75813816258335,-6.451597240918651,-17.188161831761015,0.0001483278067412238,23.635207536526746,-10.757334938171917
-10.811769716504488,-6.090451431948267,-17.555509302518946,0.00014433452229938498,23.641409449437212,-10.810964884370975
-10.943872105809836,-5.200133462007348,-18.42575579482604,0.00013451824360809667,23.62133860474951,-10.943063360801416
-11.143792110954106,-3.8810735664846665,-19.69112760286613,0.00011968717034756205,23.56765151455575,-11.142977499364362
-11.391234082079983,-2.2929466367311484,-21.17675496283092,0.0001013820666900516,23.46515324482112,-11.390412327123023
-11.605320931364384,-0.9560461055493689,-22.3954439524508,8.559954964376519e-05,23.34694288666135,-11.604493124528586
-11.753067114714787,-0.052385456213416635,-23.202740214691282,7.474144446557774e-05,23.25057934796067,-11.752235211339432
-11.87004901620043,0.6526462563483287,-23.82344756883698,6.616528183885152e-05,23.16625567955989,-11.869213919635285
-11.92081176375363,0.9558717089841379,-24.08769425990443,6.245013480348681e-05,23.127277222490214,-11.919975296933421
-11.894509457919408,0.9081658763091418,-23.821986741429306,6.463470154585523e-05,22.9092753779303,-11.893674363490996
-11.81743781361551,0.7602168035792214,-23.032173212207596,7.098720901879093e-05,22.26741046098391,-11.816606645268822
-11.69864034919706,0.5095188177580968,-21.783247685165232,8.06411948815237e-05,21.269182223840954,-11.697814956185944
-11.561124768994475,0.1840333040723757,-20.28767456778075,9.16177240828138e-05,20.099093835568706,-11.560305646930368
-11.45603696123389,-0.09089692731768298,-19.1071416059052,9.987066410556601e-05,19.19349052067344,-11.455222335968005
-11.379449127996292,-0.3060184101464689,-18.22527549686578,0.00010581506669249544,18.526745476852888,-11.37863761944338
-11.32551407879572,-0.4650947204090622,-17.593081101633842,0.00010996723922631772,18.0536271019738,-11.324704684703985
-11.20437171482491,-0.5489372361381087,-17.3769923700972,0.0001187154360200912,17.921380241712562,-11.203565235412931
-10.610755739336968,-0.7634808683057425,-17.18402541276239,0.0001612220044488807,17.942954004484644,-10.609962320551098
-9.536928481918324,-1.1741831189079814,-16.812610607312926,0.00023821380152537713,17.982237247292165,-9.536158797362878
-8.114368753121903,-1.763864063453076,-16.274702135905617,0.0003403662189182428,18.03400626896639,-8.11363071339556
-6.741804346086651,-2.3832661075737818,-15.703789814113033,0.0004390423837667354,18.082494947620077,-6.741097035397917
-5.736516033972526,-2.86924320585941,-15.251614855057854,0.0005113496261066084,18.116297750629425,-5.73583133327204
-5.217326925737198,-3.1311214905795723,-15.006407907034571,0.0005486954660339799,18.132969901480564,-5.216653930227664
-5.14290010721305,-3.2458862796450534,-15.1052693649043,0.0005544652080713376,18.346596290115265,-5.142230124955468
-5.142912663321403,-3.523531525810945,-15.573153606563938,0.0005559776801044061,19.09212577793656,-5.142247413397932
-5.142931490053869,-3.9616559552649435,-16.257845468927904,0.000558393095458135,20.214942069748695,-5.142273448624181
-5.142945353141942,-4.301030548811337,-16.749057403168486,0.000560288449616045,21.04552859753178,-5.14229271057894
-5.142956793434302,-4.59187211766855,-17.14607311263229,0.0005619298999398126,21.733385875849873,-5.142308667389336
-5.142969914618531,-4.937474902349579,-17.592083759935445,0.0005639011811468106,22.524999307831013,-5.1423270397541865
-5.142980668615632,-5.230431024103071,-17.950078717705473,0.0005655901956247279,23.17595038735232,-5.142342157038263
-5.14298720405645,-5.412720885853304,-18.164321394409328,0.0005666495503416714,23.572482925805176,-5.142351371054816
-5.1584535060258405,-5.216368665122929,-18.409992006283048,0.0005656296620719694,23.621801285626983,-5.157817544955171
-5.215509759698563,-4.405831472633883,-19.191181335468805,0.0005612977503161849,23.592453309157417,-5.2148718976589015
-5.297229196662959,-3.2660018977288057,-20.271394606632544,0.0005550504651854873,23.532836850115213,-5.296588504693453
-5.40767607892172,-1.7625633534134026,-21.66372394469873,0.0005465383180117866,23.421727446576234,-5.40703138874675
-5.533542961141694,-0.09793123595631992,-23.162362608377563,0.0005367593945271011,23.255733785657227,-5.532893513278383
-5.57809648607749,0.4795732461103566,-23.671796495564283,0.0005332817141736378,23.187663121964864,-5.577445311529352
-5.6486695521124615,1.3823556146445135,-24.457393567112664,0.0005277588967024103,23.070477720809002,-5.648015604229408
-5.691499761327325,1.9232139966099073,-24.921705090518287,0.0005243997932866097,22.9939308019484,-5.69084410996078
-5.709582113444254,2.160348912090269,-25.102992750442784,0.0005229284683731782,22.938083521546726,-5.708925606241356
-5.682674828039494,2.0500089220400297,-24.540454643951307,0.0005238857417255819,22.485885441848826,-5.682016414702971
-5.6561039541280556,1.9352006396605066,-23.976792371675625,0.0005248388377798628,22.03703148908315,-5.655443628655617
-5.594662657403286,1.647640576620106,-22.642253670718542,0.0005270739909421082,20.990052940243267,-5.59399779435959
-5.527288282839069,1.2958672813348622,-21.126670974623096,0.0005295781585201635,19.826243642292674,-5.526618248369028
-5.472962658708619,0.9836274286638995,-19.862982644381926,0.0005316406745009369,18.874795251602205,-5.472288296983102
-5.43547556938872,0.7528771030751035,-18.968397800691047,0.0005330879022980824,18.210960795499393,-5.434798135707335
-5.415504307423983,0.6246879443378809,-18.483966471208127,0.0005338673791048677,17.854718658473324,-5.414825207171648
-5.421499843949994,0.729730189510044,-18.512246139264196,0.000533297685444315,17.77795607108932,-5.420820157527974
-5.4672771706652945,1.3430648772881815,-19.047707976987475,0.0005298746730819869,17.700083144286985,-5.466596024420042
-5.549450269816085,2.426036248706772,-19.97884740542912,0.0005237179768790642,17.54825106979733,-5.548766458200627
-5.616796402854655,3.2970096735757433,-20.714520279550364,0.0005186629475305598,17.412950417266245,-5.6161103708048525
-5.673821028316559,4.0233238430643805,-21.319125145369274,0.0005143778460407545,17.291241031606187,-5.673133095671278
-5.706860182088781,4.439484746779735,-21.66184957050125,0.0005118935708269818,17.217804507314888,-5.706171140952308
-5.710770612270748,4.389947978359575,-21.883879988641922,0.000512058035958013,17.489371688537258,-5.710082983477537
-5.710777133108381,4.08537716492273,-22.418051018905167,0.0005134812021704721,18.328113532250974,-5.710094151284248
-5.710786194072892,3.636578334274139,-23.14318543271974,0.0005156061146518116,19.50204677673369,-5.710109792411645
-5.710792834496931,3.288546793905311,-23.661819052660192,0.0005172770511274247,20.368711937057757,-5.710121351547697
-5.7107983072652555,2.9894225117945186,-24.081033633042868,0.0005187295405920375,21.087050799563734,-5.710130942870429
-5.710804180416794,2.6559102884228523,-24.522543819120017,0.0005203671328315149,21.862073209026303,-5.710141304312216
-5.710809253258922,2.3574218413241868,-24.896901057536468,0.000521849032534971,22.53491889455358,-5.710150312888426
-5.710812238713173,2.177157117341508,-25.114126905163705,0.0005227516082508717,22.932409466170782,-5.710155641422703
-6.004845085651938,2.127866813630502,-25.09599954725863,0.0005010077058555977,22.963572046704353,-6.004180161405646
-6.8124442935651475,2.0142986433022187,-24.999263521549175,0.0004411100598629649,22.98040371113779,-6.811756063519539
-8.053799315020356,1.8113734391323602,-24.82589829801982,0.0003490164027442688,23.009964472800068,-8.05307519733191
-9.555885713476822,1.5195555581666473,-24.575429380724565,0.00023758193565547343,23.05131684062832,-9.555118057443373
-10.807350974732932,1.2374053558010607,-24.33195800419989,0.00014478382265899095,23.090000554359424,-10.806546944970632
-11.622393513238633,1.0343528542286946,-24.155948111110494,8.43872474872752e-05,23.117047349345967,-11.621565744565151
-11.920899332662822,0.956099286079714,-24.087544448350208,6.22779738056583e-05,23.12689898342896,-11.920062861133069
-11.872290076201436,0.866715075195706,-23.594908670405736,6.630961229157689e-05,22.723647123493752,-11.87145612905571
-11.776926961581134,0.6778821182266151,-22.609834149654027,7.413626415561964e-05,21.927404993253976,-11.776097803875567
-11.646942584166798,0.3916668056173048,-21.226806811690963,8.463353332053093e-05,20.830592213243882,-11.646119607495848
-11.517802963831565,0.07349218471818052,-19.804678187829154,9.487818305002937e-05,19.726637480457462,-11.516985736783624
-11.428169313604798,-0.1677452756994093,-18.788137589517866,0.00010188664295119805,18.951333847690425,-11.427355850345592
-11.352878395976552,-0.38360566111306926,-17.91490595972484,0.00010771211951127185,18.29396219501229,-11.35206795182447
-11.313127204375762,-0.5025259583528077,-17.446555019799654,0.0001107659283489927,17.9445313394748,-11.312318302054077
-11.465185005074757,-0.8996952969954101,-17.061251064611746,9.987152765174258e-05,17.956397541379935,-11.46437272718565
-11.824218518245834,-1.8114643361199978,-16.23115040187819,7.410907434852685e-05,18.038067959720752,-11.823398117292967
-12.307143669225646,-3.0688073761000574,-15.064929916549682,3.945857860977863e-05,18.1291935030857,-12.30631228450634
-12.673115594314597,-4.046369209734702,-14.140997058996735,1.3210711854042994e-05,18.18282492843064,-12.672275869197033
-12.904583374983087,-4.6761768276146904,-13.537725062722117,-3.3812121203248247e-06,18.209362181370985,-12.903738379259856
-12.952977247003878,-4.837530259599409,-13.459886170592577,-6.947233507260844e-06,18.292877070322408,-12.952130836211838
-12.952971068865843,-5.033853940415174,-13.79598436270831,-7.6232354945009526e-06,18.825298943189487,-12.952122525501995
-12.952959047425223,-5.4328147167815155,-14.4364699433273,-9.009967564282558e-06,19.864745300048977,-12.952106301420422
-12.952948012050033,-5.818725979531616,-15.008735725994585,-1.0368759698496863e-05,20.82292234535026,-12.952091343234827
-12.952939272109115,-6.137760081766376,-15.451270799221616,-1.150513446315183e-05,21.584491520719673,-12.952079450049796
-12.952931248017814,-6.441179428014138,-15.84914509300167,-1.2597035865228285e-05,22.28578516066233,-12.952068492963575
-12.952923607152242,-6.739481541157611,-16.220498024302863,-1.3681216493238818e-05,22.955440205025585,-12.952058023999763
-12.952917274868971,-6.99363708889631,-16.52267056977214,-1.4613390856533835e-05,23.511768298165844,-12.952049321022065
-12.969363746079534,-6.963561490308,-16.6893732210912,-1.6066814993985935e-05,23.64839547046345,-12.968494717559372
-13.066412490220348,-6.416728506671058,-17.23332646441299,-2.3259706443605283e-05,23.64551644176556,-13.065540586928913
-13.257051703770415,-5.359471183520658,-18.27098809542733,-3.7358230621213875e-05,23.625922179879254,-13.256174222496204
-13.52657518873382,-3.9009822992469716,-19.672271458946334,-5.7214687897848165e-05,23.56871875459742,-13.525689992186457
-13.83552011354306,-2.2780779934440445,-21.19050686820894,-7.985553852230215e-05,23.464052365710792,-13.834626346244868
-14.089362486026054,-0.981164217257886,-22.372832503797486,-9.835475739326029e-05,23.349466369963903,-14.088461915182174
-14.259783335790342,-0.1279145686672458,-23.135772644983657,-0.00011071935003370852,23.259158345246643,-14.258878325838998
-14.33039764435473,0.2217065028626939,-23.44500874921945,-0.00011582941728091741,23.21877400227407,-14.329490826150279
-14.310253043034797,0.21031405628067085,-23.253597602058157,-0.00011390632996340323,23.03875512225295,-14.30934792321317
-14.222439952346713,0.07581822262692678,-22.500705314802804,-0.0001059961476604118,22.42035789281961,-14.22154109174238
-14.088124245280813,-0.15050855355224932,-21.32063965097274,-9.408442879140541e-05,21.466617836196548,-14.087234649544353
-13.92699777938706,-0.45564118874109444,-19.857857951200575,-8.00807116397681e-05,20.308967397536936,-13.926118815919569
-13.805447700017119,-0.7107474897442326,-18.71885373587146,-6.971298233730807e-05,19.42506846700609,-13.804576417234387
-13.711261967520228,-0.9235180334464393,-17.814451658872187,-6.179028680911483e-05,18.733436158302986,-13.71039643921731
-13.633722821619138,-1.108881691895698,-17.05499287323559,-5.5338798191133615e-05,18.159340400707674,-13.632861902134065
-13.613834474923825,-1.1464622263970012,-16.837750356058795,-5.364593168147144e-05,17.979678257409244,-13.612974874097082
-13.677981229086136,-0.8049887771425774,-17.146725825148522,-5.817310834627995e-05,17.947180795246155,-13.677120374607368
-13.84985089287101,0.09805432307337486,-17.954683026575132,-7.027959186509857e-05,17.852096308167347,-13.848986747719811
-14.086649719219993,1.315920738396616,-19.024128468001557,-8.690375732178537e-05,17.703677336447498,-14.08578120565797
-14.25929554822612,2.1853985131283222,-19.77350385533024,-9.898228719797411e-05,17.58357645057759,-14.258423975235681
-14.334911805990764,2.5615479114009796,-20.09410709215502,-0.00010426137319115167,17.52803095772206,-14.334038926775376
-14.335486784659434,2.457179573944224,-20.290368731330084,-0.00010482679185135344,17.82866093943731,-14.334612159519192
-14.335499251371557,2.1515511624213977,-20.81655051351718,-0.00010633330896113154,18.660471133210176,-14.334619798841986
-14.335516677062197,1.6990621922961793,-21.534897790687772,-0.00010859312570477695,19.83130738059271,-14.334630348717507
-14.335529284384195,1.3531564987450844,-22.04204041680868,-0.00011034456619523918,20.68435570032646,-14.334637883084731
-14.335539593164057,1.0586222760741832,-22.448773892214938,-0.00011185247983801817,21.38562339845348,-14.334643978992958
-14.335550908018917,0.7231152530515953,-22.886872889467245,-0.00011358901202570067,22.159229418782385,-14.334650599498845
-14.335560479125732,0.42926379222553346,-23.250593505830967,-0.00011512662049340562,22.81680149601726,-14.334656139916174
-14.377431996319496,0.2337594708532753,-23.45543542852939,-0.00011917722522823934,23.217148112973522,-14.376523967597592
-14.632094594994056,0.15078901224907656,-23.382258971183244,-0.00013797183071840953,23.22694441574541,-14.631179103145845
-15.452426783774106,-0.1273874924028084,-23.13608235323923,-0.00019845593771540044,23.2589522368685,-15.45148723124492
-16.69830227865396,-0.5810835394043329,-22.73188733827499,-0.00029012408130156433,23.308466837760243,-16.69732613415752
-18.141492169590283,-1.154494356168984,-22.21626222498695,-0.0003959687194204766,23.3662705396601,-18.14047358731219
-19.276767435944624,-1.642467400594668,-21.773249062926688,-0.00047892737508972466,23.411246296118797,-19.275715458397976
-19.962410310385575,-1.95320256594254,-21.48912163686068,-0.000528883086952699,23.43786435080868,-19.961338170846854
-20.136455845807234,-1.9833215042812913,-21.356124579407098,-0.0005409219958208603,23.334988935431667,-20.135380157202352
-20.136445293884368,-1.7098395204608283,-21.028627468696307,-0.0005375644793295641,22.73400984084895,-20.135378159491694
-20.13642582847721,-1.2253765234620295,-20.410262396249784,-0.0005316922268598685,21.631181771305002,-20.13537419744503
-20.1364051344579,-0.7384834122533613,-19.732976474784593,-0.0005258869652668896,20.467002738521316,-20.135369612871195
-20.136390193720278,-0.4047563285972275,-19.231450232663907,-0.000521962525994772,19.631749412662213,-20.135366078851625
-20.13637770949304,-0.1372544762773195,-18.80440423209999,-0.0005188484466806888,18.937201559707816,-20.135362989083887
-20.136364558508674,0.13342278846155192,-18.34675271184827,-0.000515725685027358,18.20887277464115,-20.135359605274118
-20.1363577397095,0.26935130553676206,-18.10636159202209,-0.0005141680258176778,17.83255313769966,-20.135357800950004
-20.1363577397095,0.26935130553676206,-18.10636159202209,-0.0005141680258176778,17.83255313769966,-20.135357800950004
-20.1363577397095,0.26935130553676206,-18.10636159202209,-0.0005141680258176778,17.83255313769966,-20.135357800950004
-20.1363577397095,0.26935130553676206,-18.10636159202209,-0.0005141680258176778,17.83255313769966,-20.135357800950004
-20.1363577397095,0.26935130553676206,-18.10636159202209,-0.0005141680258176778,17.83255313769966,-20.135357800950004
-20.1363577397095,0.26935130553676206,-18.10636159202209,-0.0005141680258176778,17.83255313769966,-20.135357800950004
-20.136183996326977,0.2693489507152087,-18.106205335069948,-0.0005142054937498017,17.832399282196537,-20.135184050411684
-19.4310496935384,0.2597919510179785,-17.472039386392044,-0.000666268402917219,17.207979569932927,-19.430020705966182
-18.75949995845445,0.2506901379456442,-16.868077881257893,-0.0008110887668728951,16.613300101506116,-18.758443312439095
-17.528724318582935,0.23400888676967166,-15.761173851511943,-0.0010765067497892189,15.52340762588781,-17.52761698184986
-15.849834596131725,0.211254145572575,-14.251256252334978,-0.0014385609774130801,14.036695331124248,-15.84865811265717
-14.128812128690916,0.18792836049133213,-12.703446364992375,-0.0018097011731269793,12.512673099233467,-14.12756476319591
-12.41285195777171,0.16467118697264266,-11.160189278532412,-0.0021797496795937393,10.993133698095516,-12.411533918751966
-10.694282142534856,0.14137864378060855,-9.614585195822414,-0.002550360958436293,9.471283370730472,-10.69289332250958
-8.974321396647783,0.11806724868511384,-8.067730172898827,-0.002921272192847999,7.948201328339009,-8.972861738330112
-7.258303240163464,0.09480928926219861,-6.524420936840177,-0.0032913332039591734,6.4286105790681685,-7.256772905932862
-5.5372205750903785,0.07148268829559726,-4.976556910465582,-0.0036624863813519565,4.9045350401859755,-5.535619356360026
-3.7960335847940825,0.04788360444267,-3.4106119618790247,-0.0040379750763450024,3.362656457370897,-3.794360653547369
-2.148381686668801,0.025552243410804806,-1.9287882512278884,-0.004393292836285649,1.9036062876808078,-2.1466408952414398
-1.1932971385700946,0.012607556560496388,-1.0698283394531405,-0.004599257762839908,1.0578473785584623,-1.19151701103658
-0.513758223526257,0.0033974625689729278,-0.4586817266474674,-0.004745801001348358,0.45609322743354913,-0.5119501085072878
0.0015723608000361372,-0.003587042679038785,0.004783329015850129,-0.004856932551076832,-0.00024902384130105206,0.0034017002211901813
0.0015723608000361372,-0.003587042679038785,0.004783329015850129,-0.004856932551076832,-0.00024902384130105206,0.0034017002211901813
0.0015723608000361372,-0.003587042679038785,0.004783329015850129,-0.004856932551076832,-0.00024902384130105206,0.0034017002211901813
0.0015723608000361372,-0.003587042679038785,0.004783329015850129,-0.004856932551076832,-0.00024902384130105206,0.0034017002211901813
0.0015723608000361372,-0.003587042679038785,0.004783329015850129,-0.004856932551076832,-0.00024902384130105206,0.0034017002211901813
0.0015723608000361372,-0.003587042679038785,0.004783329015850129,-0.004856932551076832,-0.00024902384130105206,0.0034017002211901813
0.0015723608000361372,-0.003587042679038785,0.004783329015850129,-0.004856932551076832,-0.00024902384130105206,0.0034017002211901813
0.0015723608000361372,-0.003587042679038785,0.004783329015850129,-0.004856932551076832,-0.00024902384130105206,0.0034017002211901813
0.0015723608000361372,-0.003587042679038785,0.004783329015850129,-0.004856932551076832,-0.00024902384130105206,0.0034017002211901813
0.0015723608000361372,-0.003587042679038785,0.004783329015850129,-0.004856932551076832,-0.00024902384130105206,0.0034017002211901813
0.0015723608000361372,-0.003587042679038785,0.004783329015850129,-0.004856932551076832,-0.00024902384130105206,0.0034017002211901813
0.0015723608000361372,-0.003587042679038785,0.004783329015850129,-0.004856932551076832,-0.00024902384130105206,0.0034017002211901813
0.0015723608000361372,-0.003587042679038785,0.004783329015850129,-0.004856932551076832,-0.00024902384130105206,0.0034017002211901813
