Joint0,Joint1,Joint2,Joint3,Joint4,Joint5 
0.0046872201407103685,0.0017161938824375577,0.0009984264367307815,0.004717112223489091,-0.004227244999758973,0.004500724765606165
0.0046872201407103685,0.0017161938824375577,0.0009984264367307815,0.004717112223489091,-0.004227244999758973,0.004500724765606165
0.0046872201407103685,0.0017161938824375577,0.0009984264367307815,0.004717112223489091,-0.004227244999758973,0.004500724765606165
0.0046872201407103685,0.0017161938824375577,0.0009984264367307815,0.004717112223489091,-0.004227244999758973,0.004500724765606165
0.0046872201407103685,0.0017161938824375577,0.0009984264367307815,0.004717112223489091,-0.004227244999758973,0.004500724765606165
0.0046872201407103685,0.0017161938824375577,0.0009984264367307815,0.004717112223489091,-0.004227244999758973,0.004500724765606165
0.0046872201407103685,0.0017161938824375577,0.0009984264367307815,0.004717112223489091,-0.004227244999758973,0.004500724765606165
0.0046872201407103685,0.0017161938824375577,0.0009984264367307815,0.004717112223489091,-0.004227244999758973,0.004500724765606165
0.0046872201407103685,0.0017161938824375577,0.0009984264367307815,0.004717112223489091,-0.004227244999758973,0.004500724765606165
0.0046872201407103685,0.0017161938824375577,0.0009984264367307815,0.004717112223489091,-0.004227244999758973,0.004500724765606165
0.0046872201407103685,0.0017161938824375577,0.0009984264367307815,0.004717112223489091,-0.004227244999758973,0.004500724765606165
0.0046872201407103685,0.0017161938824375577,0.0009984264367307815,0.004717112223489091,-0.004227244999758973,0.004500724765606165
0.0046872201407103685,0.0017161938824375577,0.0009984264367307815,0.004717112223489091,-0.004227244999758973,0.004500724765606165
0.004703938438017737,0.0017702349549580676,0.00097869598401042,0.004717116631993282,-0.004204107933208648,0.004517477627048409
0.08900510434548163,0.2729086796075692,-0.09739151061839954,0.00436002104392742,0.11163079589247994,0.08899215140202256
0.3367304838791008,1.0518581996106176,-0.371951242349768,-0.0016651923273544975,0.4412440958511874,0.3372068520084745
0.7283040167854867,2.2325207040352186,-0.765596593603943,-0.025394430351182985,0.9323559050644248,0.729424537574862
1.2566488042468105,3.7332468771070446,-1.2255783753073661,-0.08351903270062774,1.5424166215795228,1.2581649035705635
1.8476974655655978,5.2963319160380955,-1.6547232960140652,-0.18156353109741666,2.161876582791934,1.8486141452855684
2.5052602411969622,6.904282236936664,-2.0401975309422795,-0.3283899316057126,2.7832215777029474,2.503648288112791
3.2214752906406754,8.513770963551064,-2.365792476871316,-0.5295936095101438,3.3902142738532866,3.214184016589123
4.007160447120679,10.126584996965928,-2.6273196894832562,-0.7952173526849529,3.9846545097453023,3.9893202823631766
4.871123281466408,11.735619379845932,-2.818365194410548,-1.1361381901273526,4.5650641292677605,4.835563144995011
5.829236592737428,13.341976672518689,-2.9328446447746415,-1.5676254795528555,5.132891272176873,5.765550306915016
6.906259487660818,14.952256230085483,-2.962661071664804,-2.1119365658169102,5.691110535376218,6.799291222626147
8.130248195784747,16.56531547286653,-2.896085226893686,-2.7970448212452417,6.239274001549561,7.958074364338474
9.526901179880252,18.165775152034463,-2.7197290299314685,-3.653252784480272,6.7710683538691665,9.258570765170303
10.994108063280356,19.614838523848917,-2.448152459255532,-4.6254671777458904,7.2393331630392055,10.599197029370181
12.463605988498138,20.866015720029587,-2.111010590466626,-5.662438751582776,7.629194705154108,11.91547728081582
13.939422717681623,21.952802526039786,-1.724704066258937,-6.757815219461617,7.951394194429077,13.210905679825196
15.451021833135693,22.916696063887418,-1.2934540306852254,-7.927268878174754,8.21755591688321,14.510512143134097
17.018176656569374,23.78075320960567,-0.8197627058235895,-9.182665247898301,8.432163093033695,15.829239825339243
18.649450961134686,24.55585768762287,-0.30744043757088707,-10.528588599248346,8.595182974798162,17.171454375331077
20.32816015552634,25.241029554188625,0.23247519891952861,-11.948545396875772,8.703946466788185,18.520821917126
22.070260364979358,25.849403710169042,0.800012356503161,-13.453206016407991,8.758255833526274,19.887498066706918
23.877574420708722,26.386463183364462,1.3913790698573874,-15.041663351107609,8.75595839317685,21.269668295940203
25.626485156815775,26.82814355769663,1.962438006402754,-16.6004569221769,8.700522875559425,22.573036695378782
27.132591299167817,27.15520555433044,2.4512427199288096,-17.95673566200104,8.613197426714548,23.66880131800006
28.285841651140977,27.37614217206276,2.822857025663037,-19.00243399950069,8.522766399004702,24.491318146185055
29.16247665936614,27.528455377151708,3.1034911369722202,-19.80086558612101,8.440808973846208,25.10697431352312
30.297446053248407,27.707235077260325,3.4642052225065654,-20.838483605453277,8.318336973097821,25.891861167462675
31.074255014412483,27.818426709610485,3.709266581454431,-21.55086151005601,8.224161261522573,26.42115147367614
31.394006243015244,27.861709165033396,3.8096918733794642,-21.844549925964078,8.183014627296076,26.637161784598216
31.23485741906338,27.824468601030784,3.662194505782226,-21.75554384393156,8.410116139774447,26.57969340389243
31.011383131293332,27.771129059266833,3.4608798216129086,-21.62677985155288,8.71719696306366,26.495449702621844
31.23548910129085,27.702390013614334,3.465769203523738,-21.77389246459687,8.705842524742302,26.699555574614095
32.04287717060569,27.49416848435186,3.560889699072093,-22.29476297994308,8.551342909439086,27.390559045025167
33.33343265463737,27.14229736730114,3.7233603543049,-23.120764752522877,8.298838188351976,28.49648154388811
35.02525530047606,26.642998666172332,3.957622209199389,-24.190836832562,7.958019160064457,29.94939387524823
36.83618311762177,26.056650532188957,4.238240424979067,-25.319521528968718,7.581852241538384,31.50940534648699
38.18302950298465,25.582465031961593,4.469508700263263,-26.147227238541785,7.29510679215552,32.6735258487965
39.17686382502698,25.20999834326249,4.653865706840947,-26.75132460127317,7.080005459632996,33.534986116686746
39.85690456944515,24.943414880449957,4.787265491977968,-27.161333909600007,6.931209902226682,34.12577593224601
40.5037891005546,24.68046222255531,4.920043699404768,-27.548745206243932,6.7885051764388775,34.68884882904941
40.90948078424683,24.51106054883534,5.008262017027702,-27.790318203895293,6.696562186889903,35.04151562956937
41.16109310036886,24.439294837562894,5.473991961602442,-27.916034926440023,6.246121608695038,35.05077436344931
41.68992060921097,24.27959380864417,6.446307907876323,-28.185094347073765,5.3142773354779935,35.071621542204184
42.44328808408726,24.033299493445895,7.816675911291563,-28.578961049988116,4.019266906535835,35.103847546046005
43.26669988952308,23.741263525592522,9.29486346453337,-29.022893007781466,2.6450513078006326,35.14139890321914
43.88914072518088,23.50630515365304,10.399018123840673,-29.367272740090492,1.6329919611697805,35.17069605434625
44.24418849676439,23.367267772790427,11.023846777056717,-29.566959537125953,1.0654864528419608,35.1875587674039
44.38421004418704,23.370000220320538,11.142510743803673,-29.64686082499749,0.9028985219121811,35.227987417668615
44.65001851720594,23.644120540355985,10.78251267176224,-29.80094732550159,0.8688760184311775,35.46087556701561
45.30505212819906,24.30441484746822,9.918643099566049,-30.178530951092487,0.7748099930951544,36.031184287402745
45.84662039879015,24.835248108892895,9.227358579084846,-30.488496290309765,0.6869456642949373,36.49908458263554
46.07994484041477,25.05982681605903,8.935768428505728,-30.62140676721092,0.6463433141167307,36.699669487562375
45.85023002744132,25.06813247087176,8.72681415743876,-30.49241606982433,0.9160681804815753,36.6376199044851
45.11951778470509,25.022767678476868,8.196288349561302,-30.08358282259358,1.7206194151907426,36.40191212966964
43.973989728078436,24.928543123089337,7.350977940998835,-29.448552757877035,3.014459219318439,36.03166848966248
42.75748157171594,24.79426193054487,6.435024953549919,-28.78269281101799,4.435250394463411,35.63814464223207
41.91169514991104,24.677580558187575,5.787053305756596,-28.325429190702778,5.4539568220620085,35.36478809445906
41.294293210327744,24.57914476118873,5.308317576956377,-27.994817772013214,6.214682659582617,35.165591430963254
40.97065380575927,24.52275104299288,5.055438499060843,-27.822651073008394,6.619519348825836,35.06134590903189
41.0418952104368,24.668642293514022,4.803046725905552,-27.869975332119047,6.6847791302651345,35.16663922287604
41.5472696645755,25.249684304113174,4.055739853538359,-28.172461760416656,6.624691060727616,35.636619842019236
42.40884029805566,26.207351943912002,2.8324299408422724,-28.683100397945307,6.500158934801194,36.42982460744312
43.58145011375708,27.449176105672223,1.2614929072119796,-29.36793093229547,6.28971066352632,37.493952231737
44.827090394508566,28.697275103099173,-0.3001102927306447,-30.082602802690413,6.019436937442865,38.60592870603265
45.84150603127627,29.66430466124722,-1.4983119133115559,-30.65489405214996,5.767250427793742,39.498241178804335
46.51125741204612,30.280211387433617,-2.256190103009489,-31.027974597360746,5.586237423102899,40.081150105430126
46.82540759103392,30.563198998746692,-2.603045422989253,-31.201662606441957,5.4975576571802245,40.35290560835059
46.94328977287354,30.587075825141,-2.5461505673758094,-31.261465011099098,5.374533644892899,40.4002724794891
47.16197265482401,30.39548958748464,-1.9083260222718643,-31.358952557099045,4.893178614996321,40.33267065706651
47.55545840863841,30.04439120928907,-0.7647901260879256,-31.53969338496898,4.037383172116626,40.212773409595016
48.08628928984366,29.558717120890133,0.7696728152468947,-31.793913925214245,2.902916193279985,40.05394230324023
48.642783524563306,29.03588143225586,2.36835119788331,-32.07278788978821,1.7372194751549785,39.89015440686122
49.083266337144856,28.612916318431697,3.626693289175946,-32.30217575858088,0.8308528898059648,39.761872890722174
49.38141579379144,28.322371720447382,4.474978896785036,-32.461644802621734,0.22519104199443077,39.67548229004187
49.52452935977086,28.18172344732454,4.881171751065463,-32.539396914115265,-0.06330557327717264,39.63409680246601
49.672212812609345,28.243672172716312,4.855142811874479,-32.61987124887532,-0.16015306226999404,39.719045795516344
50.25720687681261,28.718400449392554,4.254914024377384,-32.93681386815144,-0.3201218999778069,40.19931177816817
51.349853003927095,29.576124497856057,3.175616417835806,-33.52233185304777,-0.6377225892586537,41.08845828379508
52.287271307621566,30.283710425794336,2.2901118627760417,-34.017964097325674,-0.9285023061550574,41.84342877349525
53.004249052899446,30.808353610773402,1.636296666179664,-34.392872489564276,-1.161571721919149,42.416172726544055
53.373413139193445,31.07309806890248,1.3072407126108947,-34.58448864344518,-1.285042250149677,42.70952367579504
53.330058697286894,31.134745250450887,1.1497731662586153,-34.5607781157477,-1.1853265486008515,42.733865640068764
52.43736699283389,31.103429793754014,0.6413864125029329,-34.09167811722866,-0.31281143995623534,42.41312776918059
51.61308882694306,31.06479341566146,0.165491259865147,-33.66062031994217,0.5061536363343071,42.11632834541862
50.5639606125349,31.001106249480998,-0.4493347213460005,-33.11509704380771,1.568096102586029,41.73792368104337
49.56174970225232,30.92374849618455,-1.046399728173592,-32.59752834237075,2.604468509620551,41.37606013793098
48.59302616129915,30.832189493990658,-1.6327233542876898,-32.10088210397008,3.628086549964683,41.02625069309991
47.68211076064278,30.729635244705793,-2.1924472291470605,-31.63744731918578,4.611681994507343,40.697587484850594
47.05490547122296,30.649052417855206,-2.582588342719433,-31.320527738925506,5.301480765558388,40.47160497650912
46.67247384545524,30.73400362390298,-2.7281007027575543,-31.116475693468967,5.528349344534559,40.21318383782062
45.848285228598115,31.112414454279385,-2.891984122047268,-30.655842099914807,5.717435016085613,39.47564088709619
44.549449232994924,31.67324338381721,-3.130612235413404,-29.920337835357078,6.015570582486094,38.32034622429792
42.863025919948115,32.34221810529977,-3.408581334414695,-28.948438282784487,6.401780091494155,36.8316426882851
40.969945641335194,33.021677577746146,-3.6834126150520614,-27.83558218760196,6.83216388700732,35.17356553632228
39.40479181996502,33.5323853940335,-3.884978758768719,-26.898789689967057,7.183919701312017,33.81142059213972
38.27482955787948,33.875026825420136,-4.017790184910943,-26.213439196357758,7.434841312338147,32.83214140053221
37.477987869669484,34.10441537507005,-4.10561138851175,-25.72571485375324,7.609994523238632,32.14336508083515
36.81627935296691,34.28755386262787,-4.175091587378805,-25.317969732479202,7.754187959854183,31.57241663214354
36.45751850773927,34.38302914539939,-4.20611393540209,-25.095685936241164,7.828078276587038,31.261404669193443
36.58294000412867,34.26162898294942,-3.81356560656155,-25.15664191332415,7.536589626568318,31.244176431844426
36.880291955039276,33.9710330585729,-2.8881511350791205,-25.303746336703792,6.853387572815971,31.204392603575798
37.315106252588315,33.539883190998175,-1.547585581454799,-25.52495431940958,5.872885954239395,31.14849734081693
37.85963179287873,32.99075882142441,0.11033877088212612,-25.811747641948287,4.674630110306711,31.081626623521526
38.32778918167066,32.51164865170275,1.5176895244961888,-26.066528237313126,3.6692180398127143,31.026258901848998
38.67102969515197,32.15679470980113,2.539093978450004,-26.257966570935007,2.945996238685017,30.98659829731661
38.92424880689321,31.89328543185373,3.2870952236738398,-26.40161952491747,2.419672387669535,30.957717636827432
38.93368199428965,31.81380553994405,3.456989483830721,-26.405658739205013,2.335254274480502,30.92442970590802
38.5423989513424,31.784060500005943,3.194983446347264,-26.173516843068604,2.738579743430281,30.766725150443825
37.648724620867334,31.70471878109013,2.584439640141356,-25.645412843862605,3.6804060686449604,30.406173446669094
36.381267022742605,31.562873593985984,1.6897496424117546,-24.90179297087405,5.06751511054808,29.894433957057778
35.20323174210964,31.39536728500471,0.8267028791617719,-24.217125258622506,6.416669655713053,29.419087729512135
34.406227108305444,31.25954697457443,0.22499766380854386,-23.75798027299119,7.365707466564952,29.098081650054485
33.81630779133705,31.14587762292617,-0.22986011920674296,-23.42050334805102,8.088651530978304,28.86099885845165
33.551726099648995,31.090990905429514,-0.4365186416637499,-23.269845904403947,8.41885736965126,28.75485000347793
33.72483107115204,31.02701129667005,-0.44646343180246817,-23.38272445694998,8.427981676385667,28.92279664953526
34.47190288740805,30.829274719794697,-0.36403766965900664,-23.855495244048793,8.275760552248489,29.565425771652542
35.72472097921888,30.47968234920639,-0.21667945346838416,-24.641802393031323,8.016202351588548,30.6449424752568
37.39831930769166,29.974736116440813,-0.00014697995356120143,-25.678933122778854,7.66170418872045,32.09130916177639
39.02704426507502,29.438037327374936,0.2347382816342097,-26.67312551307945,7.309184699393205,33.50453828060137
40.19484753278032,29.023166510013326,0.41963319070789595,-27.37640036976239,7.052451983161606,34.521885647041536
40.95521000252077,28.738549235209742,0.5481469765172154,-27.829878671244188,6.883729795601007,35.18634592055593
41.847137427200174,28.389217633774503,0.707732117432661,-28.357256172831345,6.684422188725929,35.968054061424624
42.66836072146718,28.052129435101754,0.8636359973350254,-28.83840718000987,6.499746302318404,36.690128667833996
43.3210354631744,27.772886160453893,0.9942315849506894,-29.217660445464205,6.352262322263739,37.26575318024326
43.701288457384315,27.605515850159208,1.073114309069908,-29.43734927502009,6.266087402528956,37.60184831783053
44.105939043418594,27.654991305251635,1.3445762569487492,-29.648392883861835,5.812102556158599,37.75295841084094
44.95163442434476,27.773552860134142,1.9295886357818064,-30.089840173127136,4.834867578926224,38.04303082021375
46.206244735532614,27.918004786818532,2.7825694446948646,-30.752047609983556,3.425712259053855,38.474157326556565
47.48897018663234,28.030907871388244,3.6363676903782673,-31.43725283892901,2.031163782116188,38.91510287097195
48.41589701387707,28.092983710360706,4.2420174835894375,-31.93702641254373,1.0500605808409482,39.23337307169715
49.1615978289919,28.13207116715611,4.722447352419936,-32.34169357185333,0.2759272603261112,39.488978695020194
49.50830126922165,28.147175112235185,4.943792594885379,-32.530582057809546,-0.0796452616601249,39.60764688461853
49.36521561480881,28.202254464458925,4.971239557238624,-32.452703743163646,-0.08471719500183195,39.462294947557616
48.64539371151552,28.394109779118686,4.959980140415926,-32.05786287387583,0.08375842633004099,38.85691247631855
47.43615728179113,28.696999153324242,4.948268821203968,-31.38646814608173,0.3663273598136241,37.8460863044994
45.782875944035645,29.07432052498047,4.945506410259163,-30.452556919724305,0.7507078834962507,36.47542153718664
43.8075831688907,29.47473319873763,4.9596542833417585,-29.313714616370124,1.205050950415846,34.85262615178072
41.58044833185951,29.86750902291607,4.995027817460519,-28.001272120375468,1.7081068528780334,33.03904609789248
39.13695259061563,30.23514270350284,5.05382020698435,-26.528850317008807,2.245295644042997,31.06504407126961
36.443152877924746,30.572765334214733,5.13902832308275,-24.868881421349744,2.8154235176523073,28.9035555432172
33.63120684920264,30.858529118927123,5.247238693839508,-23.098127522968394,3.381375303546968,26.659347157215883
30.811527337424994,31.084510475176966,5.372676176810234,-21.286703639276663,3.914740809706727,24.417569845958514
28.17950586042372,31.24624063639123,5.503237318467912,-19.566152945675007,4.378369744534961,22.330101547505084
25.791158387219223,31.355436381160015,5.631919142181779,-17.982188008177857,4.768114596203498,20.438524178877376
23.719250028578596,31.423332758007824,5.750875696739998,-16.592099702377215,5.081017451451038,18.798721999471287
22.04838010843038,31.460780587722603,5.851588794006957,-15.461033496676285,5.3154299779543885,17.476719432926096
20.417410876790342,31.48312395566433,5.953889724983958,-14.34901663855927,5.528387109750792,16.186411009111897
18.84415077817167,31.49181110446809,6.056258135850995,-13.269439021977526,5.718586763674452,14.94174063381851
17.602914353852217,31.489904351230596,6.13958793400793,-12.413217422035203,5.8577828254584094,13.959675122466583
16.591869619927266,31.48279623554358,6.2091250631139685,-11.71308371391671,5.964027709790362,13.159667972226469
15.829774920292756,31.474166115738857,6.262536126982134,-11.183823442305945,6.039803851275385,12.556599496894648
15.496509024073141,31.459671764466773,6.214168385244598,-10.953658160400018,6.152187324111777,12.308549642485508
15.224469346148961,31.39203597148054,5.7974187804740485,-10.774709243087404,6.668545243227179,12.186968111422484
14.709743900615395,31.242310332543056,4.980532077400875,-10.438322700237155,7.694486145182769,11.957465259657264
14.151024540672715,31.04262336098317,4.050172852599844,-10.076798071595638,8.887178992800782,11.70939633424201
13.811731331988145,30.8991453496342,3.4618693868025674,-9.859334242752917,9.656101281967418,11.559450092969646
13.556912548957992,30.77879983343583,3.0080311359660183,-9.697156632397114,10.257726648346456,11.44726206784465
13.291219717216972,30.64065564119233,2.5236314683919705,-9.529184609600145,10.908468803699835,11.330735996411638
13.155518269321421,30.56462352969226,2.2716699424355933,-9.4438730262281,11.250697921392353,11.271421874620584
13.393479929408116,30.53420688560658,2.2489541905340347,-9.61390649828631,11.270320940582913,11.481546954799288
14.179086301782625,30.46628400554037,2.2764413417574674,-10.169698830809471,11.196648744665854,12.152137923313981
15.477201771415128,30.344429075502745,2.3259665708876254,-11.085009499940048,11.06624926408666,13.25985625894343
17.200264616282368,30.163630519077845,2.3999478338270492,-12.293588004160982,10.876834637840508,14.729557446249466
19.313396762830084,29.91057479602101,2.504501591590379,-13.764757616114071,10.619614208721602,16.53111082591308
21.37988571039206,29.62767312457078,2.6227677787027743,-15.190487659900873,10.34243677073709,18.29224776311493
23.08813064497963,29.36549536077567,2.733668461084382,-16.35843428605157,10.09486385772161,19.74787163477485
24.353859656279578,29.15371848136487,2.824154170581611,-17.217194064168776,9.901082052997035,20.826484484562094
25.23804204058213,28.99642758924126,2.8918842174558588,-17.81353913371985,9.760621052581653,21.58007448299118
25.952203395254216,28.863585848072045,2.949431260168397,-18.293019184360773,9.64420654884857,22.1888695607853
26.372141961209643,28.800800363114693,3.018735850988232,-18.571256951611137,9.525259836190845,22.53012953307518
26.680889270840577,28.88650909472387,3.3300793945457055,-18.754729023160596,9.06529089314657,22.652772078461474
27.368422136714603,29.05808635627874,4.009725354838593,-19.166401661118943,8.072103400079142,22.926784678490023
28.34645684762632,29.262009431558905,4.945178247517415,-19.75859176339152,6.726479885073031,23.31815561640489
29.18353518134299,29.404204021840307,5.717463801335843,-20.270848328539596,5.631545369310762,23.65405255309606
29.836131864336163,29.49699318999332,6.301899084973678,-20.673307338597176,4.81114809831808,23.916230212799864
30.369274931101558,29.56241907920912,6.768330106167927,-21.00391484118879,4.160744564204644,24.130485082980247
30.597076608728106,29.58772907177051,6.964654814749379,-21.145646450984678,3.8880253138036602,24.222028160247206
30.376340359539313,29.563422177958895,6.774709507985412,-21.008263191996555,4.151804019679625,24.133317163313087
29.721654428390565,29.48193002928016,6.200790270382582,-20.602464830180065,4.952573747264639,23.87019263029487
28.739760502414182,29.332374516885995,5.311660426816614,-19.9986047725117,6.205215359658161,23.475819536156017
27.794681654496696,29.152459850350475,4.422401438354386,-19.423483318923765,7.475636876783967,23.09704136210197
27.188085989950263,29.015515184441774,3.833782099770891,-19.05789911401832,8.327908291442512,22.85464936837243
26.679050132898144,28.88596249220701,3.3287892375689827,-18.753493448336737,9.067271102623899,22.65185830858644
26.37633027531271,28.80207303932828,3.023659638083257,-18.573566712071862,9.517966837018006,22.531585033111533
26.464597471484367,29.00016727437117,2.73558008787691,-18.63685391009029,9.579340556347338,22.632825713882916
26.88949133927428,29.67122152292102,1.9548906210857706,-18.923700595629818,9.56673116063431,23.015755187591296
27.5777184205194,30.714572346857437,0.7536690089607203,-19.385674241702993,9.523417209193289,23.630062383291747
28.18084628246699,31.58748261321779,-0.239496319791178,-19.787838347273567,9.464142871796799,24.162606584422083
28.517196139002657,32.058702018265414,-0.7711975281762197,-20.011043584952336,9.423219926556971,24.457356379169553
28.62749462614087,32.176930793379654,-0.8693115997429613,-20.081853877273566,9.372018893886153,24.54011072080888
28.77459839959183,32.073901777717346,-0.4432793575410805,-20.159705467574096,9.025557826512532,24.546939633021115
29.112831506995786,31.832755545527352,0.527105863974791,-20.34146357272708,8.242104410646338,24.563834938556656
29.609026187932468,31.469708538916212,1.9286901098233442,-20.61449285765875,7.123406654927363,24.591132732199373
30.195500919430458,31.02847266784729,3.552418018981126,-20.946363590669172,5.845315403783468,24.62647162534738
30.676906451622898,30.65810446620809,4.859437855908805,-21.225702592709368,4.829589164813588,24.65735408532905
30.996527869029634,30.408757520067553,5.714685843163599,-21.414428506592348,4.170923762029185,24.67855246036718
31.144798747633008,30.292256758810584,6.108095768379905,-21.50283150942525,3.869472179739395,24.688534130230074
31.27499686434573,30.39506333867441,6.03438369947546,-21.58595449888453,3.803984827197817,24.775516475102027
31.761525078398744,30.957518119196333,5.387564997830696,-21.90064105753794,3.737268835830895,25.17140788236778
32.61797132972034,31.906569060507707,4.3058067242568185,-22.451647175893562,3.5995610496621766,25.86223542161336
33.29983224721051,32.62725289360192,3.492420392188685,-22.88764454755898,3.4729275057023226,26.40692343207428
33.600404576217024,32.935763064660435,3.1463381778556867,-23.079084761312398,3.412689293326825,26.64559367254757
33.4998738588407,32.98021716377018,2.9669512115327787,-23.018618568689686,3.5687207316726712,26.623755313399847
32.85533810495952,32.91546759387232,2.495742855002541,-22.623872612751793,4.265767389259622,26.348376435738118
31.81827326516444,32.7902040468117,1.7128773524251253,-21.99217221440556,5.428524627524831,25.90516598723812
30.63668335219316,32.61059394360917,0.781865702851848,-21.27842536748585,6.822241265624028,25.400603228567245
29.817998234641568,32.45925498074091,0.11133915100375101,-20.788222273612078,7.835803776154498,25.051736582559325
29.1612281569674,32.319567374259805,-0.442193539943787,-20.39789040483765,8.680133899621293,24.77258593759822
28.710965035440463,32.21329800529775,-0.8299727123036569,-20.131960125983046,9.276376428801075,24.58170689816421
28.35947968977153,32.23820182272537,-0.9365581729662559,-19.90736649703002,9.456209654059514,24.32424101071414
27.48495675334069,32.40457244635468,-1.0018708311570077,-19.32846604655162,9.611716326184576,23.57649147792122
26.121592780667818,32.648672682867584,-1.0968231374619797,-18.41961735419426,9.846742235118315,22.411263520154442
24.33764031188803,32.94147230317532,-1.2093356748784558,-17.21919393626283,10.139993266732564,20.887097168146585
22.19398608078183,33.25596673073331,-1.3284857052612884,-15.760882637638138,10.469670292759602,19.055750201588907
20.071601708268226,33.53038161994326,-1.4310143142980327,-14.301401443622266,10.770491694182235,17.242088380134387
18.3049041316221,33.732623344897895,-1.5057131739332197,-13.075611189831902,11.000528988591684,15.731645019919425
17.003460003291913,33.86720619752477,-1.5550135270871368,-12.166791979383381,11.15771298692134,14.618417033292765
15.99375064576889,33.96363835690893,-1.5901394398595536,-11.458556914186858,11.272399570869426,13.754372289338688
15.099119640321398,34.043343906888175,-1.619044970359868,-10.828852586099558,11.36854210991179,12.988521525410038
14.531755437396765,34.09117140719195,-1.6363345047227966,-10.428492596754198,11.426826198188309,12.502687221625735
14.433089036425136,34.043306730144145,-1.4516862167217335,-10.354046935369517,11.307409842254796,12.394090308642358
14.530699373056736,33.82223045097493,-0.7432172305434865,-10.405561198894759,10.813164771882613,12.386815334909931
14.696298833646079,33.44398398412655,0.44613699386231687,-10.49484082886782,9.990379062720663,12.375313135025017
14.923111798462944,32.9203720597976,2.049904787357135,-10.620738335311088,8.894133051618931,12.361104695362176
15.161729402466305,32.364107084575316,3.706507519891403,-10.757417005672895,7.776765328926719,12.347705745312176
15.349446196516574,31.92356801723166,4.988218192008478,-10.867805548091992,6.9221400564204165,12.338049041420986
15.479445090559018,31.617340714585914,5.8650070714450715,-10.945657319075806,6.342239449703626,12.331725527084926
15.536415668920705,31.48290402117283,6.2465129049821115,-10.980124438381,6.091073091352214,12.329033334961052
15.611171615372538,31.62380106657695,6.112657084750334,-11.031914884493421,6.072893162227373,12.38604170077785
15.906524088619925,32.26105575849784,5.41144996215733,-11.23830178242932,6.090521257271294,12.629027928852322
16.437604822982312,33.34870567919334,4.228437700320747,-11.608578877303522,6.100680054533602,13.062654149086457
16.92943313955683,34.29449625344156,3.213964662059948,-11.950544386657926,6.088300590908684,13.460673165632507
17.234781025189168,34.85444317883167,2.619597012729512,-12.162399540892864,6.071355684636313,13.706171185053162
17.318193930363268,35.03781365844601,2.395835256132238,-12.22093551941008,6.096859787294392,13.779845442887664
17.004367283912217,34.97410787782148,2.008120635415519,-12.01451377627548,6.590693538114782,13.629418142135076
16.3905878089804,34.82827915274705,1.2186374318550954,-11.612992862883713,7.607172356419411,13.335787701272341
15.69347800947468,34.623404930987085,0.27005659598058507,-11.16088845943116,8.849994461634878,13.003529810953742
15.2526660433756,34.46815739289262,-0.3600915844799402,-10.877492851341866,9.6903389390947,12.794345271986488
14.91493599742315,34.33349584058941,-0.8596479276205579,-10.661850221912799,10.365828171427335,12.634686401139255
14.585951022214326,34.18757069096845,-1.360782493094967,-10.453155105220615,11.052394833076146,12.479764616636647
14.409022630434436,34.10252819453467,-1.6363529131857188,-10.341516816394908,11.433970177271704,12.396725833350567
14.539978477533127,34.439279928188476,-2.0000906010808954,-10.434768159609577,11.44061151962201,12.512581208103256
14.878104779046772,35.26875537840605,-2.8761396602277727,-10.674528743981062,11.434116825541269,12.807557719991102
15.394818946075429,36.468012511616756,-4.124268798149088,-11.03957935044207,11.399897965467428,13.254188406759553
15.787779719223408,37.32943447378004,-5.00734708576263,-11.316152690429227,11.35677609823504,13.590715124353029
15.935194518146606,37.64211528454006,-5.325114434632867,-11.419678257666986,11.337204988840798,13.716297146980148
15.988414875840393,37.602457161299455,-5.131507962638544,-11.450871168861493,11.177399838896084,13.730105300281599
16.11897861475033,37.35808784590343,-4.366101537736256,-11.522214090552277,10.644924475612465,13.734049775763516
16.334536726119865,36.95234258078076,-3.119754709862127,-11.642266642830931,9.785311257110637,13.741668103492428
16.61863739566152,36.41437308215455,-1.5092867108284378,-11.804555920409872,8.68753514944306,13.753512534962493
16.901082606193118,35.87733998481299,0.056633347549034777,-11.97016429864065,7.633298359489747,13.766944134942582
17.118871600181745,35.46257014936429,1.240919829139982,-12.100575101557997,6.844103699600899,13.778202522166382
17.271842337734494,35.171201620241405,2.06094915652444,-12.19351840006942,6.301560191751432,13.78649429018973
17.33390169618929,35.053028108871786,2.390912154114737,-12.231530350778254,6.084125264153822,13.789935961053494
17.452085770244054,35.241242785303584,2.211721420045768,-12.312941718993118,6.055387753677544,13.880209939529326
17.860858387441617,35.94309946735666,1.4772944350918018,-12.595694687223988,6.017195712497274,14.205969230673757
18.548524392909123,37.0546944991933,0.32904859751360277,-13.0699971330262,5.931606349522626,14.749681806945897
19.11146715858287,37.90588837860138,-0.5378033931526994,-13.457014003576303,5.84421562908047,15.191013870236018
19.526291229770134,38.50214112493438,-1.1385899775984913,-13.741479781480026,5.771098045900965,15.514179961026835
19.535172547518936,38.61159101760444,-1.3345108280628075,-13.749652705626293,5.853430376597806,15.541811871139641
19.10463926332593,38.54122921294988,-1.7579340418585183,-13.466945017123622,6.4142173631361805,15.322729514764026
18.326653752833828,38.390848732346456,-2.5610344031657952,-12.958429072377244,7.485735461590651,14.927406934178606
17.423636519198208,38.17130021478702,-3.558958306032628,-12.372644648187105,8.835299205571312,14.469961288766562
16.808350652225887,37.98764605796217,-4.282854358014674,-11.97681264265707,9.829796094335775,14.159556341181448
16.350561017196746,37.82947690470933,-4.846268158012747,-11.684350093090584,10.614445146762648,13.929517212252446
16.037660729561743,37.709381375541206,-5.244074184000585,-11.485575909493857,11.17465349492357,13.772826681360835
16.032807678087337,37.66712274904355,-5.355025030027117,-11.488217553957933,11.325502507652859,13.799841736289164
16.50861717651729,37.6274656372171,-5.3423227288123964,-11.82224196978402,11.270632886977435,14.207067813324677
17.555488840886504,37.535442284509074,-5.312742373295517,-12.555050601847935,11.144799957622586,15.102696125421838
19.084350828906764,37.38900071802033,-5.26537061908124,-13.619796464309877,10.94871133373029,16.409861202036026
21.050992833038574,37.177762476145716,-5.196369014268852,-14.978772556532896,10.674831071662949,18.089981424055004
23.330503767971432,36.899018751601446,-5.104125686297963,-16.537802807143724,10.328622079150998,20.035905348782567
25.412967702128448,36.6099603012389,-5.007043410716684,-17.94554937776014,9.986753604969726,21.81278591613791
27.083940044892262,36.35220896089814,-4.919253565521713,-19.062806951029902,9.695749373050797,23.238479240559514
28.313394976241803,36.14689347411511,-4.848505946367777,-19.87747344518223,9.47271182425503,24.287711960102197
29.372190488505325,35.95872488459219,-4.783029060316046,-20.573793651869316,9.274835046843288,25.191657496215452
30.319710359680293,35.78093628692268,-4.720603140504433,-21.192648172754524,9.093396275528045,26.001019561846814
31.02789802123897,35.64214549002119,-4.671501451916757,-21.652534060222123,8.955265930488924,26.60627351834555
31.331722470229803,35.55794915873945,-4.560241608994737,-21.845230960307646,8.833618509024964,26.84101043467618
31.506667465955903,35.37119609145865,-3.964714578502157,-21.9337807452179,8.398492237006938,26.82731930070298
31.829146094109337,35.02368715213934,-2.8763107272003743,-22.100263038762296,7.608810041928426,26.80347978596974
32.27434185195274,34.53789003519161,-1.3930976509052964,-22.336660461299783,6.543639785829351,26.773107956112494
32.765885034184315,33.994725437488526,0.21903023422603632,-22.60602064019396,5.399431485419281,26.74233629081142
33.1602458578591,33.55474461664117,1.4935679575720344,-22.82812164739844,4.5042514338688315,26.71927113754084
33.45551211888218,33.223306508370214,2.4371241221772983,-22.997745357755665,3.8466323826711055,26.702726207205185
33.62439521855589,33.03306167942295,2.9727210914997717,-23.096018223081987,3.4752218776875123,26.693487116594547
33.47262558976857,32.99772017793855,3.10056552937425,-22.99775815506633,3.43829208645591,26.54412721009227
32.85154454103164,33.0065175078992,3.1676318588564,-22.601499212229,3.562915258074295,26.051433352250676
31.67445346513107,33.0169692754049,3.295934501694317,-21.84569373081596,3.793554882809333,25.11822828537734
30.009904886356363,33.018715466399264,3.479965963654839,-20.766869452931214,4.107280720658204,23.799499052237845
27.94806796758148,33.000623304654674,3.712179767446538,-19.41516798040909,4.474908065196875,22.16699263856881
25.548460984431053,32.95236697652841,3.9885965593492902,-17.82190284014316,4.871931503067474,20.26765177863375
22.912822380802933,32.86714996385299,4.3002093805077,-16.04917047903859,5.268183244488962,18.181435254910657
20.31562705479292,32.75115739034263,4.616098262659633,-14.281245702984261,5.616054156306083,16.125035850439463
17.989595777340288,32.620513824299046,4.9071798336577,-12.681934939554957,5.89000597520603,14.282580141446672
16.041517794875773,32.49220993131982,5.15727946980759,-11.33241336839721,6.092004774175088,12.738942086847283
14.470375335892456,32.376337419019734,5.363437266092335,-10.238094814773609,6.236611449587305,11.49365699078982
12.764430769937565,32.23723453524584,5.592365700023742,-9.044271615650802,6.373859247265633,10.141256499912835
11.42983039115618,32.11891665303188,5.775297511727512,-8.106788630562146,6.4671137538927805,9.083120278065634
10.284415671344531,32.010564801746426,5.935178506407892,-7.299981604329694,6.537083559396466,8.1749469844755
9.360665738841991,31.918631795450757,6.066115235309179,-6.647997507360494,6.586836680333193,7.4425373842144085
8.828832154375972,31.863811798086985,6.142351713093589,-6.2721348120883205,6.6127281109342935,7.020879939631772
8.684478194333586,31.822173776781376,5.933580555983625,-6.173313956123587,6.874067643524832,6.934213450787366
8.442089292035536,31.706410970470433,5.2800570083127525,-6.0121631595529115,7.659368179252439,6.823420289756288
8.089684154284134,31.501410443958914,4.282958287976118,-5.780006229310571,8.884115853105827,6.663034839112215
7.799432803833315,31.293533642945725,3.4174531686008134,-5.590960683583729,9.97558038944992,6.531728999166946
7.625148422968203,31.14865531897501,2.8775096758062655,-5.478513290023383,10.671008699063355,6.4533153165312065
7.485441340842483,31.020261869703692,2.433399446593533,-5.389007948931731,11.251877811640094,6.39073131176118
7.392933952745109,30.928694793096238,2.133674371497204,-5.330073571136638,11.648641635149152,6.349440374241769
7.426923896097209,31.161463977866987,1.8243640230539253,-5.355938177781307,11.722197202727813,6.385695767022801
7.568929831179086,31.90279855993039,1.0078699857878768,-5.4593291558353405,11.785814263317267,6.514081892153709
7.804670024293253,33.074046764591145,-0.2650350662824386,-5.630574520134712,11.867835486723612,6.7255027895894814
8.135680265748208,34.60548492094362,-1.8977855671005674,-5.870214803575681,11.940771343611678,7.018911270229447
8.488476512885594,36.1090615708458,-3.4659129509600306,-6.124663082787597,11.973933194361305,7.327692311697476
8.783822914000446,37.277581794807844,-4.660650170276896,-6.336962946371692,11.972994834202654,7.583359406081622
8.96446062229832,37.95576595623487,-5.3444744809622025,-6.466509330537036,11.96164220143125,7.738566122914355
9.00986480044607,38.08843094666634,-5.443277849395212,-6.498214784138877,11.923656638235595,7.773490353754495
9.049796196700195,37.9597238981272,-5.038024757842429,-6.520246993306887,11.645086476439532,7.775552243910946
9.14540980672945,37.65041583192189,-4.077588858261966,-6.573709356570964,10.989086979932475,7.780854269823291
9.286397258963301,37.1921704957728,-2.6855776290430198,-6.654206865950398,10.048078234692609,7.789507009233886
9.448619935181892,36.66300442029781,-1.1185758654885907,-6.749135859836581,9.001830642208104,7.800470638444481
9.5793616546799,36.235936910987675,0.11820156318835554,-6.827312769633232,8.185286079000646,7.809962908713273
9.68876868318862,35.87864022438164,1.1357101989429093,-6.893811391751987,7.51932020505853,7.818283858136423
9.781472603037255,35.57619180033336,1.9857609451043676,-6.950884888728916,6.966819235865064,7.825573663941726
9.796351941792082,35.40517061431095,2.3588218753019325,-6.95843591288494,6.764841264395211,7.812714960711102
9.604017099652335,34.80054758439083,2.991620260302431,-6.822323304027495,6.755122765828991,7.657323966375138
9.27595931224035,33.710269810204245,4.146795441528161,-6.589844132958842,6.720936556483608,7.390531456409975
8.972404253354535,32.62957030722527,5.309454116367134,-6.3743665929072755,6.666541539232886,7.141563315777098
8.804836828173398,32.000623169593126,5.994137590088117,-6.255265791275988,6.625679179299285,7.0031895228749095
8.752249281408636,31.85084122513187,6.111299970996474,-6.218516797071953,6.6626167563293865,6.965275666060941
8.611527874513296,31.789037864788785,5.739391710727809,-6.124639940870275,7.105775589866314,6.900855533775275
8.317859225039587,31.639270343063313,4.934915981378124,-5.929975760451734,8.079346472928796,6.766794663460493
7.960464422817199,31.413491809254232,3.902595186169249,-5.69555860298353,9.360270159429904,6.604488942749507
7.712131586812073,31.222916732381417,3.1488732749152657,-5.534512688007283,10.31997133470095,6.492412602272313
7.554212246244007,31.08487966690181,2.6532759524363514,-5.432984413756885,10.963205047325037,6.421508914752937
7.42751919570267,30.96356085976472,2.246261297321944,-5.352072529823458,11.499128629346277,6.364863735546153
7.2634944435577635,30.92209272106802,2.093637048442663,-5.238065134142508,11.705144006449354,6.243511164565286
6.647819589632097,30.94794852398102,2.0833861078269127,-4.795590267799483,11.735009879284071,5.716950635569402
5.487960604660116,30.99003781448417,2.0667280398127277,-3.9608999938926215,11.783886467307505,4.7247755792898625
3.857681132753383,31.0354490119009,2.0487939525892123,-2.7857348473772876,11.836966602024374,3.3298401247892304
1.8392312281011203,31.069490412908422,2.0353793201616126,-1.3285453621627854,11.877005662007655,1.6023582487507855
-0.3978500048690658,31.07898854998464,2.0316483798573035,0.28782828376509656,11.888241662985799,-0.3124933279833386
-2.346133300675361,31.063178115589544,2.0378873469176044,1.6953389938217285,11.86964381594939,-1.9801081754732235
-3.8887763036141814,31.03461748528589,2.049159906276692,2.808842619133589,11.836124292726645,-3.300337999166293
-4.946591362577602,31.00677053003004,2.0601633147256035,3.571563970144028,11.80357092611471,-4.205487197984771
-5.977066112847702,30.973171499825852,2.0734575487649924,4.313724111750988,11.764465611873936,-5.08708739610743
-6.799043202253783,30.94175399822923,2.0859067457153286,4.905007411600677,11.728069396712911,-5.790184480464285
-7.302946289835668,30.920361607399897,2.0943941172026226,5.2671154266060585,11.70338532396591,-6.221144750257315
-7.449846125075166,30.98611199237096,2.319196235601799,5.36699877939774,11.402750047951946,-6.318679839693011
-7.651220605496164,31.171754939163975,2.9599728102531206,5.495960276678682,10.564113277454224,-6.408861502756852
-7.965622504713307,31.41748007759175,3.9188176373974923,5.699601543676265,9.339979052504827,-6.550634909227937
-8.247697961185857,31.599278931877862,4.738020840018508,5.884399619702616,8.32092223873111,-6.678643498542543
-8.457374710112543,31.71430394486746,5.323017304816242,6.022904643220604,7.6071745465901435,-6.774195433082505
-8.64254584432208,31.803426879656556,5.823394046517435,6.145954207717945,7.005337593619851,-6.8588135225670825
-8.754227757774883,31.85200382891287,6.117971439151596,6.220482050008995,6.654643806477095,-6.90994163983167
-8.712416325160921,31.834450743694227,6.008638786665599,6.192538573514373,6.784350296121294,-6.890787626208894
-8.494551297014906,31.733299927026064,5.4251313521049145,6.047530109610325,7.483532197607569,-6.791150140017849
-8.158796812711998,31.545658944103835,4.484407048774753,5.825922431667288,8.633723274162216,-6.638192433368494
-7.842979183623333,31.327517785730986,3.5512244695931603,5.6198056140293575,9.804958084091252,-6.495152904122184
-7.656665479885116,31.176387688256728,2.977567731190342,5.49941186466683,10.541207127589395,-6.411245062421876
-7.513360625706614,31.047203411782423,2.5242188535179735,5.407481847279879,11.132411944419168,-6.34699287942186
-7.402697379360137,30.939015152405076,2.1667703427873093,5.336919931978382,11.604658809468177,-6.2975672769288416
-7.410017636859035,31.073400399034163,1.9218682832505791,5.344294171636617,11.714129174683052,-6.314308586923147
-7.535357145995042,31.731926499820034,1.1953141784025403,5.435578580764797,11.77199821513699,-6.427750977281789
-7.739010496024213,32.7566959663589,0.07776680080521768,5.583602823962225,11.847931750327026,-6.610758791672345
-7.898973315756483,33.52482498799704,-0.7493794438713185,5.699615938913994,11.893440079150853,-6.753409075623188
-8.052488389529891,34.23378347193283,-1.504824818051355,5.810748958564976,11.926742720109274,-6.8894523974628425
-8.10556385163931,34.47277582308353,-1.7577583119386075,5.849125875559615,11.936086023539998,-6.936297263357323
-8.133112962220697,34.40539200023167,-1.4932028974491902,5.864652327932201,11.737581409730806,-6.939294160111124
-8.198902623282699,34.14624965102312,-0.66675907589796,5.89999451646704,11.167621085190998,-6.93584406343761
-8.302475053249715,33.73486829490774,0.6182519211548526,5.956890358982265,10.289781593736578,-6.9310213941791785
-8.436674326521052,33.19686234960624,2.2546382657911024,6.032779972877011,9.185907322707381,-6.925697366458187
-8.569037703153716,32.662102180512235,3.837846006785018,6.109871347750302,8.132005372055495,-6.9212854372242125
-8.668763659436555,32.257309934528315,5.011006268766006,6.16934115517607,7.359509221320414,-6.918389871273891
-8.738581336320093,31.973221347925744,5.822568677931808,6.211640085672124,6.829137414579266,-6.916554829227053
-8.765567622924882,31.8633047311951,6.134098128263817,6.228137048209152,6.6264029893324174,-6.915877422945235
-8.822564871983284,32.070721069020124,5.917514837341235,6.268526059401088,6.630635947228436,-6.961830475339491
-9.01474306925643,32.78710183411392,5.138840734327533,6.405104228024124,6.675834708535686,-7.120361851617811
-9.333722959750538,33.91000685647573,3.9337883757486134,6.631481556292356,6.728874902458482,-7.381587841266845
-9.6101240313206,34.82202592231765,2.969024162584798,6.827330149971362,6.7556669999107335,-7.6061577618367275
-9.77249870713768,35.33375236532286,2.4331556983970635,6.942254081367112,6.764260094540374,-7.737369857948397
-9.763909607111398,35.44699810990452,2.1904465147523946,6.938061193654642,6.893610484236859,-7.7464039127241815
-9.511270230756523,35.35121735973408,1.648105735350971,6.769265849522667,7.551141503587666,-7.622077198892649
-9.103660654145425,35.165550553365435,0.7272959263732703,6.498872938018755,8.688076870689219,-7.4221964632435
-8.701139662484822,34.936635526049045,-0.2415632131751053,6.234566242143997,9.914882558182772,-7.225913589390737
-8.457878242904124,34.77177260615518,-0.8577786807726367,6.076343428682941,10.712997775368393,-7.107965954512528
-8.257355457339004,34.61835906699027,-1.3840158359644192,5.946882808524604,11.406402723159086,-7.0112025039812025
-8.130288052161221,34.51191614254016,-1.7264272526656113,5.865342925032727,11.863835317162557,-6.950134282651295
-7.847965550648849,34.506170304237465,-1.7847539040963567,5.664185105885207,11.95179412674846,-6.71531777839184
-7.079504645150647,34.5372455900185,-1.7957280041216392,5.111802453083671,11.992570331142428,-6.055501311074469
-5.755962624032448,34.58298035441716,-1.8118452906782043,4.15884762838887,12.052972790858053,-4.918749146778728
-4.000119197701967,34.628871551176765,-1.8279765427076478,2.892166998021626,12.114048072367511,-3.410169918838779
-1.8568569056527786,34.66233412204185,-1.8397089019198403,1.3433585405186599,12.158885465115372,-1.568140307169692
0.5506590361816571,34.6706820379863,-1.842619821954257,-0.3979934467913211,12.170126362102758,0.5013624754156409
2.747346935551933,34.65136562713709,-1.83582926270284,-1.9864557821816222,12.144206708130227,2.389546492019814
4.5861712885618795,34.61537933984957,-1.8231758143338699,-3.314555076849285,12.096120431955516,3.969766992890172
5.984609667319264,34.575662028512035,-1.8091871347889854,-4.322932654524106,12.043379293524206,5.171169697077631
6.926309544796759,34.54290882207323,-1.7976311674676508,-5.000927112767327,12.000143878314102,5.979961801003123
7.738031272790431,34.51074041511014,-1.7862633935857166,-5.584548957071919,11.957905917044034,6.6769528210058695
8.11408039841388,34.48335330748435,-1.7437571217811219,-5.854106394816568,11.91140814796316,6.997132586011503
8.147807415744936,34.35099836194361,-1.317586527214467,-5.872024392008455,11.616205389955411,6.9952632676769
8.223988427333733,34.050182391425224,-0.3630266358081389,-5.913144881225826,10.959316025479957,6.99135861676103
8.336267504149655,33.602926826408094,1.0245479814808498,-5.975254962665734,10.014337901314367,6.986300561981789
8.471296084622695,33.06019328552106,2.663521645168671,-6.052184360292198,8.912455240449608,6.981135769834588
8.584215171762551,32.6032930829355,4.009835331662514,-6.11827289218536,8.018300073199784,6.977449006428039
8.66974649734028,32.255888592038566,5.015242961821325,-6.169339013408017,7.356692660329205,6.974966034079593
8.733640749543131,31.995818040111182,5.758410049437944,-6.208026214225165,6.870902517180718,6.973263259182099
8.765220262057577,31.86714874881394,6.123258854456859,-6.22731370674073,6.633389734055981,6.972461272993328
8.436236728748469,31.870345571613353,6.146741076662369,-5.994437217740895,6.634435384634512,6.710114099436723
7.562312273664175,31.90219129465258,6.1360701204839225,-5.3758292854425,6.68144018054933,6.018336380842465
6.197045483607238,31.94484290531622,6.121814245019024,-4.407899432634431,6.744838786828542,4.937362516062045
4.289827457358754,31.9900036290429,6.1067660519662,-3.053172945538693,6.812538616133541,3.4268315047241478
2.10130645625002,32.02142075786336,6.096327500456538,-1.4960479184681557,6.8599937721075,1.6930286115541542
-0.4426961703693254,32.030811099700536,6.093217929361308,0.3156440181620277,6.874255524299575,-0.3227077811758469
-3.2103430680359453,32.008162367756924,6.100749997788575,2.2860801278522627,6.84000353830772,-2.515548402798537
-5.897869368442891,31.952964399014764,6.119142468830459,4.196265070486201,6.7571036746173565,-4.64430770913612
-8.334147271002797,31.87410443372451,6.145534497267692,5.922900949739471,6.640159756172977,-6.573169357626185
-10.433878248112334,31.783457704813152,6.1760421990549705,7.405669588463734,6.507876392753034,-8.234692264751054
-12.143507469534162,31.69386680988909,6.206370997052737,8.608476022995276,6.379289256745637,-9.586847379513518
-13.445800551720602,31.615362001026696,6.2330971981579735,9.521423171748719,6.268410430209196,-10.61639020635172
-14.534716250009003,31.542935913386444,6.257874427520554,10.282445493490703,6.167529645295033,-11.476957068884975
-15.256339840061022,31.491351152940737,6.275594069189808,10.78547603951441,6.096512884435493,-12.04710904071324
-15.520239373211902,31.465214008059444,6.25036783612435,10.969967714124236,6.107633270634953,-12.262976536713579
-15.33033965797345,31.419357710759613,5.961324015183446,10.844911232310475,6.4649351055545345,-12.178072467621373
-14.874574829871502,31.29367361112883,5.246749449634865,10.546368525879608,7.3580896853150355,-11.974675100241809
-14.296753028959468,31.09891651020886,4.297851108445559,10.171357015255824,8.56706242734929,-11.717770410088203
-13.9113965143006,30.943299750641685,3.637095607680131,9.923691429351917,9.425904022225966,-11.547223206887697
-13.655029815456592,30.82667253065084,3.1846421820292043,9.760127411512764,10.02274974982161,-11.434196630730694
-13.379718078632234,30.688345996807065,2.6868871451845138,9.585647960081513,10.688206602517955,-11.3132745235139
-13.180455084250418,30.579100390645106,2.318877591957933,9.46016782154701,11.18643834315623,-11.226085913367813
-13.262759063856873,30.544879605180505,2.244613331677711,9.521919627040752,11.282106894773712,-11.313871220791775
-13.818870745124396,30.497902098278647,2.263602099390296,9.915692518997927,11.230982152799966,-11.788608112954165
-14.924151834470777,30.397774428494415,2.3042157047499563,10.696204053854801,11.12319343824705,-12.731905651414767
-16.52067005425013,30.2375279849767,2.369597655885081,11.818490603413796,10.95382577732005,-14.093903309986018
-18.476145717647483,30.01499716873136,2.4611724118703364,13.18405238509327,10.724834997321196,-15.761339035616123
-20.63241426769011,29.734160054793623,2.5780296977230805,14.677032836733899,10.445690259778441,-17.599205930597666
-22.484030994815704,29.461178380455365,2.6929964695984063,15.947228849190795,10.184402914418987,-19.177037967374112
-23.928506561579685,29.226575890684448,2.792873587155924,16.929950644119117,9.9673244490574,-20.407922875685834
-24.890700760286098,29.059137765158933,2.8647645065812797,17.580327006022372,9.81645990525726,-21.22794453802762
-25.71603687652215,28.90802231417077,2.9300845835516856,18.135359105305373,9.683137101144016,-21.93145930812448
-26.27065187155783,28.80256170898408,2.975909332935427,18.506856189190678,9.591606249755445,-22.404302250247937
-26.51239401958117,28.840621519801,3.161003019706879,18.65512504315025,9.314726728137876,-22.5295709464298
-27.069046819367884,28.98652926554552,3.716351945582344,18.98729998493317,8.499220977474883,-22.75109450074574
-27.960441308713637,29.186795653686918,4.5806199882686265,19.524655496526222,7.248311836630552,-23.107256410655683
-28.90030559037156,29.359171701902426,5.459343380053754,20.09766582811366,5.996214000019005,-23.484066163466036
-29.575391123860793,29.461711594517425,6.0705466692978325,20.5128618920984,5.135301650511322,-23.755181736076583
-30.181572801152036,29.540412042520654,6.6055764976604845,20.88800287578298,4.3874590413359495,-23.998764922348958
-30.53966372488343,29.581478180826167,6.915656345480075,21.11056894266561,3.956224540690904,-24.142664942031296
-30.498685786278493,29.577176961439356,6.880650271942689,21.085024157292157,4.00475940848216,-24.126199541436765
-30.014477354032785,29.520115393285064,6.45970845846015,20.78432688281695,4.590782729012452,-23.931591801661746
-29.141883448883252,29.397901321510428,5.680316797491658,20.245838715541165,5.684059391335306,-23.580991728474814
-28.111202813182512,29.217063627949663,4.724276298544505,19.616039258235155,7.042333991908316,-23.16751613758433
-27.388503084524345,29.062842127226542,4.0301421602138,19.17901172477779,8.04263466234284,-22.878411073517015
-26.83776397660556,28.92792480166467,3.4876142573968205,18.848817566701413,8.834011205778,-22.65878334091046
-26.452118525173812,28.823667388696865,3.100684881406625,18.61918414760917,9.404015545321268,-22.505441932523038
-26.388895238193598,28.878727068555825,2.877507024402723,18.586289055520215,9.580500796619399,-22.50822123880794
-26.692216012498314,29.362922119210292,2.312688772921162,18.791358369805984,9.574215016147424,-22.782279709789847
-27.298301286420962,30.297953308051085,1.2314060054743914,19.199190341203423,9.544492287526895,-23.325502004984976
-28.185997266640094,31.595535383300327,-0.24867092413075848,19.79193760104101,9.463757941511517,-24.11112505526448
-29.285969497416545,33.09680552852541,-1.9314608574419356,20.51897632513808,9.31016316738444,-25.069199842606483
-30.21736873432314,34.28540146168046,-3.2412173847852275,21.12822141211498,9.139914131757479,-25.867969969444182
-30.861846567615974,35.06771338928009,-4.0924304778514795,21.54641283478227,9.003120803839863,-26.414365984537078
-31.211193522274325,35.478910591315305,-4.5363838693418215,21.77195164896167,8.922998049544058,-26.708465248494083
-31.326639757154318,35.56146737286514,-4.5724944487131305,21.843018488937712,8.843111086734389,-26.78403754067749
-31.47519153919007,35.403086710856655,-4.066701796035845,21.918116687237124,8.473342574073433,-26.77241671770192
-31.7818711916614,35.07321968806881,-3.0307100942804523,22.076018021260246,7.7208697211821065,-26.749663661419874
-32.21454463557691,34.602071812271454,-1.587260566501732,22.304961793596448,6.682793971426579,-26.719985895116608
-32.711402700020514,34.054060882857854,0.04468458323586987,22.576295209968933,5.522875742704225,-26.68874858917235
-33.118296669096665,33.600744408917954,1.3612461544540628,22.804842647298873,4.597126271013163,-26.66492517163269
-33.422959214253204,33.259127727384474,2.335568164976954,22.979536330727832,3.9174972018184455,-26.647881561342903
-33.6154031785762,33.042515939472054,2.9460629132467884,23.091402511359604,3.4939326033366798,-26.637392198530073
-33.50842540566406,32.98868624594124,3.1049502204217085,23.021198994362408,3.4312435906753893,-26.51645921662793
-32.95061357483208,32.9656743204548,3.196337173091442,22.66552547269552,3.5434062567509264,-26.07392409952538
-31.823797488400945,32.913986621978125,3.382069435892494,21.94259790417461,3.7643812335500937,-25.18029494543773
-30.217863945346853,32.829163020891876,3.6493669851609165,20.902911089738772,4.066738036304315,-23.907203982781983
-28.198572343941443,32.70427834260896,3.9901336516380277,19.580758036453545,4.425201326807564,-22.306894777745054
-25.866944503366803,32.53526885251849,4.39074787964138,18.034838920022352,4.80778709461786,-20.45920600598117
-23.73221165516294,32.35757146556832,4.764971856192297,16.60279600666336,5.127614151641779,-18.767340975758575
-21.973541160041243,32.19465535473492,5.079222429614257,15.411948399772353,5.368416211740324,-17.37323738808295
-20.424627600953084,32.038863617896546,5.360820897719266,14.355535173972214,5.563257150760831,-16.145167436919547
-18.840465069782066,31.86734547808797,5.653963583149575,13.268180092930965,5.7452861176744205,-14.888927348709109
-17.61238221216481,31.725857604003348,5.885032398754606,12.420809811206015,5.8742880068382375,-13.914933472930707
-16.61008780552252,31.604824829058767,6.076232941212373,11.726577813992023,5.971681474189344,-13.119957698131524
-15.839734259835012,31.508374588826044,6.224859214123267,11.191474172312434,6.041690361358837,-12.508929158668762
-15.486972643841044,31.457645785410165,6.201157068241324,10.94799668961809,6.1683661361426845,-12.247867358519281
-15.166904344883562,31.37693625809783,5.70920117255456,10.737572294991178,6.778586104418454,-12.104869866338573
-14.626632562316097,31.21548050384749,4.846284615880079,10.384919784767547,7.865017478191049,-11.864131044462638
-14.089587072173439,31.01818416121297,3.94596094198042,10.037932182840683,9.022627675183148,-11.625890254263595
-13.767113003946328,30.87910315337071,3.384042047891293,9.831500148840753,9.758829064974792,-11.483494444708274
-13.518844944631983,30.760019673692863,2.9401197886920025,9.673658378681832,10.348511612280411,-11.37427653449223
-13.25975695821574,30.62353431676592,2.4661666639739326,9.510020972795644,10.986395271053684,-11.260735830901426
-13.143149321799276,30.56943391717588,2.2243950900449985,9.437183923519386,11.294308801744657,-11.212003665238104
-13.26386567960132,30.936190824942795,1.8142396620995715,9.523977892586188,11.32042803691776,-11.321371457075184
-13.548941529447733,31.775474495016507,0.8835236405358818,9.728532866773662,11.370463046867497,-11.578174405891405
-13.998379987814607,33.029750828515816,-0.48762346436123377,10.04991248943974,11.420559048091059,-11.97914571637352
-14.600756127189673,34.5917144885317,-2.1619184955653448,10.478594971972766,11.440559299199933,-12.509653880572142
-15.195812370007067,36.0161999715183,-3.6566514958694807,10.899849466521767,11.41639881440757,-13.026653295809746
-15.661651848249553,37.05836459744249,-4.7307323434541,11.228156346298286,11.372203979715067,-13.426909485571421
-15.901767095733188,37.57261575150039,-5.2546576568290915,11.396888923078567,11.341880937474295,-13.631779190390231
-15.967187849466,37.641201439565556,-5.254110543811232,11.439989040899754,11.263196337363466,-13.673080827112774
-16.057331787709476,37.472733938837756,-4.7237620682445804,11.489000018209934,10.8934303729115,-13.675669993890706
-16.244334966451618,37.12149685063245,-3.6358662204310064,11.592301763668987,10.140323009735875,-13.68185557441137
-16.497932636221503,36.642278801432525,-2.186134914351273,11.735668122420574,9.147322709003909,-13.69176212865246
-16.79552111025833,36.07711994905943,-0.5214712053632968,11.908405485519811,8.021193270162524,-13.705237305135284
-17.040926099580158,35.60987325403346,0.8225720253310769,12.05425866114325,7.122272194850683,-13.717555612437657
-17.220244712677776,35.26825619599202,1.7887442624353451,12.162667725211199,6.481465234439907,-13.72711121082686
-17.316916371037404,35.08412674408447,2.3041283662812835,12.221730970659124,6.141421790461064,-13.732426959536378
-17.38990133161459,35.1324982154668,2.3261649639338353,12.270541702905305,6.060332963165658,-13.774380908878774
-17.663942043987497,35.610277576692106,1.824564814893137,12.46023531561656,6.037033414827533,-13.993212759817517
-18.269806117160762,36.61528221505155,0.7806818019160481,12.878635032740862,5.969432880331038,-14.473855131067394
-18.889273512629924,37.57679728492397,-0.20396674475100604,13.30506057606531,5.880472026858581,-14.961107687717226
-19.41238601357148,38.34196405619708,-0.9777850596033182,13.664101064121773,5.791955664089533,-15.369516495289673
-19.60969915384758,38.62292341322274,-1.2621982524582354,13.799336272948477,5.758088978546221,-15.523459774350947
-19.322062144430408,38.577941368245085,-1.54158234079104,13.610254367130429,6.127511092157788,-15.377056306965903
-18.661434609839457,38.45962687891755,-2.208618396255298,13.177504441914582,7.01426953447527,-15.041134021567782
-17.74886729811586,38.25675211173757,-3.1904136234459246,12.583655597704045,8.33437886264831,-14.578231422665144
-17.009890366887184,38.0513291872277,-4.041088169233507,12.106790662789267,9.496178185979636,-14.204842423491133
-16.52422624611215,37.89195319040389,-4.629425502317783,11.79572354564639,10.311403334028347,-13.960440336186826
-16.13918001127062,37.74962618721778,-5.113314081216026,11.550607631774655,10.990032425888396,-13.767379252720422
-15.966445670826833,37.68072837768014,-5.335560982655022,11.441118149438026,11.304370307068925,-13.681004593693924
-16.253451404948134,37.64889110249766,-5.349229725016549,11.64387909725393,11.300385525907348,-13.932629744529898
-17.08131495193329,37.57787127106961,-5.326440733434371,12.224162596954388,11.202744311521442,-14.64101639282742
-18.437275016695573,37.452860388072665,-5.286122567847519,13.170718495805826,11.033739255532069,-15.800674943554881
-20.249222695510177,37.26697438353299,-5.225655113735088,14.426905574587458,10.789454936460057,-17.349119303802908
-22.43503154428583,37.01295340553849,-5.142047231734393,15.928199251187907,10.468335888012023,-19.215563410177182
-24.631715379529922,36.72230169556627,-5.04500349916274,17.42000872180037,10.117886913405908,-21.09015537152599
-26.477191754567695,36.44845732393516,-4.952232514056338,18.659097626728627,9.80321344413261,-22.66470145279811
-27.895339690262556,36.21812531648381,-4.873198148112246,19.601844286127996,9.549521688472229,-23.87482998780701
-28.935349165564176,36.0375268005761,-4.8105905499998,20.287763911882788,9.357257787644508,-24.76258549949008
-29.93793218356909,35.853610608535966,-4.746260870470722,20.94449213444313,9.167180497293161,-25.618779496498053
-30.806620157080037,35.68596573544414,-4.687112685442876,21.5097686537902,8.998833822528699,-26.3610529507705
-31.268893751768914,35.59354527020442,-4.6543008265027535,21.80915282769524,8.907936448811299,-26.756249460427775
-31.417260846046137,35.46635376806869,-4.267277554119886,21.88898533027484,8.61948933837499,-26.777791609448187
-31.687371459339435,35.17647687554437,-3.351980664284951,22.02719138449261,7.95328754492012,-26.75728643309318
-32.08781130262902,34.74169958703297,-2.010386747992456,22.23733916163791,6.985675481170745,-26.72902015993476
-32.58595599899336,34.19372744280556,-0.36646878125747334,22.50706268209705,5.813636033149294,-26.696792421004734
-33.02985176298829,33.6999854447322,1.0756069547551965,22.75474400648437,4.7971566019105,-26.67022364970386
-33.34595578063482,33.345833231694314,2.089767398705987,22.935118130739767,4.088474533064772,-26.6522481472447
-33.57417590553665,33.08902220113968,2.8154584496445474,23.067349275607896,3.5843953233889474,-26.63965467210118
-33.7126498122354,32.88980930837909,3.17809066891421,23.151079246343052,3.3901116211500915,-26.67865819150168
-34.01060564416875,32.30408798955829,3.7267045028604406,23.340287303851827,3.329141538966092,-26.915044862425972
-34.53432274423558,31.216135274889698,4.757837345050633,23.671650277979367,3.2122657341298133,-27.326885781953454
-35.08261782814275,29.99016720845081,5.938711887971458,24.016869842355895,3.0740978360288924,-27.751708544295052
-35.44452197700978,29.127101152802783,6.782207165214504,24.24373318226633,2.972135861389673,-28.02755368088714
-35.65596753393086,28.601514049275693,7.300812123947308,24.375904518737737,2.907991351245216,-28.18670913450884
-35.58771187505056,28.4919563765268,7.315858468581005,24.33531726791349,3.0169191003841958,-28.17539563065928
-35.042627709867666,28.439988857758905,6.885053601496607,24.006223207668583,3.638910112707949,-27.968247505864905
-34.09613315817639,28.331034714468736,6.119237485038656,23.438504009822186,4.752086997394757,-27.60837446062161
-33.01529231265596,28.174102153673562,5.2166682951253724,22.796534062153583,6.078616092204824,-27.197623206249787
-32.25833572227546,28.040613031206256,4.566273116083616,22.351432237883678,7.04612953865909,-26.910460887550673
-31.59769885625876,27.906111558990705,3.9860320299094028,21.96633916817455,7.918807047327318,-26.660444463100262
-31.149159381413252,27.804309323253083,3.585308334259651,21.70681989568094,8.527308907256684,-26.491137970813543
-31.0160247624717,27.80895695759311,3.3843867324947525,21.632613476749206,8.75172539471922,-26.45753349219421
-31.304369828733517,28.214217631360896,2.899323585817006,21.821599786293522,8.734546790507807,-26.719333271884533
-31.926812020141654,29.0634791702467,1.8901689968084499,22.22742753694056,8.682772646042418,-27.280166433046848
-32.85619112496296,30.272003944895566,0.47087703222030464,22.828082608820417,8.571767412029471,-28.10726004270739
-34.024067127651996,31.698666326203035,-1.179258492341738,23.573934528364905,8.381268836852252,-29.130080866229985
-35.06997618577407,32.89820326830812,-2.5455532613522367,24.23352680506431,8.168329261583725,-30.03143456224282
-35.82750446007934,33.72514549119162,-3.476264035233004,24.706369381855545,7.991883439248023,-30.676095014880794
-36.23641842407258,34.15773156565505,-3.959465718631716,24.959897251675997,7.889418935066067,-31.021308340535015
-36.44082873660533,34.37061887768658,-4.196372241860846,25.08620010827933,7.836457102045308,-31.193188361320125
-36.52697623251675,34.31423654836624,-3.98399638708133,25.12973791952378,7.663624202194706,-31.19442643830756
-36.768896566867745,34.078760512186484,-3.2297778813762354,25.248653978375415,7.105566639792611,-31.16182668548029
-37.1667703057171,33.686352994175486,-1.9995318693625166,25.449171900765716,6.202785310460045,-31.110121836165852
-37.68861956413152,33.16305566556641,-0.40482738478258395,25.721082803858277,5.045770580884217,-31.045316662522065
-38.207434347706744,32.634442344973806,1.1598550064157704,26.00092035535624,3.924251034294138,-30.983521535009615
-38.602304075622506,32.22731762500063,2.3372177607866793,26.21994971286091,3.088837206618267,-30.93779537998129
-38.87943321979448,31.93940000102918,3.1566588338366546,26.376688951132568,2.511535177891383,-30.906203698319818
-38.99204950388917,31.821928007737863,3.4880637172112765,26.441075983138884,2.2789960613494333,-30.893457726851373
-39.1999297999221,32.005709319111254,3.28191129773128,26.56760122629392,2.2233740079020383,-31.055407009343963
-39.92235304625801,32.65200800864851,2.53908724407851,27.005702938753192,2.0436424531298796,-31.626009207500168
-41.100393690718086,33.65843118254745,1.3925188687091659,27.713773989619504,1.7253150182326753,-32.54667044733248
-42.1223636837918,34.48715810303487,0.4576582885961639,28.321641250363893,1.4257422465748086,-33.33585261855013
-42.708027236471175,34.944997449494494,-0.055299040600207856,28.66734643073434,1.245096811546953,-33.78432111745549
-42.89370744388685,35.09560918330066,-0.2304621644976295,28.776632423523516,1.1934443690170784,-33.929741154686724
-42.53459272883294,35.07500238710079,-0.4332880157803548,28.568277483432457,1.531059666247674,-33.778284500045494
-41.63245172811215,35.014785499141496,-0.9527257542176994,28.046139775996014,2.3945499379745288,-33.39718544144096
-40.28291523812688,34.901366921287966,-1.7552944388775094,27.268662436288203,3.727555504030181,-32.82592208909774
-38.79342604634369,34.73863428307882,-2.6782888589794216,26.41651835595791,5.262800683036472,-32.1946210773817
-37.67212860705089,34.58558071303172,-3.4002292685014415,25.77999357002704,6.468561201164381,-31.719542282789032
-36.9421362349384,34.469831526522306,-3.883187728648112,25.368273749701853,7.279022061491633,-31.41066378587488
-36.53337661976934,34.398913527853736,-4.158199795966892,25.13875616916893,7.7422692655054215,-31.23793726511994
-36.61096470966826,34.34287050981674,-4.196107931997265,25.191579443302537,7.798909025710695,-31.3395793365656
-37.182056889670406,34.18709416062963,-4.137198960144526,25.544355306461377,7.674886421049385,-31.832012982177254
-38.309425874567005,33.86482688274076,-4.014008403760654,26.235236622418814,7.427461019332419,-32.8061334401436
-39.89057406087241,33.37846786536269,-3.82481345986782,27.191828112553893,7.075473829931896,-34.17743985760216
-41.62138678158652,32.7957346439068,-3.5929705277859325,28.221773293919917,6.684813239913558,-35.68667500373564
-42.90781224135425,32.32509346733234,-3.4016474760918802,28.97518125753761,6.391784002860566,-36.81492623495404
-44.11208295876816,31.85276637481932,-3.206003952049814,29.67079693613482,6.116117197923485,-37.876935053370985
-45.05183101444839,31.46110437876288,-3.0410184411388235,30.206908069537107,5.900497660058509,-38.71004513355405
-45.87352575994691,31.10092123615845,-2.8871024503602754,30.6707358835435,5.711863546848429,-39.441940175276706
-46.492726314063525,30.81790794552686,-2.7646911976252913,31.01714430425699,5.5697852163267205,-39.9957578914892
-46.897007932468874,30.62762357592833,-2.6816765078261606,31.24187885993617,5.477099677077081,-40.35844684127676
-47.35808273180632,30.68915644132589,-2.393874067571007,31.47428401034443,4.9671685068145885,-40.524755304924476
-48.27059212953981,30.79785960538164,-1.8302055228768561,31.937187758859853,3.9742002676877157,-40.853791751979415
-49.629378457083796,30.929525080564048,-1.0060175618672653,32.63305020763168,2.534105755407042,-41.34436084236026
-51.148670792782085,31.038684382093955,-0.10549624204028096,33.4193394431495,0.9735854006730232,-41.89272247032887
-52.32253267020292,31.09855460139811,0.5754213666978117,34.03212452504195,-0.19940492209123678,-42.31560690235673
-53.113240350420845,31.128083693068998,1.0270166743004197,34.44721566396599,-0.9747977271525026,-42.59981749935842
-53.43710544683344,31.13778597448158,1.210345359161478,34.61774704920886,-1.2890871553110828,-42.71603984920468
-53.464707136235255,31.13857946623054,1.2259463796490253,34.632287924657675,-1.3158264155045531,-42.725942110529374
-53.464707136235255,31.13857946623054,1.2259463796490253,34.632287924657675,-1.3158264155045531,-42.725942110529374
-53.464707136235255,31.13857946623054,1.2259463796490253,34.632287924657675,-1.3158264155045531,-42.725942110529374
-53.464707136235255,31.13857946623054,1.2259463796490253,34.632287924657675,-1.3158264155045531,-42.725942110529374
-53.464707136235255,31.13857946623054,1.2259463796490253,34.632287924657675,-1.3158264155045531,-42.725942110529374
-53.464707136235255,31.13857946623054,1.2259463796490253,34.632287924657675,-1.3158264155045531,-42.725942110529374
-53.46448047286134,31.13844742946187,1.2259411636045254,34.632141107449264,-1.3158208558707485,-42.72576093959359
-52.683059979751995,30.683251536527084,1.2079588844436056,34.12598974556431,-1.2966540548385603,-42.101175328214175
-51.90218343665853,30.228372507323645,1.1899891228210941,33.62019071772199,-1.2775005958953212,-41.47702449344509
-50.88241836089821,29.63433526573894,1.1665219877349493,32.95965585019507,-1.2524876425890943,-40.66193121278037
-49.160650184121835,28.63136463780489,1.1269001499687263,31.844410837797376,-1.2102558501561709,-39.28573025717654
-47.445593121413495,27.632303392319496,1.087432750341401,30.733512831339837,-1.168188668952644,-37.91489346250807
-45.72665988548185,26.630984184383518,1.0478761510711274,29.620104101944808,-1.1260264123811268,-36.54095846137605
-44.00747919735273,25.629520829698162,1.0083138573578065,28.50653508974703,-1.0838580862643703,-35.16682567290239
-42.28889487234556,24.628404870616322,0.9687652873287694,27.393352361258238,-1.0417043878332224,-33.793169554580594
-40.564473012670646,23.623888409718823,0.9290823822279848,26.27638847250019,-0.9994075054614411,-32.41484752310251
-38.851196396798116,22.625864316566123,0.8896559547690562,25.166643719122966,-0.957383995329445,-31.045433830957293
-37.13247930601045,21.62467101828147,0.8501043294946695,24.053374993938164,-0.9152270403989847,-29.67167159359088
-35.4144077285134,20.62385374673442,0.8105675589627627,22.940524388618442,-0.8730859187169657,-28.298425311867838
-33.692348108957056,19.620713346497695,0.7709390144292163,21.825090599292974,-0.8308469777310861,-26.921991407463054
-31.976590436858885,18.621243979495638,0.7314554921717042,20.71373878544244,-0.7887626118735931,-25.55059461910624
-30.25707178384424,17.619583752282345,0.6918854211106277,19.59995086244236,-0.7465859961025798,-24.176191696938204
-28.526113065863704,16.61125941703338,0.6520520878960124,18.478752838845246,-0.7041287766733191,-22.792644786310778
-26.817938736567207,15.61620752631775,0.6127430757626078,17.372313001735215,-0.6622304162046277,-21.427309327087055
-25.097257339024658,14.613869972955097,0.5731462472810671,16.25777193144567,-0.6200252804584998,-20.051977028855507
-23.3790979837098,13.613001568756033,0.5336074567800941,15.14486446959043,-0.5778820057487789,-18.678660586748297
-21.66220350031906,12.612869982326677,0.4940977738853876,14.032776306246866,-0.5357697560105222,-17.306355150637216
-19.944347324456487,11.612178187319099,0.454565960239507,12.920065223542185,-0.4936339177326456,-15.933281038396226
-18.215807078521532,10.605262669156494,0.4147882816178412,11.800433722617997,-0.4512360189545683,-14.55166720074872
-16.506553606134613,9.609582152103338,0.3754544359249412,10.69329488957722,-0.4093111890995712,-13.185469187685115
-14.785812268416784,8.607209682172913,0.3358562280823853,9.578714994094819,-0.36710458313168254,-11.810088979562094
-13.067910229631993,7.6064911709299405,0.2963233590253941,8.465974204490017,-0.3249676199210551,-10.436978209309743
-11.346004183678973,6.603440230944277,0.25669834857296187,7.350639889761335,-0.28273244581194007,-9.06066705554149
-9.631554883626245,5.604733021560003,0.21724493495935504,6.240135550859935,-0.24068017190352187,-7.6903160426168755
-7.911563093522825,4.602797180817891,0.1776639759278624,5.12604116164359,-0.1984919509538355,-6.315534944267828
-6.193564698076134,3.6020225395435994,0.13812888948291105,4.013237958708097,-0.15635262429230923,-4.9423471566028105
-4.4720780209759505,2.5992158918194237,0.09851352967037053,2.8981752827678338,-0.11412773652637578,-3.566371202325296
-2.753431318053529,1.5980635961287029,0.05896352418232593,1.7849521500830507,-0.07197250808020923,-2.192665225638287
-1.6375079558751169,0.9480118816255995,0.03328356621112351,1.0621324460868753,-0.044600969659279455,-1.3007130928686577
-0.8590776282197728,0.4945578306899152,0.015370097620703743,0.5579179112113851,-0.02550751186138748,-0.6785175062386339
-0.07983120020402816,0.04062838201952521,-0.0025621513122249047,0.05317476170076053,-0.006394036629389245,-0.055669614547452374
-0.003874297999958924,-0.0036183074750942073,-0.004310093977763783,0.003975016065509467,-0.004530954147672095,0.0050423691027853814
-0.003874297999958924,-0.0036183074750942073,-0.004310093977763783,0.003975016065509467,-0.004530954147672095,0.0050423691027853814
-0.003874297999958924,-0.0036183074750942073,-0.004310093977763783,0.003975016065509467,-0.004530954147672095,0.0050423691027853814
-0.003874297999958924,-0.0036183074750942073,-0.004310093977763783,0.003975016065509467,-0.004530954147672095,0.0050423691027853814
-0.003874297999958924,-0.0036183074750942073,-0.004310093977763783,0.003975016065509467,-0.004530954147672095,0.0050423691027853814
-0.003874297999958924,-0.0036183074750942073,-0.004310093977763783,0.003975016065509467,-0.004530954147672095,0.0050423691027853814
-0.003874297999958924,-0.0036183074750942073,-0.004310093977763783,0.003975016065509467,-0.004530954147672095,0.0050423691027853814
-0.003874297999958924,-0.0036183074750942073,-0.004310093977763783,0.003975016065509467,-0.004530954147672095,0.0050423691027853814
-0.003874297999958924,-0.0036183074750942073,-0.004310093977763783,0.003975016065509467,-0.004530954147672095,0.0050423691027853814
-0.003874297999958924,-0.0036183074750942073,-0.004310093977763783,0.003975016065509467,-0.004530954147672095,0.0050423691027853814
-0.003874297999958924,-0.0036183074750942073,-0.004310093977763783,0.003975016065509467,-0.004530954147672095,0.0050423691027853814
-0.003874297999958924,-0.0036183074750942073,-0.004310093977763783,0.003975016065509467,-0.004530954147672095,0.0050423691027853814
-0.003874297999958924,-0.0036183074750942073,-0.004310093977763783,0.003975016065509467,-0.004530954147672095,0.0050423691027853814
