Joint0,Joint1,Joint2,Joint3,Joint4,Joint5 
0.0034515104562697703,0.00326173690252495,0.0035291093773525363,0.005547062084538317,-0.001198248276633919,-0.004601670668658338
0.0034515104562697703,0.00326173690252495,0.0035291093773525363,0.005547062084538317,-0.001198248276633919,-0.004601670668658338
0.0034515104562697703,0.00326173690252495,0.0035291093773525363,0.005547062084538317,-0.001198248276633919,-0.004601670668658338
0.0034515104562697703,0.00326173690252495,0.0035291093773525363,0.005547062084538317,-0.001198248276633919,-0.004601670668658338
0.0034515104562697703,0.00326173690252495,0.0035291093773525363,0.005547062084538317,-0.001198248276633919,-0.004601670668658338
0.0034515104562697703,0.00326173690252495,0.0035291093773525363,0.005547062084538317,-0.001198248276633919,-0.004601670668658338
0.0034515104562697703,0.00326173690252495,0.0035291093773525363,0.005547062084538317,-0.001198248276633919,-0.004601670668658338
0.0034515104562697703,0.00326173690252495,0.0035291093773525363,0.005547062084538317,-0.001198248276633919,-0.004601670668658338
0.0034515104562697703,0.00326173690252495,0.0035291093773525363,0.005547062084538317,-0.001198248276633919,-0.004601670668658338
0.0034515104562697703,0.00326173690252495,0.0035291093773525363,0.005547062084538317,-0.001198248276633919,-0.004601670668658338
0.0034515104562697703,0.00326173690252495,0.0035291093773525363,0.005547062084538317,-0.001198248276633919,-0.004601670668658338
0.0034515104562697703,0.00326173690252495,0.0035291093773525363,0.005547062084538317,-0.001198248276633919,-0.004601670668658338
0.003480893337477123,0.0032662008679227787,0.003928980129596205,0.005547058885848109,-0.0016025803638326907,-0.00457225012757018
0.022596072644923252,0.0056061239825690974,0.26456354078728944,0.00554500849647084,-0.26457535308137287,0.014567417545496782
0.08025547874001493,0.003638907989241446,1.058744565969457,0.005539497165483999,-1.0567840052769704,0.0723004879763198
0.16840135013726648,-0.024031622556534325,2.294982431030438,0.005533012148405195,-2.2653434685085965,0.1605584787252028
0.27758739690990636,-0.09951243850609491,3.8640848089626214,0.005528216331885085,-3.7589553011990087,0.26988278426546924
0.3992746772137589,-0.23701699076279703,5.663140313502788,0.005527073116648455,-5.420495437441322,0.39172368354542464
0.5294691250993336,-0.44610090601653607,7.648286045337594,0.005530762198827638,-7.19654571358461,0.522082404512912
0.6576363571525897,-0.7144778164327907,9.665624972726825,0.0055394176253749676,-8.945496401931955,0.6504117754400366
0.7845795212138231,-1.0416860199676043,11.728014580403874,0.005553016451249736,-10.68066661709899,0.7775164775549448
0.908804564942093,-1.4215148438836767,13.811138825842901,0.005571325503788168,-12.383951119558434,0.9019010541862273
1.0315562504280937,-1.855631612049352,15.936045021248905,0.005594494309022863,-14.074729786777187,1.024812357556767
1.1526763808991598,-2.342321612355613,18.10125411748728,0.0056225636811639435,-15.75323829448941,1.1460925025238127
1.2709821174452849,-2.8751527980868063,20.286236257545834,0.005655302385870919,-17.40537893429576,1.2645575781608451
1.388025564177723,-3.459962734534944,22.520892568752004,0.005693251384120264,-19.055215131517325,1.3817622985215223
1.5026340175679471,-4.090323614716473,24.78476902254607,0.005736217181170383,-20.68872076529572,1.4965329010657533
1.6155736990990632,-4.770134188442729,27.09528798478205,0.005784724777684261,-22.319419383923375,1.609637283954688
1.7268778547793042,-5.500077064655305,29.456523287782012,0.0058391385045330575,-23.95070220679071,1.721109423298817
1.8357779125339564,-6.275593670715223,31.855594295240284,0.005899464741538184,-25.574247235266657,1.830180297111257
1.9420791415521095,-7.09536480969635,34.29103927447167,0.005965962156074667,-27.18991194875941,1.9366555622239778
2.0466104264120766,-7.967136389190817,36.78662264221876,0.006039711808825137,-28.813714783951706,2.041366341226479
2.1490745174451713,-8.890652269578995,39.34142272785944,0.00612122916122615,-30.444990234086642,2.1440159217396335
2.249020910725807,-9.864312497688157,41.95084133240245,0.0062109756092753,-32.08074009047964,2.2441541348921694
2.3465226050992127,-10.891690164711274,44.6241511953918,0.0063099659976545,-33.72666399378469,2.341855411344753
2.442033164443293,-11.982589234810224,47.384859617871655,0.00642002823245666,-35.396465241081025,2.4375759969413004
2.534147190616105,-13.125664463475225,50.203011561368896,0.006540975253514256,-37.07153415609084,2.5299092313202847
2.6176034402110995,-14.251344402772293,52.9127349625935,0.006665908967711478,-38.655570565734806,2.613581551636495
2.689759396555441,-15.305668227554582,55.3982479353935,0.006788371074656349,-40.08675362741133,2.6859408813588947
2.7501759143355775,-16.256205494068006,57.59987325492747,0.006903462002863935,-41.337836592142594,2.7465421496974938
2.7972908669879777,-17.04754326628781,59.406550424579535,0.007002806431968948,-42.35317202650243,2.7938122670845598
2.831693016693299,-17.656984505010936,60.78276923548444,0.007081568808919235,-43.119946707675034,2.828334922975435
2.852425987064213,-18.038426572464456,61.6377891158103,0.007131876312201209,-43.59352277933153,2.8491438113801464
2.8603987359438046,-18.188181803992737,61.972159259484826,0.007151846052428526,-43.77813702212427,2.8571464783078757
2.860930355855715,-18.059738019573373,61.686561312539816,0.007133492514579295,-43.62098281600173,2.85765164726448
2.8609403988928603,-17.733827231120106,60.958611575465824,0.00708742737257029,-43.218943868973774,2.8575948005521354
2.860958124878906,-17.150345609046433,59.64653265739635,0.007006328338540096,-42.490346575823104,2.8574935289599153
2.860980986504038,-16.38150714400859,57.89982191240975,0.006902142802893065,-41.5124742996129,2.857361008290121
2.8610081191042127,-15.444537021764324,55.74186503568675,0.006779153224979414,-40.29148754968187,2.85720067288068
2.861033947259707,-14.52755367890119,53.596637003361415,0.006662813459565201,-39.06324286467133,2.8570446619982484
2.8610540357249565,-13.797004198691614,51.861795124708294,0.0065728894630276815,-38.05895046978255,2.856920772702499
2.861070440056478,-13.189167643620847,50.39975733626557,0.006499858616645315,-37.204749239378486,2.856817809892623
2.86108200733469,-12.754457212740391,49.343131887351355,0.006448597922943198,-36.582834223475196,2.8567441666226148
2.862678553298441,-12.5011078584463,48.78214978539774,0.006423591747566713,-36.2752013436192,2.858298936726749
2.8763663339994734,-12.127033426916354,48.370937387304615,0.006418715835185795,-36.23806223103416,2.8719805867235526
2.9092070371366785,-11.253203590466272,47.420938942330466,0.006408068401843671,-36.16189087433304,2.9048083453021953
2.9601655880057334,-9.956865403494266,46.03790440900714,0.006394081687413916,-36.07519026772488,2.955751082657725
3.025658032832259,-8.387154455160916,44.40520306209039,0.006379953108185499,-36.01219440111003,3.021229721960559
3.084570713111075,-7.0581653318504385,43.05879270097693,0.006370325647578618,-35.99476825167769,3.0801352256401815
3.1273038550485155,-6.138790136127429,42.14662567263482,0.006364889713688388,-36.00197286053796,3.122865798859811
3.1604103564883905,-5.4504664283316595,41.474007617334806,0.006361465286966023,-36.01767575858775,3.1559716511115234
3.1779056830078587,-5.094670982650814,41.12975719516233,0.006359907788690818,-36.029219327344016,3.1734670638829146
2.818844831108185,-5.063639645487052,41.09984876669591,0.006410391366335447,-36.030372167021106,2.8144360081723683
1.9428944128159613,-5.0229057710681175,41.060648728097426,0.006532482846556496,-36.03198008432621,1.9385575515433966
0.6440342377529421,-4.990111551360252,41.02913633087832,0.00671084252114748,-36.03337450790141,0.6398024252659168
-0.8653610585236623,-4.993392875990347,41.0323561888724,0.006913961935446151,-36.03344796595238,-0.8694733744279709
-2.1080114469311853,-5.029464130145893,41.06713118396566,0.007077736535870802,-36.03226600651187,-2.1120275333040106
-2.915674086064576,-5.069089559791948,41.10533750802509,0.007182474618249659,-36.0309227186042,-2.9196286919484176
-3.1799380334312835,-5.115864437071551,41.150437335217816,0.007216348919371445,-36.029272734046145,-3.1838728764195325
-3.1574545135022043,-5.573742895217825,41.593923487740184,0.0072121837891389465,-36.014878288156325,-3.1613932293593434
-3.1109235797914727,-6.551475009437292,42.554272918578555,0.007204666658024744,-35.997491178201855,-3.1148684329802503
-3.0476024098096266,-7.95066258321515,43.95955338100165,0.00719707060212579,-36.00357804911597,-3.0515511271309292
-2.9794203141757505,-9.555283032222237,45.61609102929076,0.007192900530372684,-36.055488776579324,-2.9833663664108885
-2.923629539898238,-10.953046542590046,47.09824530344359,0.007193206643339486,-36.13987425076088,-2.92756710181907
-2.885824992328676,-11.948257221447292,48.17574869885158,0.00719565929916537,-36.22216338606783,-2.8897530100070887
-2.8675355328012095,-12.444919167486127,48.72045690082084,0.0071975881352362775,-36.27020791031797,-2.871457685521874
-2.7424531143737143,-12.537034084720764,48.82193773704514,0.007182238934346576,-36.27956199326927,-2.746383430307227
-2.104965284763878,-12.499941952620947,48.781052769719814,0.007098913474880197,-36.27570927593197,-2.108945281609421
-1.0081401626028617,-12.458994338227667,48.735958576135786,0.006953860173940711,-36.27146141569623,-1.012206389195761
0.41267944548231217,-12.448927099217213,48.72490802290501,0.006762818118790771,-36.270350254006374,0.40850009045652597
1.6721016529251944,-12.480491156408236,48.75971704118371,0.006590573891583472,-36.27348510881763,1.667820677769496
2.5197071662176977,-12.523185153127145,48.806806562787976,0.006473150450548469,-36.277808259389396,2.51535709811065
2.84374076116941,-12.544124462904204,48.82991174828072,0.006427943812030733,-36.27994684157947,2.839364130786049
2.861093711452715,-12.715114029725092,49.24716344012917,0.00644517114206884,-36.52620750784896,2.85674882419314
2.8610824292092367,-13.107863586014632,50.20299978962232,0.00649099613829214,-37.08929429920966,2.856814179872323
2.8610651359126607,-13.704350769308627,51.64010280562926,0.006561833068943755,-37.92991012913122,2.856913441025642
2.8610420948429205,-14.488387780246688,53.50412274867823,0.006657260979898577,-39.00989305758183,2.857044083408721
2.861013729200291,-15.436117926893644,55.722163431475096,0.006776262351937977,-40.28020358931131,2.8572025698303336
2.8609787928220953,-16.576112551729867,58.34357852179705,0.006924919578030927,-41.76162404947084,2.857394537212094
2.8609609528862863,-17.14639001372348,59.63715723380152,0.007001648706602325,-42.484925296808285,2.85749129620904
2.8609425215435804,-17.727229777993724,60.94340093792733,0.007081453617559462,-43.210329233931986,2.8575904389927342
2.8609318106977826,-18.06082670660748,61.68860187702383,0.007128069772138915,-43.621933242840754,2.8576476818557532
2.860927377243754,-18.198126026737498,61.99434475027867,0.007147411467463066,-43.79037679531669,2.8576713044002795
2.860927377243754,-18.198126026737498,61.99434475027867,0.007147411467463066,-43.79037679531669,2.8576713044002795
2.860927377243754,-18.198126026737498,61.99434475027867,0.007147411467463066,-43.79037679531669,2.8576713044002795
2.860927377243754,-18.198126026737498,61.99434475027867,0.007147411467463066,-43.79037679531669,2.8576713044002795
2.860927377243754,-18.198126026737498,61.99434475027867,0.007147411467463066,-43.79037679531669,2.8576713044002795
2.860927377243754,-18.198126026737498,61.99434475027867,0.007147411467463066,-43.79037679531669,2.8576713044002795
2.860896805110418,-18.19793138685955,61.993681500435954,0.0071473403501643865,-43.789908292165904,2.8576406797605403
2.817596292801479,-17.922255288681395,61.05429471760067,0.0070466141289003215,-43.1263488923466,2.814265800571369
2.773527925700015,-17.64169058291217,60.09824964125402,0.006944101713718304,-42.45102248936482,2.7701217478300943
2.730946827595723,-17.37059469153379,59.174470253324564,0.006845049003239538,-41.79848776413716,2.7274675184103976
2.662451753076032,-16.934515442556584,57.688497818771346,0.006685714859977113,-40.74883388903781,2.658854806367924
2.58313699503557,-16.429551832229386,55.96779680591966,0.00650121182659753,-39.533373599177054,2.5794038284354266
2.5038836461900678,-15.924979188344755,54.24842804026354,0.006316851644094978,-38.318854375515706,2.5000143651657
2.4247243162347294,-15.421005123077634,52.531098975711316,0.006132710169571351,-37.105775945854276,2.4207190822597817
2.3457491457260264,-14.918203523330764,50.81776517451465,0.005948997089174738,-35.89551967060547,2.341608275086908
2.2661528976423173,-14.411447784627704,49.09095735109592,0.00576383924995412,-34.675745682033266,2.2618753236633884
2.1872850888797952,-13.909329711834726,47.3799527187697,0.005580375915863598,-33.46713467359679,2.1828720626261555
2.1080385929073873,-13.404800697302619,45.66073262337325,0.0053960316746045735,-32.25272046689979,2.1034894639990562
2.0275942969199483,-12.892645795294042,43.915526749920126,0.005208901095195936,-31.019950554537996,2.0229070081838
1.9489270771985212,-12.391804788319405,42.20887381423532,0.005025904373971156,-29.81441347609962,1.944104680691235
1.8703641731649365,-11.89162791533002,40.50448396443969,0.004843150313271496,-28.61047498510341,1.8654068480444914
1.7911349753648982,-11.387209030965206,38.78563914576919,0.004658846311248559,-27.3963258645281,1.786041577298673
1.6312614055127037,-10.369361444677704,35.31724788581543,0.004286946310243643,-24.946340762707695,1.625893431050325
1.6312614055127037,-10.369361444677704,35.31724788581543,0.004286946310243643,-24.946340762707695,1.625893431050325
1.553338980359302,-9.873262230571305,33.62675296156796,0.004105682139939275,-23.75221730064922,1.547837177280361
1.4741125421580876,-9.368860915408234,31.907968011257505,0.003921384557331419,-22.538110469590645,1.4684746708728664
1.3947176052137542,-8.863386839818697,30.18552755010504,0.00373669501073106,-21.321421476823296,1.3889433763324706
1.3157501882032114,-8.360634603324266,28.47236195785796,0.0035529999666238485,-20.111284020182193,1.3098403359740767
1.2357628478703515,-7.851388945229385,26.73706954915072,0.003366932363469224,-18.885516732125005,1.229715620616271
1.1555783241788629,-7.340887903859949,24.997499328680682,0.0031804060697922082,-17.656727704505656,1.1493933832453866
1.0779308027650922,-6.846538885912324,23.312968327855604,0.002999781384182774,-16.46681700924255,1.0716125053511183
0.9985011747399365,-6.340843946843515,21.58977525799093,0.0028150111387339146,-15.24959639244717,0.9920464601493704
0.919566785761715,-5.838301985900002,19.877326195303688,0.0026313929248699044,-14.039965074420499,0.9129765045476083
0.8399254388627856,-5.33125912206263,18.14953997166104,0.0024461301761921368,-12.81949996832648,0.8331983768534758
0.7611952289419203,-4.830017083056764,16.441520489539585,0.0022629869263369137,-11.61299759556005,0.7543329509783507
0.6819187553267656,-4.325297213517536,14.721650041528921,0.0020785729506910353,-10.398123995992885,0.674920323223114
0.6027417640974148,-3.821210706368117,13.003937822910142,0.001894390392279504,-9.184774915852783,0.5956073487106589
0.5230873812868515,-3.31408484837978,11.275868790532952,0.0017090973192926322,-7.964110040720511,0.5158161627162409
0.4442063382141177,-2.811882518315775,9.564577045296735,0.0015256031993756253,-6.755296222883573,0.4367996446394037
0.3649030876135978,-2.3069921710049757,7.844125681615685,0.0013411269347541933,-5.54001227897196,0.3573601939104117
0.28567539836255745,-1.8025828909353439,6.125313590294459,0.0011568264419377784,-4.325886276180127,0.2779964343044637
0.20645772701778473,-1.298237390649471,4.40671883332421,0.0009725492529066882,-3.1119137929546037,0.19864270981013257
0.13572536158269558,-0.8479142540792975,2.8722092937065775,0.0008080106940898095,-2.027974517108715,0.12778886439551615
0.09269993446013772,-0.5739895072548425,1.9387903707062215,0.0007079243796044977,-1.3686306646684316,0.08468954284041877
0.049309231265308916,-0.29773920174777774,0.9974469337433257,0.0006069883551153982,-0.7036891331624797,0.041224317866156164
0.006194805727068256,-0.023247839549249947,0.062097226765422155,0.0005066950113449304,-0.04298142306448543,-0.0019641549558067433
0.0034238501217940926,-0.005606333969899755,0.00198248602410969,0.0005002491779696027,-0.0005178691637138302,-0.0047398695653660125
0.0034238501217940926,-0.005606333969899755,0.00198248602410969,0.0005002491779696027,-0.0005178691637138302,-0.0047398695653660125
0.0034238501217940926,-0.005606333969899755,0.00198248602410969,0.0005002491779696027,-0.0005178691637138302,-0.0047398695653660125
0.0034238501217940926,-0.005606333969899755,0.00198248602410969,0.0005002491779696027,-0.0005178691637138302,-0.0047398695653660125
0.0034238501217940926,-0.005606333969899755,0.00198248602410969,0.0005002491779696027,-0.0005178691637138302,-0.0047398695653660125
0.0034238501217940926,-0.005606333969899755,0.00198248602410969,0.0005002491779696027,-0.0005178691637138302,-0.0047398695653660125
0.0034238501217940926,-0.005606333969899755,0.00198248602410969,0.0005002491779696027,-0.0005178691637138302,-0.0047398695653660125
0.0034238501217940926,-0.005606333969899755,0.00198248602410969,0.0005002491779696027,-0.0005178691637138302,-0.0047398695653660125
0.0034238501217940926,-0.005606333969899755,0.00198248602410969,0.0005002491779696027,-0.0005178691637138302,-0.0047398695653660125
0.0034238501217940926,-0.005606333969899755,0.00198248602410969,0.0005002491779696027,-0.0005178691637138302,-0.0047398695653660125
0.0034238501217940926,-0.005606333969899755,0.00198248602410969,0.0005002491779696027,-0.0005178691637138302,-0.0047398695653660125
0.0034238501217940926,-0.005606333969899755,0.00198248602410969,0.0005002491779696027,-0.0005178691637138302,-0.0047398695653660125
0.0034238501217940926,-0.005606333969899755,0.00198248602410969,0.0005002491779696027,-0.0005178691637138302,-0.0047398695653660125
