Joint0,Joint1,Joint2,Joint3,Joint4,Joint5 
0.0012030646378880067,0.0037587694909503424,-0.0008135914459292528,-0.0022108647702068175,0.005128046395424426,-0.0033807906135704343
0.0012030646378880067,0.0037587694909503424,-0.0008135914459292528,-0.0022108647702068175,0.005128046395424426,-0.0033807906135704343
0.0012030646378880067,0.0037587694909503424,-0.0008135914459292528,-0.0022108647702068175,0.005128046395424426,-0.0033807906135704343
0.0012030646378880067,0.0037587694909503424,-0.0008135914459292528,-0.0022108647702068175,0.005128046395424426,-0.0033807906135704343
0.0012030646378880067,0.0037587694909503424,-0.0008135914459292528,-0.0022108647702068175,0.005128046395424426,-0.0033807906135704343
0.0012030646378880067,0.0037587694909503424,-0.0008135914459292528,-0.0022108647702068175,0.005128046395424426,-0.0033807906135704343
0.0012030646378880067,0.0037587694909503424,-0.0008135914459292528,-0.0022108647702068175,0.005128046395424426,-0.0033807906135704343
0.0012030646378880067,0.0037587694909503424,-0.0008135914459292528,-0.0022108647702068175,0.005128046395424426,-0.0033807906135704343
0.0012030646378880067,0.0037587694909503424,-0.0008135914459292528,-0.0022108647702068175,0.005128046395424426,-0.0033807906135704343
0.0012030646378880067,0.0037587694909503424,-0.0008135914459292528,-0.0022108647702068175,0.005128046395424426,-0.0033807906135704343
0.0012030646378880067,0.0037587694909503424,-0.0008135914459292528,-0.0022108647702068175,0.005128046395424426,-0.0033807906135704343
0.0012030646378880067,0.0037587694909503424,-0.0008135914459292528,-0.0022108647702068175,0.005128046395424426,-0.0033807906135704343
0.0012030646378880067,0.0037587694909503424,-0.0008135914459292528,-0.0022108647702068175,0.005128046395424426,-0.0033807906135704343
0.0012030646378880067,0.0037587694909503424,-0.0008135914459292528,-0.0022108647702068175,0.005128046395424426,-0.0033807906135704343
0.001238837783460033,0.003796343179589687,-0.0008121828203698,-0.002210841728038273,0.005170975574598549,-0.0033449301630476182
0.22315292141920773,0.23467482011860058,0.00927140123940239,-0.003959887545914087,0.2703850424385959,0.21910903238803095
0.8574445449244352,0.8696843969060597,0.05315489166179161,-0.03049910767052378,1.0160966606479085,0.854941854782579
1.7800745020510549,1.7312085008607012,0.15391420024555896,-0.12375429581677125,2.069855496435111,1.7798961864212344
2.9024561249140293,2.686717272838963,0.3301057142674277,-0.3206253234708118,3.305164030300795,2.905417411042378
4.0791624743596655,3.588113762652005,0.5713723885055462,-0.6202611848059618,4.5486910691471865,4.0859938988075895
5.299481336918797,4.423631899786811,0.8760043083015124,-1.0263036341716998,5.785734994710525,5.311149673345866
6.5446977254983985,5.18089889831012,1.23779786796982,-1.5352060720086456,6.995591596538783,6.56232357948186
7.784251842479748,5.847123915596534,1.6437706649016248,-2.13167018256821,8.149536040511348,7.808931949127124
9.050523829675262,6.444924338070663,2.1010270763784846,-2.8287498466554406,9.278245848178718,9.083594874008368
10.332553602698372,6.971770646783036,2.6036905671712485,-3.6202811948528413,10.370893608855614,10.375278396012693
11.628805389441032,7.430533604732534,3.149018747282128,-4.503984455966476,11.425604391830909,11.68230746204936
12.950689102342922,7.827651054420738,3.7404191507524294,-5.48725800280117,12.450347133137818,13.015933053723456
14.161002658731798,8.133101664794841,4.310902130879283,-6.456811357360867,13.344290930362616,14.237286582926533
15.100327392554622,8.334238688596956,4.771628194099451,-7.2529867113435715,14.009239654452704,15.185077307612728
15.639698260829167,8.436221509581314,5.042977978961741,-7.726840432644696,14.379774869290149,15.72916173606919
16.18462143797411,8.529555725650294,5.322025084838429,-8.217662708235014,14.745786220126668,16.2786687499818
16.35628284136362,8.551803937650611,5.399912313928687,-8.376813981294408,14.880177061596003,16.454549905969465
16.29176201838616,8.43628151028821,5.147674256610224,-8.35924401977858,15.253106175716093,16.445775783273398
16.372358400029277,8.377306204228168,5.101780421684146,-8.40352365308226,15.3454643874976,16.541998064411
16.981218476973186,8.202629037712013,5.240350172686242,-8.707141645532246,15.293091321456032,17.154683487268514
18.064121962109965,7.8734679534297785,5.502670642892424,-9.244697729125704,15.194754909826601,18.24391360482224
19.521463012383432,7.392163666508845,5.889056242461263,-9.962879085153496,15.051739925353454,19.708685398846885
20.942998136028883,6.878596939124022,6.305039577688042,-10.657175080909623,14.900050427613277,21.136075094810646
21.99696898767812,6.468623366563904,6.639849909046053,-11.167703695530996,14.7795547282191,22.19335798417667
22.596339390814723,6.223961385598044,6.840820167039701,-11.456327831923899,14.707872477651012,22.794170623486302
22.74907753977399,6.157556269661157,7.006706506697551,-11.523881005324597,14.580760360484687,22.92435544765799
22.803394921614913,6.116034663412188,7.6218150100495,-11.520495636052376,14.008174108027916,22.85953567628428
22.900438452496356,6.02603479451287,8.72827537002492,-11.517757698607577,12.993393631440728,22.74556661278334
23.024761103585835,5.881919902271684,10.159615514978768,-11.520194376667076,11.708146261347357,22.60265553297868
23.12948674632636,5.736283892325274,11.377101259813681,-11.527217858766797,10.637839493990162,22.484638275117327
23.195305731857967,5.633724883357732,12.14776846885882,-11.533841537231602,9.970657246076167,22.41143202681584
23.241969372245126,5.55600861219831,12.696629221551424,-11.53955704145488,9.500151740070793,22.3599419765499
23.272803570411874,5.592652310184035,12.759256128490785,-11.550728837770503,9.39703088225755,22.368871396474063
23.388366364632546,5.927122491292787,12.328847303125558,-11.608079844256293,9.469022948246025,22.49731447339236
23.63894979082614,6.638975313975709,11.418084055635433,-11.732144788497347,9.615648872494644,22.774579074173772
23.829001218998147,7.167563065571579,10.746261076027002,-11.825962422376959,9.718972705860518,22.98373995436724
23.91473154496506,7.412510297941211,10.415885538871736,-11.869016029036246,9.785821941713607,23.0825704873543
23.791648508333076,7.309622568276779,10.04016548346517,-11.828852908046258,10.278317826073986,23.06579887979918
23.54942990539142,7.08911889612061,9.304787722092346,-11.752540698657286,11.261388337143437,23.033658847981282
23.27728119778636,6.811996313771555,8.485524894225485,-11.671164870376522,12.388085488411656,22.999115511235985
23.10236341587288,6.616665872449354,7.96332489956997,-11.621389706897187,13.124956491207612,22.977917720456613
22.96180468010889,6.449526539768042,7.546416912467477,-11.582872417600301,13.724460432779189,22.96151767413771
22.830064006593084,6.2843185184340475,7.158009808982698,-11.548052420126773,14.292491175894652,22.946678494121553
22.746178885690057,6.174725932027165,6.911954585625932,-11.526505864730312,14.657280638475273,22.93753175536579
22.83103381286955,6.436410105515061,6.54042219449763,-11.57265251588895,14.748373158739124,23.043989681849485
23.072952290324604,7.135482848474812,5.647110506873076,-11.698066730831371,14.891047406440537,23.32345250101108
23.448425525591603,8.189941733251143,4.312576146726355,-11.891621424640006,15.090324407304157,23.753978201656576
23.931136217209655,9.49434732936759,2.6834038366644717,-12.138483301215635,15.309804137396878,24.301983934468417
24.36980305634789,10.633403919785245,1.280527349976164,-12.360880832331306,15.476588574265088,24.794878694206304
24.682809813132177,11.420976912269722,0.3214061130122755,-12.518437537972614,15.5781145097995,25.14372926533486
24.925636002998385,12.018347004449694,-0.40016661234905904,-12.640024133063976,15.647569098764952,25.412780611678116
25.135106057917497,12.524346158430278,-1.0073055347539637,-12.744443568527567,15.701121771208825,25.643806650349944
25.193938810213268,12.652595834253534,-1.1208776034887573,-12.771077665089752,15.674088993998659,25.69882991273654
25.194402132373977,12.568155061100503,-0.7493141451044476,-12.753636947603772,15.393960126069462,25.633443668160496
25.195647760732957,12.351109883741538,0.18013075788407282,-12.712009311084298,14.698808494348818,25.472083892571426
25.197672530145912,12.020584806877633,1.535867640431355,-12.65597453388953,13.698180349588688,25.241858904364552
25.200494893844965,11.597597487831134,3.1846585858434886,-12.594946417215532,12.501412544664008,24.96951950057878
25.20325630969082,11.214645145080983,4.609328676832547,-12.548062716934389,11.48408577091064,24.740383655414202
25.205393105038464,10.934766879234019,5.616162552091559,-12.518010092660086,10.77400551836463,24.58164831092061
25.206628172176917,10.779138975875036,6.164895789052087,-12.50268631538569,10.389975562455524,24.496201674580213
25.22357918515972,10.778227252691918,6.260410449184893,-12.506764224658324,10.294109116150373,24.49145774308415
25.373625915886972,11.141503591128094,5.81898835262798,-12.57922884225178,10.339264578452905,24.651050107602874
25.717913941060907,11.957578198926717,4.834351676414167,-12.744880883308362,10.431499934282098,25.015427877481187
26.079250600559728,12.789949333929874,3.8396645219345524,-12.91782990050077,10.512885782502345,25.395251803639663
26.368603178721305,13.439554911712461,3.070144315570051,-13.05565899723492,10.567408004286193,25.697546475310894
26.580518251999468,13.906189867861764,2.5210192567821124,-13.156225321705215,10.601662441242063,25.917934213839903
26.60116521708546,14.000259330334716,2.297872673834065,-13.171193462366666,10.722850232387081,25.96748998291624
26.406154682969518,13.851860518265084,1.8115327771424519,-13.110021649748566,11.383583144148183,25.92851187755698
26.08065593838383,13.579428571135846,1.0026532801702919,-13.012034217983489,12.507923284966578,25.865413240480205
25.7709175661264,13.289867110169864,0.23704766565712745,-12.923809166027505,13.603596431505062,25.80791822127271
25.566019471658652,13.081155268902801,-0.266782563923298,-12.868301643026635,14.342687205194636,25.771388256676925
25.40100595605711,12.902678628628353,-0.6707741783752177,-12.825298016712338,14.946387221891545,25.742937570649698
25.249751070030648,12.73054001230818,-1.039554153654437,-12.787321899095003,15.50664550362292,25.71764950325955
25.135220985236693,12.690314203997579,-1.1938031705127061,-12.745726229381999,15.721117690068894,25.648672652420604
24.59512243972252,12.919297026980887,-1.3610880394681715,-12.48837637415667,15.776553261924343,25.098105433952977
23.563887464769305,13.338014576592377,-1.6650657361360088,-11.993990886889,15.878628499719154,24.046766876226133
22.154109867818867,13.872763735617752,-2.0497038862956276,-11.312039955849308,16.010417479779615,22.60934314100054
20.586397673347058,14.41869287895429,-2.438267257455332,-10.54594370092936,16.14677330310228,21.010783115554993
19.33499319523533,14.819253462585014,-2.7207247832060917,-9.92894550339801,16.248093670076752,19.734744492589147
18.52231525003827,15.063191516338195,-2.8916432616232615,-9.525805890150053,16.310364069871973,18.90608456491295
18.149875605062164,15.17088487050649,-2.966840226875719,-9.340443248189981,16.337995491555898,18.526327368469545
18.143792758697103,15.083151308914852,-2.5935059671709135,-9.32395929186428,16.05714104181991,18.471979709685638
18.144574919819462,14.865412760708937,-1.7046306351415397,-9.293768650333776,15.394708277264362,18.359975219800074
18.145898522690057,14.526199989084821,-0.37198551449735545,-9.251813619514445,14.41403323685234,18.195640412342502
18.147768384387867,14.09060990449391,1.2613573275241976,-9.205451855710704,13.231475576831025,17.9996562475142
18.149634963946912,13.69440506292266,2.684387484298501,-9.169336036049598,12.21751966520243,17.83339688641162
18.151128217434405,13.398638141769684,3.713777222507049,-9.145552992315395,11.493007068693403,17.71553941235645
18.152113214400227,13.211773104787554,4.351185514999324,-9.131768364440834,11.048026460776308,17.643519895301424
18.142727390866295,13.147882683866696,4.497398971930733,-9.124649286798547,10.968165399672396,17.621212076436276
18.055727971648494,13.052936825294642,4.1827814232175715,-9.095171425372296,11.385702280485365,17.603804086244537
17.861273607611714,12.824064334517553,3.4810796005644473,-9.031246623093796,12.333985818053023,17.565717267306976
17.653228938423872,12.553003548511741,2.733221094670055,-8.965855538809032,13.371673789219562,17.5263912547838
17.51514913431126,12.357205695253104,2.2389039320961013,-8.924287295491222,14.074138849043614,17.50118343462417
17.400426755798442,12.184494247295698,1.8296573045943583,-8.890900070997933,14.666290687212589,17.480831373554295
17.29307460635845,12.014338885302264,1.4480460952925849,-8.860633328241668,15.22753920480289,17.462307017373764
17.19423030479518,11.850059254220671,1.0979667009271934,-8.833626069499473,15.750577994663162,17.445732178124075
17.241437541346286,11.765098405783153,0.9883662598370929,-8.865540659645472,15.93577151437192,17.52411982106437
17.783256307119952,11.608915309270674,1.1047997046419573,-9.135589971785784,15.892378653736014,18.073375465883924
18.8247558071761,11.29252364068228,1.3417349462864452,-9.652406173982548,15.804908867431767,19.12896339247046
20.249308097214072,10.82456860558753,1.6947772557118443,-10.354202768827214,15.676536418962046,20.57227753721752
21.70014338678944,10.304552654964013,2.090747969602301,-11.062466985603647,15.535162899577484,22.04149062822426
22.79530161079056,9.881749578049366,2.4155342289593014,-11.592471568822189,15.421117678880742,23.149929082414207
23.498128239434962,9.59621561348632,2.6363141263742955,-11.930403228347728,15.344514568535276,23.860964745135902
23.87114071724526,9.44003769887458,2.757566871687113,-12.109028993738862,15.302747962715753,24.238222987696197
23.993237067128614,9.535178358231285,3.0034106510524183,-12.14731338349331,14.944324858400737,24.284813749258664
24.214608749785693,9.796525403548863,3.597905992130823,-12.204819887839287,14.062224446893355,24.31618762937941
24.522414621106567,10.127228703164189,4.431654936031864,-12.289917944294029,12.860898075218032,24.3623207502298
24.7444118913818,10.343423686386032,5.03748921067236,-12.354772094521591,12.012027363299177,24.39723598603047
24.94635521455841,10.524619498997225,5.5914631869733,-12.416201704649344,11.252269841332135,24.430060716071566
25.126476013899556,10.67432960436797,6.087622811370338,-12.47286775869107,10.584338341541349,24.460119636839252
25.172458700836657,10.744457541216715,6.3077336511212705,-12.48258835010722,10.29145019982437,24.44004716505346
24.760723172288667,10.82334231107363,6.284698593876489,-12.289600447094115,10.321391849366716,24.03715269455111
23.811875981136396,10.993413803281845,6.240288608024519,-11.842677938568087,10.388020566778197,23.10924615229673
22.422016444712785,11.214492524927763,6.195870457441098,-11.182910556618898,10.479748643079539,21.751408929739767
20.72124569955389,11.440973218303025,6.173703495960716,-10.36776121309502,10.58232482359252,20.091920772010173
18.774068542633582,11.642421243250952,6.190315215168601,-9.424773914760983,10.686310013540195,18.194710159267682
16.70906710319056,11.790678980618743,6.255195398262155,-8.414460914603923,10.780417376224165,16.185674711745534
14.641206361276755,11.873307927040281,6.367728586479052,-7.39333219377455,10.85736293471096,14.176761221658618
12.57017287511214,11.891297156197519,6.527388635747222,-6.362412518419253,10.916452216424764,12.167529422139426
10.711560954475392,11.852921502109885,6.710481827965099,-5.431233091244283,10.953627798319099,10.366638696106854
9.10990457554812,11.778635518592699,6.898652576265388,-4.6249404333583275,10.973224263984399,8.816391293017697
7.899578619366884,11.697198278359993,7.059700908859278,-4.0136533901150475,10.980186009459333,7.645922014986275
7.162164371198095,11.636878062770679,7.165872183808147,-3.640491879707343,10.981047685377149,6.933214342244624
6.885275358493498,11.60060815110421,7.165702197627582,-3.500879140103492,11.033760064622296,6.668991985999034
6.842953863981852,11.478181339334622,6.7601939550983605,-3.4858633822451153,11.563149738412854,6.660956622895138
6.762667235759739,11.22523690350896,5.992923708136868,-3.458302375367726,12.5861021674287,6.646082099222108
6.689124538770637,10.9688165296411,5.292992963954323,-3.4341443078025846,13.54493830904999,6.632934128588384
6.633384401091643,10.757810069681954,4.764798942446658,-3.416550964012893,14.28601150601702,6.623319067822491
6.587242916548159,10.571751482597067,4.3292773570588565,-3.4025021382467084,14.909124369253995,6.615585326860773
6.545716622418259,10.395157941514418,3.9388742992145254,-3.3902417334921053,15.477497742060692,6.608838786500574
6.516655422311979,10.266243942527726,3.666598632712824,-3.381899423913984,15.8796436765519,6.604232206554912
6.813815012234085,10.221733814977894,3.6654174459347866,-3.5361139891706244,15.907922955971534,6.906467310820007
7.646486263458887,10.124368534385594,3.740022353084446,-3.965914598746969,15.87774644009008,7.746710549848209
8.914011543059267,9.953845822643647,3.8710103057735843,-4.618567852048695,15.825039729776046,9.025542122317578
10.495388252949652,9.70274402828549,4.064654458727123,-5.429678780100636,15.74774959026298,10.620580315614358
11.88684167658704,9.445832244660348,4.263715209574956,-6.140035848800714,15.669052756919262,12.023563273135588
12.896387566590509,9.237862034678923,4.42554905190434,-6.653216605575992,15.60561801654042,13.04113529908717
13.43842480280268,9.118557626121525,4.518667900662492,-6.927917715795531,15.56933344698433,13.587349533011038
13.576119626928472,9.134525801806214,4.629390996520973,-6.993086020256348,15.427371085612767,13.709229337763972
13.678917259760286,9.350802682933338,5.105299696267645,-7.022050755849478,14.728180682461714,13.7242488761371
13.823270004972363,9.632826001777977,5.777936874838436,-7.064671075696361,13.763607169170557,13.74628874785264
13.930860843712637,9.827280078403106,6.282193487617581,-7.097851187290311,13.057450674466674,13.763377388017862
14.030900708249249,9.996519916800612,6.753020548638736,-7.129750978068414,12.410417631126172,13.779725079316126
14.145959938982097,10.177957277430766,7.2965949028855634,-7.167635036757197,11.67734576261814,13.799033483721745
14.229019771797065,10.300477477735448,7.690206570631021,-7.195748638169923,11.155364848592514,13.813285192581366
14.299288744282192,10.39876653226731,8.02389902131207,-7.220031522919179,10.718414466478793,13.825522097308859
14.299917694555404,10.399762218452146,8.026891656649411,-7.220227112075584,10.714381825472772,13.82563700721499
14.214622372318425,10.279915491691256,7.621958159869913,-7.190804144681855,11.245182408459911,13.810787643059992
14.053071791677892,10.032690787674031,6.85775910601625,-7.136918812166824,12.267934538346278,13.783387942554247
13.917177106858293,9.803387972637548,6.218166776133141,-7.093538145125984,13.146281052456857,13.76113577820067
13.828053263546936,9.641834845226773,5.800607394971545,-7.066081115892834,13.731550655075091,13.746999987840274
13.741456356695783,9.47607367123033,5.3964810607921105,-7.0402066570784605,14.307388836159372,13.733619348606215
13.651461828235798,9.294336559850775,4.978346294822033,-7.014160226303049,14.913409949694136,13.720126666252732
13.578131254742939,9.13887924586151,4.639148322328377,-6.993597495843712,15.413048834145652,13.709459196798866
13.573485413982059,9.1736118095239,4.439375798034618,-6.996835856619347,15.577411604059261,13.725657985361613
13.678505542785006,9.675157094677209,3.827565492805945,-7.053561643987089,15.674377792837374,13.844849141467162
13.87557905136395,10.595061171779765,2.715208872290676,-7.159666589565519,15.841620802161124,14.067266128571209
14.078845145643015,11.516418315152185,1.613784154424301,-7.268594788978093,15.995419096991583,14.29491016140314
14.222361521239984,12.15108795369677,0.8624595357089603,-7.34520325379777,16.093344122501467,14.454631643663268
14.298159540401189,12.48120483833264,0.4740532896181927,-7.385558238387059,16.141695754336926,14.538641813359979
14.310331084013088,12.48753481760147,0.6009112776953799,-7.386736762954298,16.00809099576244,14.53305243863817
14.327619295422357,12.367160457144731,1.2917483294853926,-7.374786171753695,15.440192237396547,14.474246317924155
14.356813826596351,12.150537731883123,2.4641761741794257,-7.3566723230915425,14.48864130207606,14.376475155750413
14.395543399959058,11.838133037307395,4.030716607535012,-7.3364212192138085,13.240017809251038,14.24947481573645
14.43185033468087,11.520395788450111,5.510335807661534,-7.321165002390349,12.083181565009331,14.132969848216097
14.458101008097843,11.276270795311351,6.586444283967667,-7.312293773758178,11.25477998981185,14.050145316994321
14.471446516867026,11.147646107019252,7.135618332553194,-7.3084356195081535,10.836033525755406,14.008443680006748
14.491573068896738,11.191216083617848,7.174594587808126,-7.316384135851641,10.751727416441323,14.017040195168574
14.586024798738661,11.595159869142302,6.6952101512303015,-7.364856653638278,10.815108601315684,14.117356334264759
14.78910670135998,12.445069577623881,5.694546124110329,-7.468842333174694,10.939705238793502,14.331958426397943
14.992411259014698,13.272031322308273,4.731121889417734,-7.5726150610212075,11.049688524216233,14.545359898339708
15.111003461309627,13.743924950188575,4.185871332501908,-7.632994635076797,11.107479744374258,14.669186872643403
15.13409730838249,13.881491421162547,3.9277759577706166,-7.647535315138339,11.22402317234126,14.707729295457145
15.0233456829873,13.734724128922839,3.456793540695076,-7.60958525921974,11.850322681143187,14.684599784036719
14.838829555834751,13.467105462311125,2.673817748191752,-7.548617501658506,12.915046145482751,14.64708114818043
14.70123586769014,13.2478063392871,2.091790057754113,-7.50506387078298,13.726810757491542,14.620026035444356
14.602070749693254,13.078750439676787,1.6735527290550698,-7.474724654312566,14.321572599496506,14.601073816483519
14.506940959728807,12.907608874847842,1.273467821248294,-7.446475918634952,14.89992008213031,14.58335080191803
14.401784871578313,12.70770054434209,0.8326910763710774,-7.416295972772367,15.548424229641018,14.564306688433422
14.323601649637094,12.551602436283519,0.5061069217341677,-7.394567225838673,16.03688406553187,14.550552118299265
14.120523295892298,12.558299637409297,0.40235828551246255,-7.2958034689944276,16.158508422013345,14.359233511021339
13.405915213094518,12.715152603227292,0.2875358930566284,-6.9332585016380515,16.20305687279217,13.634328923158108
12.205910903222959,12.958535821805878,0.11005922433491852,-6.322132796570973,16.27253061303156,12.416888554524341
10.690198999598975,13.230958259487974,-0.08760142497650131,-5.5464346329005005,16.35081700340081,10.878931127183733
9.139656168869331,13.470232828990431,-0.2603474624615151,-4.749047038364424,16.420053743024564,9.30542270390671
7.94835843419708,13.627550841920142,-0.3734836898050966,-4.1341013298724,16.46582798116234,8.096364260121312
7.215662812571666,13.713028039141221,-0.43480841080113036,-3.755014124170766,16.490785484268905,7.352703426022635
6.885592513568867,13.74284801589743,-0.43653544236259256,-3.583713768058197,16.483325978384272,7.016513660357591
6.885757957613756,13.62925824099984,0.016374069555278103,-3.577571281687733,16.144659204108486,6.99458602978324
6.886151674741059,13.37851831035398,0.9920141063019663,-3.5650232669244977,15.421124425117247,6.948063458959303
6.88677881380241,13.004523297840183,2.3950176142610378,-3.5483399846529684,14.39404408853204,6.882623539769778
6.887624473937603,12.544449440663206,4.048661989345226,-3.530674893191493,13.202677775391262,6.807580356373365
6.888433239170025,12.139003200883693,5.450653635711635,-3.5172771190716086,12.20795042467127,6.7455783638281615
6.889057145861135,11.842774937471964,6.44685479671474,-3.5085702689282408,11.50924859261319,6.702349981245966
6.889457341662959,11.661074089391498,7.04740171922689,-3.503654631146653,11.091155103090829,6.676614325123702
6.892726139140083,11.641139762583968,7.172974443293632,-3.504041457367645,10.985525195895523,6.673180764292877
7.024593103155948,12.811124466931386,5.808106746321645,-3.573115070595572,11.172337562376095,6.812432320501433
7.024593103155948,12.811124466931386,5.808106746321645,-3.573115070595572,11.172337562376095,6.812432320501433
7.153079598542703,13.908080162415393,4.54714248223363,-3.640215376198743,11.328353473159515,6.946922872896333
7.250289712306575,14.711665767159507,3.634922939805721,-3.6908404087435525,11.430860503080817,7.047920202764787
7.298372303806405,15.101157068569291,3.196294149546744,-3.7158266598788248,11.476950700667189,7.097626384065984
7.283138469406546,15.105913226663958,2.920350931242945,-3.711705064682415,11.7485065110677,7.100829471667564
7.211037959670894,14.903819451382923,2.3044174255820815,-3.6864774291557185,12.569260745385066,7.084677391804713
7.112372873506754,14.597540269085815,1.4627921779753545,-3.6533691486600337,13.720859092747952,7.063248825064696
7.0418416841787055,14.356148547173737,0.8626692124998471,-3.6307321065448814,14.564986897055359,7.048493873722047
6.989021675162562,14.162428168455317,0.41432903497773593,-3.614407471349565,15.208987817621987,7.037752494207456
6.940559610643145,13.97448272903585,0.004047233585569478,-3.599897630739752,15.80898313048887,7.028170750647921
6.898764142189373,13.804278152588735,-0.348842574520814,-3.58775839750962,16.333592686668524,7.020127223979324
6.895185745446677,13.834851548705627,-0.5591763597176228,-3.589212704634654,16.513218734303063,7.028244158937218
6.951329840579015,14.329652642329421,-1.1241697438574707,-3.6195850235135953,16.579840639662656,7.089736589504401
7.062291648534007,15.285074601720577,-2.2043135385357444,-3.679410658523251,16.697439902861284,7.210551797048379
7.193684411861784,16.38007785015852,-3.4248486242811818,-3.749943272904521,16.81440075621081,7.35247124730056
7.193684411861784,16.38007785015852,-3.4248486242811818,-3.749943272904521,16.81440075621081,7.35247124730056
7.303152270495388,17.243605366113155,-4.314505147511493,-3.8071652138623775,16.833451094556274,7.465469435153503
7.30324007471356,17.17416959099959,-4.037569734831699,-3.8030551881015406,16.6264036251375,7.451170350783194
7.3035295540686,16.95981850873009,-3.1992338514989638,-3.791095109966791,16.003769353130632,7.408398911087896
7.304045483760439,16.61310125057312,-1.8891273997644442,-3.7737211472185423,15.042443622705026,7.34296437896007
7.3047825825524795,16.164554173101813,-0.26506609980969925,-3.7542040374371424,13.869416467337231,7.264005192589753
7.3055356390883235,15.748465670284222,1.181872731180528,-3.73858812509448,12.840720573459265,7.195513133050152
7.306151057072902,15.435039363667387,2.2394685456042445,-3.728199870970811,12.098090370427455,7.1464925295168795
7.306564247041016,15.233695163880222,2.9059072349155097,-3.722059830257738,11.633952308803423,7.116015574178856
7.3066968219127,15.16955667628677,3.116256777149637,-3.7201741711676632,11.488041566703986,7.106453341426528
7.344959172128249,15.473884915916548,2.7786671176022595,-3.739986767982719,11.518871555779418,7.145655901743332
7.445670786251777,16.263338849125763,1.9011051341838892,-3.7921645438905696,11.600513250973242,7.2489874426176675
7.596177298617327,17.404640960698945,0.6491439763082546,-3.8699205803395187,11.701361523870464,7.402286190570117
7.71671484197358,18.287408374840282,-0.30562798622260173,-3.9319739489272205,11.765411017023842,7.5240785724986186
7.773890506844527,18.69682674100982,-0.7443836167896953,-3.961345729568943,11.790939921403352,7.581561806951769
7.751845508088953,18.667143670906224,-0.9869410998951795,-3.954131773730113,12.06398021886782,7.579388150159749
7.673190460137772,18.466091658323453,-1.584820117259945,-3.926341050115746,12.866179145610053,7.5588868881820375
7.563873876053184,18.157015114727038,-2.4164437388552,-3.8892065665574633,14.0113714546869,7.531205190575293
7.48710923935141,17.91800438265922,-3.000366909618088,-3.864222842893053,14.837423771702367,7.512399086645831
7.428512312497499,17.722561800077337,-3.4457804656246567,-3.8458097794786372,15.480638609660755,7.498420576342101
7.373382066548518,17.527918955535224,-3.8643442154347682,-3.8290002055669214,16.096048688484167,7.485614291033911
7.322253427090167,17.33772146810377,-4.251991137303496,-3.813911080022256,16.675920272600404,7.474024957255985
7.348847286173647,17.259367327920298,-4.3933883227190815,-3.8321110873679145,16.89346196855127,7.516332726335388
7.854798934711046,17.203208260038586,-4.355816009683992,-4.094473865238984,16.877979783763013,8.031935123037886
8.861464136235139,17.07972088988298,-4.273044357834692,-4.615554939588669,16.84405353432184,9.057835869633932
10.273032949448643,16.88031739503992,-4.138944569402997,-5.343929043747444,16.789602060886086,10.496459341022288
11.94304181665756,16.60403591150547,-3.9522386861739824,-6.201671929472028,16.714815086309507,12.198613466811471
13.379902851402928,16.330431035773156,-3.766304536496478,-6.935709284718686,16.64147768141652,13.663260333617844
14.425502032457644,16.109907858537255,-3.615691527941944,-7.46729801696847,16.582873240657875,14.729156228281942
15.01130190617328,15.978303677783641,-3.5254885608247974,-7.76410385993473,16.548107058857326,15.326355650265835
15.144382430495098,15.912824805165243,-3.360439008068782,-7.827008628986781,16.431842674460064,15.446507325434778
15.144855521807946,15.744496235991026,-2.6763702821954656,-7.8068888466975785,15.920823130794618,15.373941110077324
15.145749769533518,15.449936257403802,-1.516795354164595,-7.774833055077208,15.063659567359075,15.253154000319705
15.147114754051493,15.041316157897823,0.024078177924158298,-7.735984198896867,13.94156513541154,15.096684049711095
15.148720290812763,14.60691052224254,1.5908030051117907,-7.700599888711573,12.819277490225748,14.941939989037936
15.15009608993539,14.26371272919894,2.784919514600735,-7.6762470369716596,11.975818979732407,14.826714374686333
15.151128593427575,14.0205462348263,3.610779414159531,-7.660668545800643,11.39819579137179,14.748308307463603
15.151599893518735,13.912885408825401,3.9715316036526116,-7.654172650411833,11.147298000376324,14.71437133563933
14.71057466386705,13.860318606971667,4.0917602629105625,-7.43482078458839,11.135409062791867,14.281321403948992
13.870612478437113,13.769404101275802,4.268583209995543,-7.017077249383011,11.15066377183446,13.462555018608663
12.537628861776623,13.603763252822397,4.565184005894076,-6.351594096733148,11.168105712916631,12.164388422532125
10.856801308825874,13.357049537290472,4.968016655419923,-5.508443560696336,11.177763312441105,10.529518172010196
8.94029886244262,13.023474024919116,5.468110660766841,-4.542420682503624,11.171183374602416,8.668213985012216
7.143970001658977,12.65920192435331,5.9782270197321665,-3.6333298275711416,11.147120303552374,6.92637113887197
5.662628850636221,12.320223405536314,6.430681034191352,-2.881597873137854,11.11357395575614,5.492030105258862
4.585622710734724,12.051338832892457,6.778555586607953,-2.3341783086388697,11.081080116424648,4.4504144543656095
3.977451371981574,11.890964903864568,6.982323151678947,-2.0248102047237846,11.05961260484663,3.862698573915084
3.834527708059477,11.826607355008818,6.936072917875712,-1.9528904071639372,11.174854417773812,3.7288271031541167
3.8052427366655914,11.672330931114399,6.435748502259125,-1.9424884529843411,11.830021020723446,3.7232196756923126
3.756579816465291,11.390574562300907,5.6065945083728925,-1.925878079830705,12.941831726025853,3.7141198135642544
3.7129495912780563,11.109401200918198,4.866562814831524,-1.9116672417064595,13.963849462969996,3.706294998089854
3.683944644757274,10.906614264714552,4.376738484793101,-1.9026157776814423,14.656990671484802,3.7012709211586903
3.6595267600842925,10.72562511641207,3.966014032190825,-1.8952280006847417,15.249159114659712,3.6971805679091054
3.6373272011669036,10.552579350296925,3.593940648685353,-1.8887418239806912,15.794673477546475,3.693549237053847
3.6334474137646806,10.56092174673276,3.3753251332766245,-1.8886968222100273,16.004956391286306,3.6968496435100513
3.6594854919762643,11.020382148431251,2.8282744315371473,-1.9030468967491379,16.091663452018068,3.7261450938352216
3.711704298591247,11.921924478520724,1.7643396442906325,-1.931745699986265,16.25226985014064,3.784568384570885
3.788166178627544,13.197465244518947,0.28022334471372384,-1.9735812850902925,16.458194524836692,3.8693714501080336
3.881587679894538,14.689321457344107,-1.423902186795298,-2.024417185845218,16.667157868866447,3.971878398567291
3.965037668089253,15.964953732576335,-2.8537374057291656,-2.069536350226299,16.818363512568226,4.062408390277705
4.026601678265057,16.873961607434758,-3.857165308715737,-2.102659990487131,16.910540305414848,4.128615671953634
4.061765026034431,17.38163965973594,-4.412011530524271,-2.1215391851048477,16.956400600024143,4.166254366714604
4.072244727291499,17.522161881609488,-4.538345187821388,-2.126841675347212,16.941843731093215,4.1763714789395445
4.072314413486382,17.42302566387404,-4.145439495322065,-2.123576654502371,16.648274044470536,4.165054990967628
4.072498733970362,17.182516107813544,-3.213845727750034,-2.116198579125438,15.95765602104224,4.138607082100493
4.072800880769009,16.817953043091475,-1.8515681073360202,-2.1061813986033355,14.960608006829883,4.1007696591019345
4.073225132315036,16.358770563001624,-0.2074224692624155,-2.095266754279553,13.776426240198928,4.056347409089629
4.073642290522727,15.95295804873768,1.1901040574565385,-2.0869516787461095,12.78535773945225,4.019580795407688
4.073970122087703,15.654677159572433,2.1887818654642643,-2.081505945962362,12.085412691326775,3.9938162150751073
4.074188842300241,15.460966755965423,2.825799927053562,-2.078219888301695,11.642389822993254,3.9775803523975606
4.057361746246412,15.1812577836171,3.2173511760558693,-2.068817236242529,11.531199554444717,3.9571516632769814
4.005851681779007,14.425823726249183,4.068058827092091,-2.0419006617782562,11.437742454520613,3.90382679248763
3.9397562252396012,13.42720305399682,5.205872687745071,-2.007275362197665,11.300853129222041,3.834928225208731
3.8933039622765886,12.704573722618044,6.038581530716751,-1.9829065347707537,11.19236753855732,3.7862073941204657
3.856773185508762,12.123728922415793,6.713585408835544,-1.9636887045215616,11.099457057881732,3.747667046015674
3.841040856131641,11.869998302770654,7.010051680901826,-1.9554029617704742,11.057256239016606,3.7310130278415574
3.826221933907723,11.78349396249171,6.793015203913225,-1.9499066740178297,11.361098956732095,3.7272685907807928
3.7892478226569217,11.582906263198062,6.16195395537643,-1.9369449640395893,12.193460203609536,3.7202173387663304
3.7451986350666715,11.319597309516213,5.412609908745352,-1.922097286020495,13.206954782628985,3.712078514308211
3.7128427077669492,11.108416505037042,4.864304645588957,-1.9116335173041255,13.967053711788468,3.706293821311753
3.6864227551923134,10.924265242081416,4.41822274978908,-1.9033717859409773,14.597783926608763,3.701710074835106
3.661979804775559,10.744125477614151,4.007043872238026,-1.8959566398959424,15.189559744125535,3.697593352226633
3.639071830711524,10.566485790139877,3.623066678413539,-1.889244544415116,15.751602189110397,3.693830864134576
3.552508899060739,10.493322191114947,3.4580443931673726,-1.8465400430179602,15.99242484465734,3.6146628738699977
3.0156345393845947,10.521595745872382,3.4365195130126898,-1.5677037485078642,16.001254849220935,3.0726777697900327
1.9719678050176845,10.563133582828408,3.4049188838747484,-1.02528541540625,16.014239026375613,2.0190291810871686
0.5329256002482219,10.591860650653274,3.3830820861078044,-0.2768733182500675,16.023231268944517,0.5661595237228224
-1.0528233457395293,10.58526154653897,3.388106329430308,0.5480171546808398,16.021180095871273,-1.0348490856818449
-2.325995174785394,10.550941227184971,3.414213463379979,1.2100420104374814,16.010462621829475,-2.320239016843686
-3.150384517649645,10.514824826401323,3.4417027663256174,1.638416460723856,15.999188943425718,-3.1525026431085714
-3.5701315513749283,10.492254353800291,3.4588908837191705,1.8564065795909244,15.992147370342549,-3.576243469532148
-3.64097139196774,10.580681153318618,3.6526311429198506,1.8905278511866919,15.707907573439737,-3.638047596245629
-3.6749281988534412,10.840042885754963,4.222600285615037,1.9005923545706402,14.87792552024237,-3.6436519861295036
-3.7209251114279236,11.162061836324398,4.999289305814462,1.914931972309644,13.778335420719571,-3.6516093132778216
-3.7542996822485506,11.375716514946934,5.565566158047291,1.9258319456739952,12.997753672434479,-3.6576102222142333
-3.7839333939072706,11.552096609000051,6.069937840462521,1.9358402305322353,12.316418878582933,-3.663083434084892
-3.8114359605422257,11.705032506546344,6.539157669682393,1.9453890585402553,11.693722382230838,-3.668282702529632
-3.833594186832944,11.820997599714191,6.917876458446111,1.9532517669343867,11.19860739842449,-3.6725573145554637
-3.8380650610059743,11.843683669512451,6.994359652284813,1.9548537986839687,11.09935140325049,-3.67342901877637
-3.81974594377313,11.749453271864617,6.681235190696294,1.9482929522095642,11.507061003451874,-3.669896733444722
-3.778449617074539,11.52051838358022,5.9767080170570965,1.9339397666399327,12.441315599737857,-3.6620736228081574
-3.7275710445114236,11.205988236444822,5.112194496471456,1.917050862375693,13.62132667756237,-3.652790383001013
-3.6940288799862055,10.977818277507147,4.544936745686038,1.9064258392621234,14.417386058605919,-3.646908249974728
-3.6685673843908857,10.792952113143482,4.116042587578743,1.8986502103125351,15.03162213326935,-3.6425781323356374
-3.6449027252007715,10.611718342423977,3.718936091174842,1.8916538227305868,15.610401746803877,-3.6386692696486627
-3.6299746060202702,10.492646314915083,3.4693031760438386,1.8873408633566366,15.979383425605612,-3.6362761529679264
-3.646753834777421,10.794801296263051,3.096409040925439,1.8967193450118416,16.049547149049626,-3.655636210339112
-3.6903254487010915,11.554082354934016,2.1969486288780637,1.9206943633718243,16.188241737634446,-3.704501561466518
-3.754567951250517,12.641509478073493,0.9240188091118947,1.9559117983657623,16.37153022873129,-3.7760180375672103
-3.806153603728487,13.488398238912241,-0.05480473919376966,1.9841073731333725,16.50165809120387,-3.8330211629031865
-3.832737043434041,13.916189436037392,-0.5450507295804423,1.9985828614886452,16.563178007119525,-3.8622376565186234
-3.8379030539015098,13.970234428749833,-0.5264116102834422,2.0005155036548956,16.490363176366138,-3.8648283859334662
-3.8380131938844215,13.834639398344935,0.009124067664294232,1.996480729513344,16.090662044590044,-3.850402264046064
-3.838255968433468,13.558846444591468,1.0704516167573928,1.9889319159511203,15.305593470158188,-3.822278073511298
-3.8386325972297857,13.160911794122049,2.544579402276264,1.9792968064916652,14.230032120038269,-3.784122019745629
-3.8391168995613496,12.698766052010662,4.185647593979008,1.9697085583496456,13.051792086334764,-3.74281676547676
-3.8395472330751956,12.315379577423787,5.498381505685801,1.962805799966656,12.12297694432477,-3.7105684647672583
-3.8398820214804883,12.035080482562854,6.433922618916196,1.9583030934482144,11.468106859103212,-3.687998946512435
-3.8400599928748123,11.888376086470888,6.916182433230054,1.9560912765758667,11.132741383788781,-3.6764807472633176
-3.8455901290589436,11.942754049226519,6.925009929200754,1.9584756126793506,11.069394226871614,-3.6796095711604297
-3.872830037688463,12.379741170170522,6.415452870779594,1.9728131248922043,11.141038581333635,-3.708398149641234
-3.9308409399968984,13.289226179836467,5.36421751605387,2.0032903262511,11.280800805926068,-3.7693739445011425
-4.002819027466568,14.379938791800324,4.119993118539038,2.041024822825195,11.431806803740304,-3.8444662810759103
-4.051843468602239,15.100459901534837,3.307907474486153,2.066643474566421,11.521648582116105,-3.895227795641145
-4.072548049046696,15.399545635765067,2.973118177949735,2.077447159093011,11.556619595549906,-3.9165811422950645
-4.054844894150805,15.331862209625031,2.650121796699572,2.071357186643207,11.94765223262185,-3.913870106966275
-4.010311119792961,15.104396266279268,1.9721739838170635,2.0557775124366664,12.854007080385005,-3.9038042109595605
-3.95402725876272,14.784581998148415,1.116570255399542,2.036955002042284,14.030601299735302,-3.8914930652067556
-3.916587619350244,14.550558915394543,0.5488094189014372,2.0249821281441847,14.833159435898699,-3.883605568728168
-3.8875708888779243,14.35679260417298,0.10987226709301809,2.016011327624196,15.466458450883518,-3.87768116206699
-3.8583521955346476,14.150218221921243,-0.3310217151395482,2.007295653122137,16.11452173200203,-3.8718711953936995
-3.8390571139292264,14.007295157722705,-0.6214702307180677,2.0017226103558157,16.548283418224628,-3.868125229705511
-3.515121557419742,14.016754277861395,-0.6519403290701706,1.8333150136071945,16.57991931951899,-3.5402530307828646
-2.6744706209793585,14.056250400628704,-0.68006921499986,1.3953075682313025,16.591576259688058,-2.686887727315793
-1.377826859977401,14.096132900255293,-0.7084483596218133,0.7191824885073992,16.603363362881424,-1.3706108763471916
0.24134979875109533,14.110011944558948,-0.7183117999251725,-0.12558246331550946,16.60747415910278,0.2731014256555494
1.7687396294593907,14.086698609444854,-0.7017159547293083,-0.9223823072779399,16.60059033030827,1.8236329444688177
2.9214319200599315,14.045675385720237,-0.6725041037605417,-1.5233268529733381,16.588481529375986,2.9937739900684273
3.6111730791215555,14.0113698827089,-0.6480591965530114,-1.8826469395403334,16.57836579599313,3.6939448168201423
3.8378463135242566,13.976274469719593,-0.549781523804573,-1.9999848478843543,16.50777410587184,3.9216078273468407
3.8379539245337573,13.843802613278243,-0.025985649909244898,-1.996030481805486,16.116684648984073,3.9074907854353684
3.838193198235746,13.571244198863985,1.0240154804143597,-1.9885425532870413,15.339687043867864,3.879650542129189
3.838564108570381,13.178022169999522,2.4829237048373716,-1.9789692010287392,14.27461242875439,3.841854975841715
3.8390477774955323,12.714585234986274,4.130837273407125,-1.9692980916452667,13.09079280225904,3.8003415622714125
3.8394809153753844,12.327594421252945,5.457282403446502,-1.9622968009340462,12.151862425145024,3.7677358236496015
3.8398228493175615,12.040566116076745,6.415858331043272,-1.9576694516832835,11.480681662594227,3.744601928599703
3.8400059365996704,11.889654361574262,6.912022141594708,-1.9553924406168701,11.135625163931921,3.7327520861073236
3.667072993565044,11.863517925511436,7.021993780572058,-1.8669078828856684,11.057383381911091,3.563213460120381
2.9363520288608997,11.898900769220278,6.996045078931802,-1.4951523612593014,11.068241351884808,2.858782947008978
1.7366283437244574,11.939923117185273,6.965985229940258,-0.884344610012344,11.080845452599958,1.7022312330766132
0.17307772763207876,11.961761460482903,6.949996979494607,-0.08782166825220482,11.087564201052174,0.19495339619345578
-1.683217607717765,11.941244492457228,6.965032259386407,0.8578684116836665,11.081260679184126,-1.594532354751381
-3.5044729969237642,11.871978900466722,7.015817960345216,1.7849317990118498,11.059997357492376,-3.350252423015485
-5.027827813086343,11.776423173425083,7.085991587846788,2.5591555599455273,11.030733940951965,-4.818810788973309
-6.13149994791723,11.685593931797452,7.1528174389056325,3.1191021570610755,11.002994557201442,-5.882797256381925
-6.747456363330493,11.626897747145552,7.196066592165935,3.4311678040792004,10.98510818880013,-6.476611059402877
-6.880091069127159,11.585775805496878,7.114777676760591,3.4997303714193793,11.099710221667364,-6.611878408371573
-6.8279266930312135,11.432519905687254,6.6152046257368085,3.481322756173846,11.754330378813753,-6.602022253426907
-6.741504115220981,11.153537598766306,5.790083741430494,3.4519443219685684,12.861378246426463,-6.586147351633883
-6.677726676892537,10.92643340567593,5.183723284792258,3.4312085993015513,13.696991581370032,-6.574834574752479
-6.622528414308639,10.714531050170306,4.6610982195823105,3.413931267423746,14.433365124197982,-6.565361946889877
-6.575858318863125,10.523778200360931,4.221039237249209,3.3998271256796184,15.065727722608667,-6.557602478891338
-6.536416800182744,10.353899968685807,3.850621318540737,3.388281769702125,15.607327715667813,-6.551239518464365
-6.532633574667513,10.251886481708917,3.6423304435258697,3.39149127786976,15.917307559011642,-6.566512153600593
-6.952760940451234,10.2062977852987,3.6772236694678226,3.608580589326472,15.903163046427608,-6.990490565282194
-7.894292072874822,10.093157587639244,3.763952209744581,4.094363894749324,15.86811739596002,-7.940554135070737
-9.242317241996432,9.90524176647712,3.9084061089749116,4.787959377820377,15.810085568207526,-9.300531055178396
-10.82825930446652,9.64443552531437,4.109730094328791,5.60061755938686,15.729895936960475,-10.900056716948896
-12.151358310578745,9.393125544328317,4.304649656842395,6.275383609949164,15.652998981029938,-12.234011556296394
-13.056593216953546,9.203163680088258,4.452588465446814,6.735168550283616,15.595105375615011,-13.14638319408733
-13.482787390197398,9.10855373789265,4.526462900695969,6.9510718590543625,15.566343786107762,-13.57584643429234
-13.592090032908938,9.16877271578636,4.702621037169476,6.998221524040106,15.318842566736498,-13.655421487928216
-13.711283789113661,9.415987069763595,5.255204539114251,7.032132135885954,14.510908484382842,-13.672977857621188
-13.848413450772252,9.679311276076835,5.895112782999129,7.073026460720337,13.59824231290678,-13.694101648035307
-13.950295015403247,9.860862166691183,6.3730884966514605,7.104688519917373,12.931653934086606,-13.710370167733918
-14.06082335347346,10.0449442684196,6.893781156655545,7.140194998779636,12.219171646858863,-13.728533807766516
-14.167426676262062,10.210180109580532,7.397870948538994,7.175549183874023,11.54236801778725,-13.746525459645062
-14.249949953352045,10.330166546397718,7.78919667766143,7.203644659083053,11.025237407844548,-13.760734956695352
-14.305588106883182,10.407242663887729,8.053531367420588,7.222930779772238,10.679890385213701,-13.770453904668775
-14.29019240747618,10.386407053230313,7.980353227778249,7.217536970648642,10.77499347820115,-13.767756539071236
-14.184474683777184,10.235689237892329,7.478709487131245,7.181271428233965,11.434809246550705,-13.74943422442062
-14.016272685475622,9.972428048056877,6.683842023299128,7.125703780199138,12.504711750366852,-13.721135025707232
-13.897603491501545,9.768534442775746,6.125891039070398,7.088141767794447,13.274796276364079,-13.70186702501351
-13.809783245838513,9.607412974964513,5.714735440617008,7.0612808103881655,13.85313411458749,-13.688008839694072
-13.72638766765454,9.44612362043477,5.325841338349928,7.036505447692351,14.409042241996076,-13.675206426687964
-13.6313259164925,9.252095574309926,4.884541185308062,7.009182866628032,15.050858780030497,-13.661049699338292
-13.569748425504903,9.120427689344188,4.599929380995947,6.9920128374631405,15.471319268157368,-13.652151974253723
-13.586681227974132,9.23669290214064,4.362123870658298,7.004671283244803,15.589954229045848,-13.68445655832157
-13.71505825261985,9.847292627258335,3.618452561554998,7.073975925784928,15.70673580188615,-13.830018058056467
-13.930603464873219,10.846686517932392,2.413139184964624,7.189895997820997,15.885028226940552,-14.072838974387363
-14.231747253447272,12.191780859660465,0.8144807860012124,7.350898162517266,16.099442228174464,-14.408840730672715
-14.5682191395862,13.629612356918669,-0.8643094939790158,7.529481726208373,16.295901086235677,-14.780013321096174
-14.854325636800214,14.802350773677977,-2.210346990371206,7.680252906404736,16.430752293407767,-15.092256886737736
-15.055369454047602,15.600901100718295,-3.114910547283532,7.785614819021877,16.50939651294241,-15.309917540903244
-15.136343856564757,15.916876977143405,-3.4701534317177365,7.8279173910996285,16.537547317086677,-15.397197608135105
-15.144337285750309,15.90017583028004,-3.309271988312663,7.8261128590912525,16.39364257959612,-15.384778922506348
-15.144848061345023,15.723919744735436,-2.594467699333956,7.8051785769714295,15.860028328010548,-15.309052475342254
-15.145803336038185,15.418674446415233,-1.3968425891400957,7.772308898562827,14.975752454382132,-15.18456380087272
-15.147237756887824,15.00154751563101,0.16999351607986346,7.733181890524092,13.836361310704708,-15.025862102437346
-15.148864716006617,14.572674290330346,1.7112689240430639,7.698731396629169,12.7338169071861,-14.874007197158834
-15.150239395291214,14.237907554151665,2.873267630152337,7.6752472334784025,11.913839862082956,-14.762090409409765
-15.151243920369312,14.004885848845527,3.663420683429267,7.660419484599383,11.361561229691945,-14.687159974942197
-15.149066033112465,13.903178009352471,4.002952675802206,7.653043739005301,11.126133249946585,-14.652757478929672
-14.692391209376682,13.805971086497948,4.154664314758517,7.426317943583452,11.129200684394034,-14.206480886184062
-13.726865378990524,13.5892139574121,4.484708630046658,6.945640929729427,11.131632552748998,-13.263614166075644
-12.353190480412083,13.255177676016734,4.975842992515884,6.259019159091143,11.125653184699376,-11.923714007100761
-10.67041175154381,12.803891044190543,5.613768239230559,5.413982685471826,11.102440445181879,-10.284842158936595
-9.137192847185476,12.351039309729217,6.231947804848864,4.640847865986331,11.065144337572773,-8.794169835846317
-7.980321500953886,11.982245220369302,6.723072073088712,4.055808737745398,11.026270592238637,-7.671090350550927
-7.2651642166091674,11.74227020869755,7.037830781482726,3.6935383586421073,10.997416482918485,-6.97758655841412
-6.8979614805769,11.615456461659353,7.20283719527299,3.507370644969763,10.981141028009803,-6.621734941300738
-6.863967754508518,11.539958445195579,6.961629739750038,3.4939567104390736,11.299226502953244,-6.608696430058576
-6.798346775249012,11.340981092096659,6.333477564923431,3.471094152738886,12.12859914113938,-6.5964118810118
-6.714059079877146,11.058356875816033,5.529613972462286,3.4429077788556213,13.217950009591853,-6.581157116144417
-6.657065632412593,10.84904866872196,4.9883849934544084,3.4246579628482774,13.970402580502675,-6.57119578454889
-6.6073921869490615,10.65399298835051,4.518544387564933,3.4092943774993785,14.63695972326682,-6.5627862443419565
-6.561292888784635,10.462038327887562,4.0842707345691665,3.3955160632898873,15.26471817087641,-6.555216061549957
-6.523910219433665,10.298388874570083,3.7334931520048067,3.384696137189572,15.780376818129556,-6.5492518031260225
-6.524625619091314,10.359381694543625,3.514187947199729,3.387713571717476,15.938372392091859,-6.5596972277153505
-6.578715855169461,10.890963017078704,2.8792382392462246,3.417412390704112,16.038445775714504,-6.620605661767712
-6.676845755178745,11.83306548233447,1.7644829253447696,3.471142757377559,16.205055354535805,-6.73047879949441
-6.819635882596006,13.15581296585326,0.2221111398983203,3.548926649552064,16.415779266196335,-6.888858719745459
-6.98916737262513,14.65765402413911,-1.496579279486269,3.6407190414738295,16.62185710115319,-7.074810924586081
-7.137257861930352,15.913551479699427,-2.9071152692014417,3.7204024517193575,16.76691255746647,-7.235467338472185
-7.244783017632528,16.795060287725384,-3.882563330337293,3.777958813381859,16.853808902778027,-7.351098383732103
-7.295788679353141,17.204707160010443,-4.331745926027328,3.805177700986269,16.889974999858644,-7.4056662639094775
-7.303263785815176,17.23121037331848,-4.264736224835614,3.8071637431987284,16.79618580490984,-7.406771536000017
-7.3034606281232355,17.078933989281353,-3.662198871310786,3.7983761172553825,16.34690106836688,-7.3758169003957095
-7.303858408224231,16.790601036120695,-2.5532281728595283,3.7830716019419537,15.528030166741356,-7.319792551822771
-7.3044896640751595,16.382498973839013,-1.0450714026478376,3.7640447513296826,14.430313195407201,-7.2454993814376545
-7.3052591842451005,15.931025295485723,0.553428431273808,3.745892287400268,13.285696065739781,-7.168893447866724
-7.305935620085001,15.569918973106189,1.7874609403642623,3.7332552535212664,12.414581534026018,-7.111170713468532
-7.3064603875875465,15.30873374361481,2.6586729595940706,3.725031641882557,11.805809082406553,-7.07111812540546
-7.306690898780419,15.195083677513422,3.03259305955209,3.7216387614513327,11.546074194643424,-7.054077177462168
-7.320967949275747,15.28218153264135,2.9932153288807277,3.728229946045129,11.497575115696849,-7.064717661468436
-7.391344737335712,15.839776429767703,2.3707560727465937,3.764727632512851,11.557939892442418,-7.1371023751196745
-7.5230740257140685,16.85558267555391,1.248938568623277,3.832889224969028,11.655422529834077,-7.271785182605811
-7.667702678932025,17.93138487975943,0.07800577268680871,3.907457052371549,11.741066094677533,-7.418433040312687
-7.755690053239285,18.566864486047425,-0.6054049645879379,3.952693888870204,11.783157351924652,-7.507061796417741
-7.769865646796275,18.71060966807467,-0.8504290555942019,3.961353609680434,11.883243007226659,-7.527987041728998
-7.715956772658411,18.577449472051715,-1.260052821592882,3.942065145367942,12.428277541526914,-7.513822531284923
-7.614740146223324,18.305104201455556,-2.029930906189711,3.906992984525494,13.474688544195242,-7.487807792946192
-7.517424840557718,18.014394934681143,-2.7703747700687362,3.8747022954523356,14.509819635431718,-7.463623240881438
-7.451388715074608,17.799975750798954,-3.2725555488073685,3.853646073975566,15.229091074099033,-7.44771211526408
-7.397104622936519,17.612640611952305,-3.684988875721477,3.836901923307245,15.83103803161375,-7.4349530793402545
-7.3448404628653305,17.422561275718607,-4.08154682107218,3.8212497350632963,16.419757379796827,-7.422983302630003
-7.308960004040628,17.286304900959713,-4.353428625843482,3.810797855862318,16.829316047923033,-7.414941023807377
-7.548150486303391,17.23779075281679,-4.378972018304196,3.9362084664589774,16.88753810050268,-7.663235388178277
-8.333453640849374,17.146408971819316,-4.317784719977184,4.3431040874645666,16.862387435048216,-8.463530032311906
-9.56604985061753,16.984015560022854,-4.2087663456199556,4.98018239409417,16.817905733721076,-9.71971361683159
-11.164387783971893,16.738357207514262,-4.043160959734005,5.803023594007581,16.751123939782946,-11.348752780137339
-12.746538970088388,16.455222605199957,-3.851260217896408,6.6133368307027105,16.674887814956254,-12.961434456739704
-13.98538092574236,16.2049778652314,-3.6807290789371954,7.2445186636024985,16.608137731362255,-14.224284985072316
-14.784188747378785,16.03001761012658,-3.560987229367757,7.649823286718566,16.561807380047036,-15.038621936227775
-15.144398916266324,15.945246276701912,-3.4946199395111814,7.831837288192482,16.532694340597534,-15.404786902879744
-15.144684538120138,15.840382495628141,-3.06397446941479,7.818930386725177,16.209903105958354,-15.358835077475693
-15.14536846862132,15.60373912436591,-2.1166605434663897,7.791853625809622,15.505712577467932,-15.25918990227375
-15.146494194154549,15.246524329810134,-0.7408110801251215,7.75547810760404,14.496272996147564,-15.117667572522183
-15.148059875284824,14.800314126988308,0.9013657961616932,7.716410907913256,13.310962174178345,-14.953376803234901
-15.149564446499006,14.40979853557681,2.280870576188857,7.686989432658157,12.330681227399031,-14.81892145091429
-15.150765554170018,14.118659164751662,3.27942388199563,7.667523707193157,11.62944167207505,-14.723477015712604
-15.151553121965788,13.936332955019958,3.8931597283314625,7.65629939507546,11.201774723226665,-14.665559121698635
-15.288857542198489,13.638608711063807,4.28801993951434,7.721400668136383,11.088059778233763,-14.78431236503801
-15.69201333841956,12.843043392437204,5.152039941000388,7.917961398657809,10.968056634953477,-15.161912824964183
-16.264654735366385,11.671515771997283,6.439913681516555,8.195847669783186,10.776552369737841,-15.694239950291811
-16.734284796580308,10.671990897591904,7.5534051295906535,8.42252176682254,10.599302319851677,-16.126811680131357
-17.04873753544319,9.982082492903482,8.329868020075862,8.57364767919331,10.469585043564003,-16.414202401205635
-17.160604449111595,9.732446304673179,8.612429509543846,8.62727293745554,10.421136345178484,-16.51595219582148
-17.10927641505743,9.646246014601964,8.393483333953023,8.610764614050206,10.730145575823775,-16.513450618074426
-16.951054320997585,9.452476695542785,7.757780242681599,8.557867560692939,11.572829570462735,-16.487658697624273
-16.771450251250823,9.210173247985052,7.039869447746345,8.500244378070576,12.547929387360142,-16.459333631114863
-16.634848578581835,9.009154256342478,6.4968961493212145,8.458218398912358,13.303159299363136,-16.43854981144811
-16.52305868040078,8.833419555555173,6.054759364242727,8.425029955642128,13.930170807450734,-16.422076807840252
-16.42653441256558,8.67328012201648,5.674747145067009,8.39728380952025,14.478172011934186,-16.40826115471821
-16.325326454427834,8.496648555192314,5.278224268182011,8.369109613699827,15.059512985122472,-16.39423281836572
-16.278746470551848,8.421621418151917,5.059071339175877,8.357580351274557,15.357147579852679,-16.39216704056479
-16.366603121774602,8.774877442282197,4.6222106382729935,8.40462309984721,15.427420664350285,-16.492466251937884
-16.56501302401543,9.557746241060727,3.6608045345569717,8.510553582724599,15.57561902227565,-16.717906622983133
-16.866759232172225,10.712116224605627,2.259568360863527,8.670832115173317,15.775809821265371,-17.05803952384042
-17.246957311509423,12.108346347787148,0.5911689256537807,8.871351437485995,15.988274268911232,-17.482084336893195
-17.591382130682373,13.321547402446894,-0.8349374785173402,9.051636285121052,16.14624076024744,-17.862110265663134
-17.847991065294792,14.195714106348692,-1.8488214942748016,9.185118758493259,16.24446680907968,-18.142839859546132
-18.024339751383465,14.7825529754825,-2.5229955504271775,9.276437299304455,16.30303734721943,-18.334595578149614
-18.13033272378423,15.12996923536575,-2.9196422697021966,9.331161250071583,16.334872331574413,-18.44940284483624
-18.14350051757806,15.137721371549794,-2.8216026690260074,9.332636564104204,16.22838908664388,-18.4447524870427
-18.144073507012045,14.978089439156031,-2.16172303223021,9.309710639211604,15.734654352350981,-18.36104568666868
-18.145172258399935,14.692076653109492,-1.0168389413103198,9.27229183369821,14.886874346619848,-18.218380566269683
-18.146847683643838,14.292652714234016,0.5131970302128428,9.22669350545413,13.770696960377583,-18.032480951646118
-18.148833847572515,13.861867231436193,2.089290407056497,9.184671025987331,12.639828912710135,-17.846229999803022
-18.150534185177474,13.52032102116481,3.2932600403019228,9.155740403482481,11.788164918964664,-17.70725459949149
-18.151807563756282,13.278311678031907,4.125181011261005,9.137290847840182,11.205558263595213,-17.612793603515524
-18.15234120601133,13.179756070178156,4.459369782888416,9.130217748449708,10.97283129440232,-17.57519034017895
-18.191697246508916,13.287742856774758,4.381306835747958,9.148387839357564,10.93733849719726,-17.608052126887532
-18.37094067017245,13.87121416924044,3.704788716720432,9.238231175287261,11.001900023728409,-17.794971638557122
-18.68764761047875,14.874433668593124,2.553278877090148,9.396390479663236,11.099345283866036,-18.12312076918915
-18.975832325661738,15.758217576587183,1.5511046253567689,9.539665186575238,11.170887398091553,-18.419473072459688
-19.163686336381875,16.32007548681986,0.9199920294142846,9.632730113249506,11.209305730512629,-18.61153495805172
-19.255155602271838,16.589850642841874,0.6183869045761009,9.677959260373955,11.226013095612968,-18.70479606968021
-19.14929632356686,16.483555199631386,0.2751410626777864,9.642071302096085,11.686166801775343,-18.67995645086993
-18.935367058515148,16.251534151401525,-0.41800864529375714,9.571689162378924,12.632628568318191,-18.630784951983166
-18.731244160701515,16.00786584281264,-1.0782541135635153,9.507229300468689,13.556657205402217,-18.585321993502955
-18.564959095910233,15.792435496327842,-1.6149281290293422,9.456789904713265,14.32499875218569,-18.549409800005858
-18.426455902376027,15.600784147558588,-2.0608696110178824,9.416269132960107,14.976009772130016,-18.520339348908795
-18.303634357223547,15.42120850430566,-2.4553233483396637,9.381489337649572,15.56185489958057,-18.495261361793933
-18.190074402190998,15.2467232219133,-2.819067357803041,9.350372742233954,16.110937041008913,-18.472682519891258
-18.2091485444596,15.153947122002512,-2.9550826694468135,9.370616028392567,16.33366946470245,-18.53059398642176
-18.7082183447237,15.008669989833866,-2.8535787640388066,9.618868677713651,16.29643699078996,-19.039465790434907
-19.7147459520237,14.70105500253694,-2.63766518569652,10.117363438774895,16.218125168851586,-20.06578450172865
-21.111976042436005,14.241311167931707,-2.3125167698123716,10.80436032160074,16.10232731363829,-21.490507957386132
-22.61709626269769,13.701812855105356,-1.9272052804993647,11.537473025650753,15.968199028839207,-23.025206602796576
-23.79049850799734,13.24795049644658,-1.5999061031894055,12.103694530883635,15.856706306004899,-24.221576278328605
-24.556725513564487,12.9352614502324,-1.372739207363392,12.47079206356933,15.780549576073321,-25.002723875766648
-25.049987714840118,12.726933748863644,-1.2206298711184325,12.705966014085902,15.730089556487181,-25.50554688357791
-25.22292734487136,12.698967427443812,-1.105585742874751,12.781548877961834,15.607786358184436,-25.657252556646085
-25.39773623135056,12.898866766100783,-0.6795017367436604,12.825255817823459,14.959451620664309,-25.68637982661996
-25.703633391683944,13.222717134037971,0.07069321681146647,12.90609613862221,13.845924068070508,-25.739753225149254
-25.999646385092134,13.506480191846547,0.8014161936469258,12.98922672741022,12.792806844026376,-25.794067641499733
-26.22596632841752,13.704799945975104,1.3627576770738976,13.055867410802756,12.003341053739796,-25.83719306074967
-26.421609975478457,13.863821436618919,1.8495834977900776,13.115537743013421,11.331548937127957,-25.875487485516967
-26.588564065366015,13.990832775470857,2.2660058237766894,13.16790518270917,10.765848494347042,-25.908848877887614
-26.635018775170256,14.024814703578258,2.3820165761898835,13.182703103385274,10.609640274112706,-25.91823540451179
-26.635018775170256,14.024814703578258,2.3820165761898835,13.182703103385274,10.609640274112706,-25.91823540451179
-26.635018775170256,14.024814703578258,2.3820165761898835,13.182703103385274,10.609640274112706,-25.91823540451179
-26.635018775170256,14.024814703578258,2.3820165761898835,13.182703103385274,10.609640274112706,-25.91823540451179
-26.635018775170256,14.024814703578258,2.3820165761898835,13.182703103385274,10.609640274112706,-25.91823540451179
-26.635018775170256,14.024814703578258,2.3820165761898835,13.182703103385274,10.609640274112706,-25.91823540451179
-26.634622588261227,14.02460615061732,2.381981185935792,13.182507003730349,10.609482525227612,-25.91784996285501
-25.89951235064043,13.6376438023454,2.316315871151247,12.818651306723885,10.316785271071373,-25.20267714555481
-25.17170277336702,13.254524524850325,2.2513027036710276,12.458409199521178,10.026994905063123,-24.494606982471062
-24.05006740147062,12.66409517806469,2.151110193759268,11.903236112353543,9.580395773780255,-23.403392239633405
-22.331485582592606,11.759432962390969,1.997594149029886,11.05259391806939,8.896111766178233,-21.731421236827284
-20.611059818945037,10.853800093389902,1.8439133899385738,10.201039031001168,8.211093559073548,-20.05765630012078
-18.890964559071154,9.948341201718815,1.6902621538129694,9.349647732568753,7.526206947941953,-18.38421290337231
-17.177352290891186,9.046294959690346,1.537190024967525,8.501465304508098,6.8439016555982235,-16.717076668729582
-15.459697556888356,8.142120761897466,1.3837567941033913,7.651281987132713,6.159986783376788,-15.04600760670476
-13.741924169565259,7.237884104945279,1.2303129642743313,6.801039940216725,5.476024667219326,-13.374823109436361
-12.007819376291781,6.325050588809638,1.075410296222481,5.942714377671295,4.785559910459743,-11.687750141287992
-10.302449305149166,5.427343042880434,0.9230744194862791,5.098611569502203,4.106536395892443,-10.028632561500391
-8.584708215456885,4.52312338741513,0.7696334747130729,4.248385508864695,3.4225871396128205,-8.357479485896988
-6.86407217531799,3.6173798287777283,0.6159339322185539,3.3967265417614008,2.7374852071721585,-6.68350997574963
-5.143393795560418,2.7116139825466723,0.46223060764585683,2.5450466179217215,2.052366416457059,-5.009499274304941
-3.4228064234376276,1.8058960427740813,0.3085354125273283,1.6934117399060449,1.3672838620551584,-3.3355771122156157
-1.8179902821939136,0.9611201292046486,0.16518173345579892,0.8990798618338026,0.7282976883787762,-1.774286271406853
-1.0860934977931271,0.5758493441030382,0.09980346734292037,0.536814719823481,0.4368799279443218,-1.0622397530955732
-0.35374910633874423,0.19034293845406144,0.03438521776012123,0.17432802685639592,0.14528394477697135,-0.3497577675833467
0.004273387201806726,0.0018797423992597143,0.002404082775009863,-0.002881481683177235,0.002730902494969743,-0.0014454434468424912
0.004273387201806726,0.0018797423992597143,0.002404082775009863,-0.002881481683177235,0.002730902494969743,-0.0014454434468424912
0.004273387201806726,0.0018797423992597143,0.002404082775009863,-0.002881481683177235,0.002730902494969743,-0.0014454434468424912
0.004273387201806726,0.0018797423992597143,0.002404082775009863,-0.002881481683177235,0.002730902494969743,-0.0014454434468424912
0.004273387201806726,0.0018797423992597143,0.002404082775009863,-0.002881481683177235,0.002730902494969743,-0.0014454434468424912
0.004273387201806726,0.0018797423992597143,0.002404082775009863,-0.002881481683177235,0.002730902494969743,-0.0014454434468424912
0.004273387201806726,0.0018797423992597143,0.002404082775009863,-0.002881481683177235,0.002730902494969743,-0.0014454434468424912
0.004273387201806726,0.0018797423992597143,0.002404082775009863,-0.002881481683177235,0.002730902494969743,-0.0014454434468424912
0.004273387201806726,0.0018797423992597143,0.002404082775009863,-0.002881481683177235,0.002730902494969743,-0.0014454434468424912
0.004273387201806726,0.0018797423992597143,0.002404082775009863,-0.002881481683177235,0.002730902494969743,-0.0014454434468424912
0.004273387201806726,0.0018797423992597143,0.002404082775009863,-0.002881481683177235,0.002730902494969743,-0.0014454434468424912
0.004273387201806726,0.0018797423992597143,0.002404082775009863,-0.002881481683177235,0.002730902494969743,-0.0014454434468424912
0.004273387201806726,0.0018797423992597143,0.002404082775009863,-0.002881481683177235,0.002730902494969743,-0.0014454434468424912
