Joint0,Joint1,Joint2,Joint3,Joint4,Joint5 
-44.28107769450208,-12.240724903772083,-33.78151017101422,-0.0005363425221449476,46.0231064198912,-44.286753662760795
-44.28107769450208,-12.240724903772083,-33.78151017101422,-0.0005363425221449476,46.0231064198912,-44.286753662760795
-44.28107769450208,-12.240724903772083,-33.78151017101422,-0.0005363425221449476,46.0231064198912,-44.286753662760795
-44.28107769450208,-12.240724903772083,-33.78151017101422,-0.0005363425221449476,46.0231064198912,-44.286753662760795
-44.28107769450208,-12.240724903772083,-33.78151017101422,-0.0005363425221449476,46.0231064198912,-44.286753662760795
-44.28107769450208,-12.240724903772083,-33.78151017101422,-0.0005363425221449476,46.0231064198912,-44.286753662760795
-44.28107769450208,-12.240724903772083,-33.78151017101422,-0.0005363425221449476,46.0231064198912,-44.286753662760795
-44.28107769450208,-12.240724903772083,-33.78151017101422,-0.0005363425221449476,46.0231064198912,-44.286753662760795
-44.28107769450208,-12.240724903772083,-33.78151017101422,-0.0005363425221449476,46.0231064198912,-44.286753662760795
-44.28107769450208,-12.240724903772083,-33.78151017101422,-0.0005363425221449476,46.0231064198912,-44.286753662760795
-44.28107769450208,-12.240724903772083,-33.78151017101422,-0.0005363425221449476,46.0231064198912,-44.286753662760795
-44.28076856011049,-12.240333774133326,-33.78170250231927,-0.0005363463173718338,46.02290761885426,-44.286444527621576
-43.14321247260845,-10.801050686690258,-34.489445324935645,-0.0005503120344365173,45.29135740665025,-43.1488856889987
-41.988025150863265,-9.339459831273642,-35.20815761061987,-0.0005644942092492151,44.54846873536394,-41.99369557349246
-40.85443414836244,-7.9051935336356784,-35.91343351271998,-0.0005784112471710653,43.81946842712152,-40.86010182946015
-39.73794908032558,-6.492570372929069,-36.60806677269103,-0.0005921182764230348,43.101468763264506,-39.743614061261624
-38.61437855603031,-5.070982399435142,-37.30710832590313,-0.0006059122934538632,42.378912517902336,-38.620040819668894
-37.44310607956014,-3.589039939900768,-38.03582816456197,-0.000620291944876549,41.625679654816,-37.448765510536546
-36.353389439185975,-2.2102853028086495,-38.71380715775959,-0.0006336703395309712,40.924894481876976,-36.35904623473879
-35.22230805638012,-0.7791942799747832,-39.4175216728247,-0.0006475565669820366,40.197508083349064,-35.227962116470835
-34.090633469741746,0.6526472889226399,-40.12160525606976,-0.0006614500771657758,39.46974020175026,-34.096284792935734
-32.9585741462996,2.0849756427626884,-40.825928207478256,-0.0006753483107432931,38.74172490000794,-32.964222731666396
-31.826568530231416,3.5172360438082544,-41.5302177442632,-0.0006892458849581666,38.013744136906176,-31.83221437790091
-30.69460500607227,4.949443188426774,-42.2344810931117,-0.0007031429424128569,37.285790442663085,-30.700248116146263
-29.562508639938798,6.381818410214458,-42.938827091031214,-0.0007170416307615735,36.55775131916024,-29.568149012096008
-28.430488261135444,7.814097489684142,-43.6431258126115,-0.000730939386217781,35.82976106230061,-28.43612589555965
-27.297545573659477,9.247543512294897,-44.3479983585073,-0.0007448484648097082,35.10117767855029,-27.30318046812012
-26.072760158574564,10.490987570472543,-44.855327770699986,-0.0007575796149678905,34.365050271216745,-26.078394772958173
-24.64036251916388,11.319865548433443,-44.928530902036165,-0.0007677604987815313,33.60935631107334,-24.646002283260042
-23.207978029134587,12.148735917311242,-45.00173336136908,-0.0007779412891348645,32.85366928818523,-23.213622942896034
-21.775618835191956,12.977591648236157,-45.07493452793754,-0.000788121899694185,32.0979956108231,-21.781268898527745
-20.342905968726264,13.80665203697236,-45.14815376905138,-0.0007983050240099977,31.342135345475754,-20.3485611829079
-18.910597581816127,14.635478367660081,-45.22135233911049,-0.0008084852734541638,30.586488472519417,-18.916257945389447
-17.47831705497879,15.464288576706592,-45.29454948537181,-0.0008186653248805755,29.830856297778265,-17.483982567843626
-16.045842180857296,16.293211247669735,-45.36775656381215,-0.0008288467576462638,29.075121590706175,-16.051512843712363
-14.613344803818396,17.12214694027727,-45.44096479227115,-0.0008390283503532851,28.319375011708086,-14.619020616744596
-13.181146539396508,17.95090954696623,-45.514157734485885,-0.0008492078170928256,27.56378623637559,-13.186827501318477
-11.747196127064894,18.780686059833585,-45.58744022076998,-0.0008593997373674757,26.807273075553876,-11.752882244281905
-10.316423438933388,19.60862373581861,-45.660560308460575,-0.0008695690717065007,26.052436395423662,-10.322114700020977
-8.883953707108107,20.437543431116364,-45.73376712410224,-0.0008797504679228967,25.29670440128692,-8.889650118167438
-7.45080834345066,21.266854090718635,-45.80700846812094,-0.0008899366662480053,24.540615962207234,-7.456509906910748
-6.019126829664316,22.095317672046125,-45.880175001632125,-0.0009001124601399814,23.785299810428025,-6.024833540262366
-4.586820892148759,22.924142585355614,-45.95337344651414,-0.0009102926921748746,23.029654229705514,-4.592532752129683
-3.1544899879972683,23.752981945976483,-46.02657316732394,-0.0009204731016621821,22.27399547726626,-3.160206997450825
-1.7220217888340916,24.581900754376747,-46.099779904638424,-0.0009306544869850563,21.518264291720275,-1.7277439482538783
-0.28960876554837056,25.168645459302226,-46.0436459947575,-0.0009388269711226228,20.87536564592881,-0.2953357160224373
1.1427072558569267,25.026710213364705,-45.598319982716376,-0.0009409550127514004,20.57195209002764,1.1369765940731775
2.575199991770205,24.884757455916613,-45.152939027795384,-0.0009430833169310562,20.268501099945432,2.5694656182188846
4.007626221607407,24.742811288883015,-44.70757875049386,-0.0009452115223003263,19.965064198126385,4.001888136460841
5.4438019015802785,24.600493570376713,-44.26105271950995,-0.0009473452983578066,19.6608330344396,5.438060095123173
6.872372813005207,24.45892944582455,-43.816891111739466,-0.0009494677757466934,19.35821282101272,6.866627304942464
8.304980312364862,24.31696531590157,-43.37147447534376,-0.0009515962504343849,19.054737520104673,8.299231092237182
9.737189290930072,24.175040677366056,-42.92618174433866,-0.0009537241330258996,18.75134663954069,9.731436359770072
11.170200138253596,24.033036577707634,-42.48063970172147,-0.0009558532069816613,18.447785895728867,11.164443493983532
12.601929350609005,23.89115948156776,-42.03549613638214,-0.0009579803767678653,18.14449664606864,12.596168996549753
14.034557977787358,23.749193257985215,-41.59007293106791,-0.0009601088828458904,17.84101686956546,14.028793911608423
15.46842899232486,23.607103920122906,-41.14426345107701,-0.0009622392347819385,17.53727391289757,15.46266121080706
16.89923713205266,23.4653180976042,-40.69940625941075,-0.000964365036098569,17.234179777944576,16.893465643132288
18.33887150040409,23.322657640639132,-40.251804876423876,-0.0009665039508494247,16.929215945681864,18.333096281211283
19.76425597867079,23.18140927543562,-39.80863397290425,-0.000968621694043967,16.627270727857024,19.758477066128798
21.19631921109685,23.039499079602546,-39.363386556303205,-0.0009707493600953837,16.32391072131363,21.190536587900183
22.629407436370613,22.897487312182097,-38.917820455856955,-0.0009728785490142519,16.020333586203606,22.623621099863385
24.061150671868056,22.755608826420048,-38.472672530537125,-0.0009750057396351247,15.717041365961936,24.055360625535307
25.4935646260845,22.613663875838142,-38.02731606988859,-0.000977133926766079,15.41360706453951,25.487770868188317
26.925925280531935,21.944033696939016,-37.141279192791686,-0.0009743644573048246,15.197177515802434,26.92012721383017
28.35852833888173,20.96521611425908,-35.99697134200307,-0.0009687259547230965,15.031664358126248,28.352725612753073
29.790901956282532,19.986555295753092,-34.85284675976027,-0.0009630883551852201,14.866177708487823,29.78509457147323
31.223034114944603,19.008059452504977,-33.708915045408375,-0.000957451705991344,14.70071895534038,31.21722207223997
32.65542953338951,18.02938373856431,-32.56477304933571,-0.0009518140206479523,14.535229786958451,32.64961283193332
34.087800114113996,17.050724994849492,-31.420650892672363,-0.0009461764330619608,14.369743488156832,34.08197875398703
35.52351164038876,16.06978356980971,-30.273860118069134,-0.0009405256960344679,14.203871199359995,35.51768561072486
36.95267073537675,15.093319054766331,-29.132303171859274,-0.0009349007483563078,14.038755933652286,36.94684005748717
38.385291011108286,14.114489708411948,-27.987981568492806,-0.0009292621780096462,13.873240786797588,38.37945567373582
39.817395524556744,13.136012753592833,-26.844071936067092,-0.0009236256376230266,13.707785227589019,39.81155552937887
41.2502413880961,12.157029275700452,-25.699570141894785,-0.0009179861793978773,13.542244017862135,41.244396732701624
42.68215320151417,11.178683982039557,-24.55581443079175,-0.000912350397448574,13.376810721896915,42.67630388894103
44.11463019482513,10.199952532553208,-23.411607275874758,-0.0009067123910392104,13.211312128912974,44.10877622323512
45.00073894637403,9.594523958931621,-22.703817916400755,-0.0009032248049600244,13.108937185163864,44.994882092786156
45.00073894637403,9.594523958931621,-22.703817916400755,-0.0009032248049600244,13.108937185163864,44.994882092786156
45.00073894637403,9.594523958931621,-22.703817916400755,-0.0009032248049600244,13.108937185163864,44.994882092786156
45.00073894637403,9.594523958931621,-22.703817916400755,-0.0009032248049600244,13.108937185163864,44.994882092786156
45.00073894637403,9.594523958931621,-22.703817916400755,-0.0009032248049600244,13.108937185163864,44.994882092786156
45.00073894637403,9.594523958931621,-22.703817916400755,-0.0009032248049600244,13.108937185163864,44.994882092786156
45.00073894637403,9.594523958931621,-22.703817916400755,-0.0009032248049600244,13.108937185163864,44.994882092786156
45.00073894637403,9.594523958931621,-22.703817916400755,-0.0009032248049600244,13.108937185163864,44.994882092786156
45.00073894637403,9.594523958931621,-22.703817916400755,-0.0009032248049600244,13.108937185163864,44.994882092786156
45.00073894637403,9.594523958931621,-22.703817916400755,-0.0009032248049600244,13.108937185163864,44.994882092786156
45.00073894637403,9.594523958931621,-22.703817916400755,-0.0009032248049600244,13.108937185163864,44.994882092786156
45.00073894637403,9.594523958931621,-22.703817916400755,-0.0009032248049600244,13.108937185163864,44.994882092786156
45.00073894637403,9.594523958931621,-22.703817916400755,-0.0009032248049600244,13.108937185163864,44.994882092786156
45.00073894637403,9.594523958931621,-22.703817916400755,-0.0009032248049600244,13.108937185163864,44.994882092786156
