Joint0,Joint1,Joint2,Joint3,Joint4,Joint5 
46.659121754904135,-20.589248377170357,75.55795337440955,0.003098584192800469,-54.971917589835854,46.65858986348497
46.659121754904135,-20.589248377170357,75.55795337440955,0.003098584192800469,-54.971917589835854,46.65858986348497
46.659121754904135,-20.589248377170357,75.55795337440955,0.003098584192800469,-54.971917589835854,46.65858986348497
46.659121754904135,-20.589248377170357,75.55795337440955,0.003098584192800469,-54.971917589835854,46.65858986348497
46.659121754904135,-20.589248377170357,75.55795337440955,0.003098584192800469,-54.971917589835854,46.65858986348497
46.659121754904135,-20.589248377170357,75.55795337440955,0.003098584192800469,-54.971917589835854,46.65858986348497
46.659121754904135,-20.589248377170357,75.55795337440955,0.003098584192800469,-54.971917589835854,46.65858986348497
46.659121754904135,-20.589248377170357,75.55795337440955,0.003098584192800469,-54.971917589835854,46.65858986348497
46.659121754904135,-20.589248377170357,75.55795337440955,0.003098584192800469,-54.971917589835854,46.65858986348497
46.659121754904135,-20.589248377170357,75.55795337440955,0.003098584192800469,-54.971917589835854,46.65858986348497
46.659121754904135,-20.589248377170357,75.55795337440955,0.003098584192800469,-54.971917589835854,46.65858986348497
46.65911821617132,-20.58909872859848,75.55761614577526,0.0030985764566332534,-54.97173000988245,46.65858631352087
46.64407138024844,-19.952786911552394,74.12370627043157,0.0030656819588362146,-54.17413241510618,46.643491721684086
46.629016913120324,-19.316152380408948,72.68906916840635,0.0030327707781521384,-53.37613030798084,46.628389474422015
46.61401206475906,-18.681616164676065,71.25916055814916,0.002999968071065127,-52.58075837568443,46.61333700340772
46.59897783798617,-18.045837572766864,69.8264522898935,0.0029671011386418885,-51.78382916247087,46.59825506074008
46.5839532452905,-17.41046639389824,68.39466211488485,0.002934255267665267,-50.98741062916698,46.58318278272645
46.568911056030586,-16.77435107840043,66.96119504997317,0.0029013709281264493,-50.19005934313129,46.56809285230031
46.553885819860625,-16.13895268781129,65.52934355415651,0.002868523650424608,-49.393606700759726,46.55301992877013
46.538857219166374,-15.503412015710326,64.09717143115768,0.00283566901739987,-48.59697571282144,46.53794363003726
46.52382522027853,-14.867727638265398,62.664675472413016,0.0028028069554464304,-47.80016459458598,46.52286392232558
46.50879857991871,-14.232269866248295,61.232690162303285,0.002769956607988222,-47.00363751939256,46.50778959014889
46.4937681857334,-13.59665334966024,59.80034712599416,0.0027370980541400027,-46.206911462686335,46.49271149223276
46.478737290116136,-12.961015628143505,58.3679563050049,0.0027042384040910513,-45.41015882624409,46.47763289129322
46.46369400795701,-12.324854095308648,56.93438509068999,0.0026713516753209625,-44.61274960817591,46.46254186449918
46.44867323552354,-11.689644470536908,55.50295897306441,0.0026385141559743773,-43.816533578040506,46.44747341887259
46.433642027713766,-11.0539935467909,54.07053840124164,0.0026056538234287465,-43.01976439300365,46.4323945047497
46.41861165366991,-10.418377881959572,52.63819728434112,0.0025727953136125714,-42.223039403948675,46.41731642703895
46.40358232833432,-9.782806565685602,51.205956105604024,0.002539939096420049,-41.42637000446746,46.40223940136488
46.388551644653226,-9.147177806683688,49.77358548137705,0.002507079909693349,-40.629628602266166,46.38716101303415
46.37348339956968,-8.509960623087599,48.33763538926842,0.002474138608462543,-39.83089615793448,46.37204494408794
46.358489758272874,-7.875898340053146,46.90879477234143,0.002441360401593329,-39.036118285924594,46.35700371570727
46.34343901926734,-7.239421466537372,45.47451294712106,0.0024084573711091184,-38.23831379786158,46.34190520840018
46.3284259437243,-6.604537333606949,44.04382031574091,0.0023756366782466095,-37.442505761893194,46.326844484092526
46.313397070068284,-5.968985118295408,42.61162218045817,0.0023427814484890982,-36.64586030488998,46.31176791153157
46.29836604879241,-5.333342082833725,41.179219384651006,0.0023099215237327698,-35.84910100757867,46.29668918453459
46.28333408612912,-4.697659237279623,39.74672687797705,0.0022770595409712896,-35.052291809521975,46.28160951316244
46.26830416992752,-4.062062934022855,38.31442939181263,0.0022442020320626163,-34.255591089614434,46.26653189474704
46.25327347076456,-3.4264335203124126,36.88205729221933,0.0022113428114903908,-33.45884886675582,46.25145349088531
46.238241839834,-2.790764703318739,35.449596398491735,0.0021784815539432436,-32.662057253074835,46.23637415229873
46.223200062421675,-2.154666804339082,34.01616858118901,0.0021455981147611427,-31.864727798117276,46.2212846350273
46.20818056310832,-1.5195110182201808,32.58486378737655,0.0021127633786340414,-31.068579253102936,46.206217466561476
46.19314934928619,-0.8838598402184346,31.152442642595986,0.0020799030329445175,-30.271809749364213,46.19113854640713
46.178116477552,-0.24813855119652337,29.719863504703408,0.002047039062826315,-29.474952363584713,46.17605796307885
46.163085783800184,0.38749063368375003,28.28749192077214,0.002014179854083594,-28.678210427557786,46.16097956464543
46.148056909242314,1.0230428871336503,26.85529369954573,0.0019813246223544987,-27.881564922749305,46.14590299117976
46.13174147946552,1.6378643418036933,25.422799789179873,0.0019505170871652083,-27.063892968053405,46.129541205687836
46.10319223752684,2.055844204106987,23.98702715699899,0.001939162473906422,-26.046101060825755,46.10095835968944
46.074775416991905,2.4718853291149223,22.55791414218419,0.0019278605273289392,-25.033030029667547,46.0725080909622
46.04629622214754,2.8888396554374602,21.125664255061814,0.001916533773221979,-24.017735329401095,46.043995374507475
46.01781292104312,3.3058541001341744,19.69320785962621,0.0019052053859720142,-23.00229423931965,46.01547854695939
45.989327173328874,3.722904364823548,18.260628421504133,0.0018938760256556407,-21.986765926618332,45.986959269921705
45.96084653615248,4.139879807844902,16.82830599792493,0.0018825486979039434,-20.971419806637435,45.958445109437235
45.93236883234448,4.556812304404742,15.396131096653969,0.001871222536812426,-19.956178262414642,45.929933885773906
45.90388228798673,4.973874232484042,13.963511594458085,0.0018598928596547544,-18.94062154905351,45.90141381115502
45.875399224422786,5.390885199430596,12.531067145192498,0.0018485645668794555,-17.925188927384752,45.872897221427
45.84692179005518,5.807813751204283,11.098905794373392,0.0018372385129498505,-16.909956988819516,45.84438626752121
45.81840587783494,6.225305644294422,9.664809350221605,0.0018258971555969038,-15.893353299400706,45.815836790472204
45.789952962827016,6.641875216358206,8.233881104844821,0.0018145808535145551,-14.878995485827009,45.78735038478676
45.76146203821171,7.059001274317263,6.801041314700725,0.0018032494342395027,-13.863282614529775,45.7588259247545
45.73297223123284,7.476110969336714,5.368257731716318,0.0017919184594711545,-12.847609587418855,45.730302583674195
45.704511960445494,7.892788234896473,3.93695955613923,0.0017805992318459566,-11.83298953736309,45.70180881355116
45.676030399880375,8.309777196941832,2.5045906943307394,0.0017692715368438174,-10.81761049820482,45.6732937285911
45.647546767529484,8.726796491306937,1.0721176401472412,0.001757943017850403,-9.802157599053887,45.64477656940665
45.61906421607315,9.14379996065782,-0.36030105466546286,0.0017466149287507038,-8.786743234226867,45.61626049238904
45.590581148806535,9.560810981813908,-1.7927456901423344,0.0017352866345027786,-7.771310480556475,45.58774389895399
45.55368122715129,9.682514241309006,-3.22076611062128,0.0017317113814533211,-6.464994421067712,45.55080412883195
45.513078697819175,9.676036408476943,-4.648604126799454,0.0017315009452336446,-5.030679779556698,45.510158955045796
45.472590055331565,9.669576745447417,-6.072437171642523,0.001731291099270719,-3.600388275796385,45.469627787718395
45.43189537621993,9.663084210800537,-7.503515748459915,0.0017310801854539186,-2.1628183745718244,45.42889036736865
45.39149681231114,9.656638919141095,-8.92418106899108,0.0017308708063534252,-0.7357089638146093,45.388449373228774
45.35094657633671,9.65016942932694,-10.350180124756523,0.001730660641161606,0.6967583758209437,45.34785654772352
45.31039317963216,9.643699435241702,-11.776290331495222,0.001730450459588243,2.12933737060684,45.307260558168444
45.269847017532754,9.637230595384136,-13.202146124421882,0.0017302403155106465,3.56166079756818,45.266671810816945
45.229302920957316,9.630762085065616,-14.62792928065094,0.0017300301821383205,4.993911258354297,45.226085131158825
45.18874110523545,9.624290747788523,-16.054335552515717,0.001729819956930578,6.426787661207745,45.18548071374403
45.14820137732025,9.61782293445739,-17.479965079420097,0.0017296098462002982,7.858883795811721,45.144898407334495
45.10765610363133,9.611354236339134,-18.905789630296407,0.001729399706727187,9.291175839009824,45.104310549326584
45.067111650231965,9.604885669091999,-20.331585334678962,0.0017291895715055015,10.723438904867438,45.063723512469764
45.02656343842237,9.59841650221835,-21.75751320819187,0.0017289794168045948,12.155834739370144,45.0231327132553
44.99967616259486,9.59412683650084,-22.703037420833557,0.0017288400644840474,13.10564781811501,44.99621719797528
44.99967616259486,9.59412683650084,-22.703037420833557,0.0017288400644840474,13.10564781811501,44.99621719797528
44.99967616259486,9.59412683650084,-22.703037420833557,0.0017288400644840474,13.10564781811501,44.99621719797528
44.99967616259486,9.59412683650084,-22.703037420833557,0.0017288400644840474,13.10564781811501,44.99621719797528
44.99967616259486,9.59412683650084,-22.703037420833557,0.0017288400644840474,13.10564781811501,44.99621719797528
44.99967616259486,9.59412683650084,-22.703037420833557,0.0017288400644840474,13.10564781811501,44.99621719797528
44.99967616259486,9.59412683650084,-22.703037420833557,0.0017288400644840474,13.10564781811501,44.99621719797528
44.99967616259486,9.59412683650084,-22.703037420833557,0.0017288400644840474,13.10564781811501,44.99621719797528
44.99967616259486,9.59412683650084,-22.703037420833557,0.0017288400644840474,13.10564781811501,44.99621719797528
44.99967616259486,9.59412683650084,-22.703037420833557,0.0017288400644840474,13.10564781811501,44.99621719797528
44.99967616259486,9.59412683650084,-22.703037420833557,0.0017288400644840474,13.10564781811501,44.99621719797528
44.99967616259486,9.59412683650084,-22.703037420833557,0.0017288400644840474,13.10564781811501,44.99621719797528
