Joint0,Joint1,Joint2,Joint3,Joint4,Joint5 
3.9258857003691934,16.68484663687388,23.209761461052068,0.004652802999453504,-39.89390354010332,3.919254813155302
3.9258857003691934,16.68484663687388,23.209761461052068,0.004652802999453504,-39.89390354010332,3.919254813155302
3.9258857003691934,16.68484663687388,23.209761461052068,0.004652802999453504,-39.89390354010332,3.919254813155302
3.9258857003691934,16.68484663687388,23.209761461052068,0.004652802999453504,-39.89390354010332,3.919254813155302
3.9258857003691934,16.68484663687388,23.209761461052068,0.004652802999453504,-39.89390354010332,3.919254813155302
3.9258857003691934,16.68484663687388,23.209761461052068,0.004652802999453504,-39.89390354010332,3.919254813155302
3.9258857003691934,16.68484663687388,23.209761461052068,0.004652802999453504,-39.89390354010332,3.919254813155302
3.9258857003691934,16.68484663687388,23.209761461052068,0.004652802999453504,-39.89390354010332,3.919254813155302
3.9258857003691934,16.68484663687388,23.209761461052068,0.004652802999453504,-39.89390354010332,3.919254813155302
3.9258857003691934,16.68484663687388,23.209761461052068,0.004652802999453504,-39.89390354010332,3.919254813155302
3.9258857003691934,16.68484663687388,23.209761461052068,0.004652802999453504,-39.89390354010332,3.919254813155302
3.9254910525214197,16.684998893141618,23.209316172577626,0.00465278949235017,-39.89361053282321,3.918860139587813
2.654896986542883,17.17519771568065,21.77568135999597,0.004609302506569947,-38.950254795577905,2.648183267332121
1.3806205477843376,17.666817208163963,20.337891658019135,0.00456568948896177,-38.004165071466375,1.373823782311371
0.11568429005067253,18.154833232109763,18.910640655247356,0.004522396145693565,-37.06500998808129,0.10880508702731441
-1.173658804951233,18.652265483638512,17.45585096603774,0.004478267461057379,-36.10773398741704,-1.1806220361504896
-2.4237692042147727,19.134561649008088,16.045328253912285,0.004435481543342097,-35.179586399676616,-2.430813906743832
-3.6923281557780054,19.6239753185885,14.613989698610194,0.004392064210800472,-34.23774163821109,-3.6994555319531504
-4.96280624071182,20.114129395308957,13.180485749588955,0.004348581194554011,-33.29447201138207,-4.970016415605484
-6.232589036039864,20.604015227312082,11.747766308704776,0.0043051219750889205,-32.35171860405715,-6.239881964339113
-7.502681867387411,21.09402067209775,10.314697048438772,0.004261652144420511,-31.408735009715322,-7.510057569297698
-8.770700826643475,21.583226011102525,8.883967776456045,0.004218253293499736,-30.46729116688673,-8.778159167007843
-10.039792267799617,22.072845116689955,7.452028403286018,0.004174817736122993,-29.525051057193213,-10.047333316513116
-11.309352673028991,22.56264514995733,6.019559889268226,0.004131366128117232,-28.582462763952403,-11.316976460654619
-12.578848917991287,23.052420430010276,4.587163768467851,0.0040879167160422555,-27.639922106662112,-12.58655544034764
-13.848227874329222,23.542150459776682,3.1548999865942133,0.004044471318253883,-26.697468530603878,-13.856017123772443
-15.123324584456384,24.034086415298678,1.7161847572429796,0.004000830226274593,-25.750769793966306,-15.131196933619968
-16.392840509506716,24.483850656194058,0.2995082574553508,0.003956996939666248,-24.783937510268807,-16.400796313994846
-17.758080727419667,24.320386846115507,-0.9694277032487301,0.0039036617842782093,-23.35162035707443,-17.766137911929004
-19.123377182613446,24.156916302599083,-2.238415934247106,0.0038503244318965043,-21.919244203551084,-19.131535751320058
-20.49629184378688,23.99253361119904,-3.5144849817910226,0.00379668946287974,-20.478875546614745,-20.50455236240358
-21.854112549856588,23.829958158831396,-4.7765248041707,0.003743644161842511,-19.0543424404635,-21.862473897536304
-23.2194865002691,23.66647833660815,-6.045585063863036,0.003690303781993934,-17.621884984229006,-23.227949237900734
-24.584841349939722,23.503000801367083,-7.3146275701827745,0.003636964148344467,-16.189447567193405,-24.59340547610488
-25.95183928666085,23.339326534982266,-8.58519725993706,0.0035835603250366486,-14.755286335011009,-25.960504923371925
-27.315342415659128,23.176070711138454,-9.852518666248546,0.003530293031630679,-13.324791617323932,-27.324109303398636
-28.68059384279945,23.012605558949563,-11.121465045479358,0.0034769574383373713,-11.892462704170809,-28.689462111392544
-30.045954604279384,22.849127315871982,-12.390513046588472,0.0034236175737342132,-10.46001908486707,-30.05492426184501
-31.411243700431072,22.685657653473065,-13.659494437652729,0.0033702805088445167,-9.027650651950015,-31.420314741647505
-32.77655962500152,22.52218477883685,-14.928500764654908,0.0033169423958624316,-7.59525407248127,-32.785732051860975
-33.695124457296885,21.728203885878138,-15.568280343829127,0.0032880410368794997,-6.161544646503285,-33.70437704956361
-34.534894591250485,20.82694231901008,-16.098309042038093,0.0032634095922746812,-4.730299884482468,-34.544223537676984
-35.379938482237655,19.92002082886636,-16.63166632084567,0.0032386234621803707,-3.290066904346611,-35.3893442623281
-36.217079175610294,19.021581241063966,-17.160035423277414,0.0032140691421569025,-1.8633035746921,-36.226561070784705
-37.05632267009012,18.120884876384125,-17.689731728104636,0.003189453144506555,-0.43295637970521683,-37.06588087154082
-37.89657574879623,17.219105001556823,-18.2200652413673,0.003164807534564774,0.9991114791601117,-37.90621034831734
-38.740717598864165,16.313151603488997,-18.752853188693777,0.003140047862390357,2.4378070846161797,-38.75042895003323
-39.57748674002819,15.41511077448043,-19.28098778250764,0.0031155044404296735,3.863937166991588,-39.58727417249869
-40.41795904033645,14.513095625741073,-19.81145965951499,0.003090852400460756,5.296378651635108,-40.42782289080957
-41.25916529261888,13.610292782036742,-20.342394777108893,0.003066178832818178,6.730071032060863,-41.26910562782752
-42.09911809723353,12.70883516860839,-20.87253876959752,0.003041542030268266,8.161627125023598,-42.10913480321084
-42.93923383046263,11.80720269626042,-21.40278559599024,0.0030169004488306817,9.593460901981736,-42.94932692202253
-43.7798093962143,10.90507672055597,-21.933322649938667,0.0029922453799649915,11.02607838493597,-43.789978915165996
-44.620143283680754,10.003210119817595,-22.463707166398894,0.0029675973998073337,12.458283968531298,-44.6303892080502
-45.00047338275848,9.595030682180177,-22.703756031145723,0.0029564418711832403,13.106491662678627,-45.01075388776372
-45.00047338275848,9.595030682180177,-22.703756031145723,0.0029564418711832403,13.106491662678627,-45.01075388776372
-45.00047338275848,9.595030682180177,-22.703756031145723,0.0029564418711832403,13.106491662678627,-45.01075388776372
-45.00047338275848,9.595030682180177,-22.703756031145723,0.0029564418711832403,13.106491662678627,-45.01075388776372
-45.00047338275848,9.595030682180177,-22.703756031145723,0.0029564418711832403,13.106491662678627,-45.01075388776372
-45.00047338275848,9.595030682180177,-22.703756031145723,0.0029564418711832403,13.106491662678627,-45.01075388776372
-45.00047338275848,9.595030682180177,-22.703756031145723,0.0029564418711832403,13.106491662678627,-45.01075388776372
-45.00047338275848,9.595030682180177,-22.703756031145723,0.0029564418711832403,13.106491662678627,-45.01075388776372
-45.00047338275848,9.595030682180177,-22.703756031145723,0.0029564418711832403,13.106491662678627,-45.01075388776372
-45.00047338275848,9.595030682180177,-22.703756031145723,0.0029564418711832403,13.106491662678627,-45.01075388776372
-45.00047338275848,9.595030682180177,-22.703756031145723,0.0029564418711832403,13.106491662678627,-45.01075388776372
-45.00047338275848,9.595030682180177,-22.703756031145723,0.0029564418711832403,13.106491662678627,-45.01075388776372
-45.00047338275848,9.595030682180177,-22.703756031145723,0.0029564418711832403,13.106491662678627,-45.01075388776372
