Joint0,Joint1,Joint2,Joint3,Joint4,Joint5 
0.001331099335324672,-0.0047936261290015625,-0.0011589219470393485,0.002348300860182206,0.005530004922389953,-0.0003909956678051756
0.001331099335324672,-0.0047936261290015625,-0.0011589219470393485,0.002348300860182206,0.005530004922389953,-0.0003909956678051756
0.001331099335324672,-0.0047936261290015625,-0.0011589219470393485,0.002348300860182206,0.005530004922389953,-0.0003909956678051756
0.001331099335324672,-0.0047936261290015625,-0.0011589219470393485,0.002348300860182206,0.005530004922389953,-0.0003909956678051756
0.001331099335324672,-0.0047936261290015625,-0.0011589219470393485,0.002348300860182206,0.005530004922389953,-0.0003909956678051756
0.001331099335324672,-0.0047936261290015625,-0.0011589219470393485,0.002348300860182206,0.005530004922389953,-0.0003909956678051756
0.001331099335324672,-0.0047936261290015625,-0.0011589219470393485,0.002348300860182206,0.005530004922389953,-0.0003909956678051756
0.001331099335324672,-0.0047936261290015625,-0.0011589219470393485,0.002348300860182206,0.005530004922389953,-0.0003909956678051756
0.001331099335324672,-0.0047936261290015625,-0.0011589219470393485,0.002348300860182206,0.005530004922389953,-0.0003909956678051756
0.001331099335324672,-0.0047936261290015625,-0.0011589219470393485,0.002348300860182206,0.005530004922389953,-0.0003909956678051756
0.001331099335324672,-0.0047936261290015625,-0.0011589219470393485,0.002348300860182206,0.005530004922389953,-0.0003909956678051756
0.001331099335324672,-0.0047936261290015625,-0.0011589219470393485,0.002348300860182206,0.005530004922389953,-0.0003909956678051756
0.001331099335324672,-0.0047936261290015625,-0.0011589219470393485,0.002348300860182206,0.005530004922389953,-0.0003909956678051756
0.001331099335324672,-0.0047936261290015625,-0.0011589219470393485,0.002348300860182206,0.005530004922389953,-0.0003909956678051756
0.0013500166788667474,-0.004698951314314778,-0.0012667326848267734,0.002348300999745215,0.00554314162081789,-0.0003720788626764224
0.04610574171206647,0.21856864034195708,-0.2551316973582384,0.0023186460400313707,0.03614772185880078,0.04440439306413441
0.1455728516203496,0.7099313058440437,-0.8111434793614509,0.0022592704970021693,0.10081152238374609,0.1439130361412442
0.25323032497068043,1.234372396048209,-1.400502828605135,0.002169904956374542,0.16574983553215025,0.2516342359208424
0.36286442156750687,1.760811488848684,-1.987858860481401,0.002080517295835478,0.22668655771538787,0.3613323842530221
0.47514593560838464,2.292214407221751,-2.5764289985042943,0.001991016873558364,0.28387331944746136,0.4736783164318304
0.590225180269886,2.8289578098661043,-3.1664963169995923,0.0019014951768907328,0.33721651263301167,0.5888222629060195
0.7076307099706811,3.3685503483228194,-3.755214277954787,0.0018119164108827202,0.3863609248619484,0.7062927943110379
0.8285155736313393,3.915938861429158,-4.347840444715279,0.0017223313259698873,0.43161729649901054,0.8272428962406737
0.9512378253390799,4.4633908311497015,-4.935898317700545,0.0016326365506589319,0.4722415981218519,0.950030694678
1.0781510147395361,5.021049609244207,-5.530147307972554,0.001542903714630081,0.508849933281291,1.077009655107596
1.2073954278250687,5.580343303029898,-6.121296024388394,0.0014530757141379687,0.5407227439191785,1.206320097609286
1.3381440848280868,6.137570279029325,-6.70543427883496,0.0013631795786455125,0.5676514394673651,1.3371350023092834
1.4715237974018396,6.697386097273386,-7.287432356568866,0.0012732347731693229,0.5898507604809247,1.4705811413679852
1.6075403618258268,7.259565753419445,-7.866990440385022,0.0011832249518137796,0.6072458840373374,1.6066643019078746
1.7448305004455404,7.8183581582936625,-8.438191419976624,0.0010931455507816117,0.6196707503221168,1.744021186910141
1.8846720675923818,8.378863705366532,-9.006270447594538,0.0010030161067666418,0.6272601319421757,1.8839296133632142
2.027191455158086,8.941362276135427,-9.571463522657321,0.0009127899017397822,0.629970143363078,2.026515985630152
2.173301792971241,9.509143877998321,-10.136982249707275,0.0008225307605674682,0.6277223729112792,2.172693365546518
2.3213938592013497,10.075710184536595,-10.696302727923406,0.0007322194819599523,0.6204912107782518,2.3208525197317567
2.4716790594456244,10.641759539566435,-11.250140606496768,0.0006417947741281056,0.6082939636319459,2.4712048759553435
2.6244092175236395,11.208092266911926,-11.79928553968968,0.0005513351016538342,0.5911199429765424,2.624002177198558
2.779470937103384,11.774133959895334,-12.343185977720081,0.0004607786052201976,0.5689920013029584,2.7791310492331136
2.9368275980901974,12.339614328308912,-12.881599107074043,0.0003701570246283029,0.5419375995129726,2.9365548252019398
3.09749457563302,12.907968762531038,-13.41777201115552,0.00027951843819581706,0.5097684185923579,3.0972888232870464
3.2601010205249485,13.47416913309861,-13.94695957512097,0.00018875334744532596,0.47276746634187067,3.2599622493283045
3.424449747632175,14.037484176203682,-14.468552095105084,9.800326622623782e-05,0.4310562756539851,3.4243777916106795
3.5380379692855617,14.421691298764856,-14.821504823137698,3.744825054026178e-05,0.39980915172619397,3.538010501087279
3.576331632823978,14.550249650770422,-14.942951100626313,7.113204555632814e-06,0.39270062556589613,3.576326417120927
3.5763316705385853,14.547108850214604,-15.217452263084086,7.113521314600552e-06,0.6703425885794954,3.576326420364447
3.576331742341814,14.53655069468402,-15.737120242870619,7.1145905162208794e-06,1.2005687238966318,3.5763264263244854
3.576331816374452,14.519315466525146,-16.26887025253103,7.116340154996734e-06,1.7495539617159326,3.5763264321575488
3.576331889675264,14.495821381152892,-16.791292165564485,7.1187290485325665e-06,2.2954699601216615,3.5763264376006707
3.576331962781083,14.465937505067183,-17.308269678944043,7.121772093923513e-06,2.8423313495869316,3.576326442679466
3.576332034903428,14.430062006522274,-17.814304410588015,7.125430708339113e-06,3.384241579775808,3.5763264473272685
3.5763321071550287,14.387674276683084,-18.31725287757555,7.1297604044351495e-06,3.929577776602545,3.57632645160166
3.576332178917496,14.339104310638598,-18.812817603644117,7.134730376161659e-06,4.4737124687156085,3.5763264554482204
3.5763322385492136,14.293781323413002,-19.221578269895247,7.139376321926662e-06,4.927796122192338,3.576326458327055
3.5763322667767827,14.2707413777435,-19.41410671632758,7.141741088214094e-06,5.143364514294178,3.5763264595854967
3.5763323050495424,14.237862367457817,-19.674155212540775,7.145119186691461e-06,5.436292020793048,3.57632646118156
3.580888379504631,14.313450630505049,-19.764023961073082,7.145354155181121e-06,5.450572506843733,3.5808825338415478
3.6073529689697903,14.775034669133978,-20.085342093682943,7.1440876154043e-06,5.310306604110233,3.6073471408394377
3.642387426959092,15.37779812460412,-20.50038569792819,7.142452573610407e-06,5.122586757235107,3.6423816222842023
3.677797521277773,15.977641451710706,-20.9083211394223,7.1408527226557965e-06,4.930678876019352,3.6777917405715175
3.7138465291451705,16.578856194012484,-21.312110507486445,7.139283180570205e-06,4.733253506258083,3.713840773086402
3.750388131009458,17.17879147808414,-21.709995873685557,7.137757644645652e-06,4.531203592923418,3.750382400165228
3.7879436509472555,17.78565691671769,-22.107375045992427,7.136262841035994e-06,4.321717331260857,3.7879379462350973
3.8260271495118,18.391242535390486,-22.498825150123416,7.134826853549546e-06,4.107581821449097,3.826021471501251
3.864916873888704,18.999704739482155,-22.88703837577155,7.133447419130939e-06,3.8873328478360767,3.8649112233317404
3.9043442310845484,19.606575179899014,-23.26917333792737,7.132142344490039e-06,3.6625973744727234,3.9043386085303085
3.9443454868332406,20.212239943177416,-23.645533470966168,7.130917871772835e-06,3.4332927492024536,3.944339892841331
3.985206583318944,20.82074194341376,-24.018636666430833,7.129773856290184e-06,3.1978939495073364,3.985201018639083
4.027257036884428,21.436480038847034,-24.391081691801823,7.1287121937501244e-06,2.954600884669797,4.027251502490571
4.066963277676744,22.008377209940242,-24.732441441859425,7.127819766345744e-06,2.7240634685680374,4.06695777197344
4.085580253249895,22.27340197363327,-24.889146935563208,7.1274387038107715e-06,2.615744200892232,4.085574761024701
3.7927414482719892,22.29431228781556,-24.901470973844926,7.123407306445108e-06,2.6071578886108946,3.7927359572972033
3.2117439059373165,22.330319905346045,-24.92267923626663,7.114871563240573e-06,2.592358461384459,3.2117384171867167
2.5993816333124427,22.361781361594733,-24.941195659960826,7.105098622922303e-06,2.5794133529158696,2.5993761466075656
1.9843835129195533,22.38668920006495,-24.955845613436843,7.094482593467551e-06,2.569155391789313,1.984378027961358
1.3724325268479722,22.404830556623832,-24.96651051704116,7.083123301943191e-06,2.5616788631962413,1.3724270433223367
0.7609283805261318,22.416347834688825,-24.9732789596835,7.070980444750253e-06,2.5569299523151594,0.7609228981287238
0.1456182105010121,22.42127157097686,-24.97617193394357,7.057964260187721e-06,2.5548991144937423,0.14561272893420749
-0.46525656368491797,22.419548479247272,-24.975159430398623,7.0442517015056334e-06,2.555609627573508,-0.4652620447277385
-1.079209995726436,22.411177921081173,-24.970240614636033,7.029678142148276e-06,2.5590612946450677,-1.079215476542527
-1.6941467480940906,22.396119198356285,-24.96138933575561,7.014287134972097e-06,2.565268663197765,-1.694152228982187
-2.307544691116231,22.374436256759076,-24.948639175597258,6.998144618377191e-06,2.5742013697022554,-2.3075501723718364
-2.9183740653514576,22.346222759039918,-24.932039511219482,6.981287484597099e-06,2.585815128599281,-2.9183795472636938
-3.533443329978903,22.311124529981473,-24.911374353552482,6.963526649853252e-06,2.6002481252159386,-3.5334488128422863
-4.004240465327806,22.279714177884276,-24.892866620267984,6.949399777704983e-06,2.6131506869248793,-4.004245949113714
-4.082989937997734,22.239973033912566,-24.813034719043994,6.946758655707326e-06,2.5730599201323696,-4.082995416807463
-4.067375684936617,22.037061206772055,-24.35666698785735,6.945925248313225e-06,2.319604017977533,-4.067381133010666
-4.047410746149715,21.773755551315027,-23.7663213104982,6.9450447567610495e-06,1.9925639984938666,-4.047416154574432
-4.02778535031788,21.510634311863093,-23.178404892318447,6.944387508617215e-06,1.6677688221435858,-4.027790719373911
-4.008392406956712,21.24636533401324,-22.589874545298304,6.943947182623436e-06,1.3435074553228838,-4.0083977367147865
-3.9891890746848673,20.980420554054625,-21.9995110991369,6.943722408496086e-06,1.0190887914468942,-3.989194365129537
-3.9702645791609954,20.71410765126319,-21.41016852422238,6.9437130266421235e-06,0.6960591216170257,-3.97026983046179
-3.9513825599269956,20.444123933473506,-20.81451109875936,6.943920186138623e-06,0.370385416231942,-3.9513877717623282
-3.9327610891321014,20.173604865229184,-20.219432931748084,6.94434310262138e-06,0.04582631972185733,-3.9327662616334402
-3.9144557278662138,19.903470539053394,-19.62689650171403,6.9449772242933885e-06,-0.27657578191768933,-3.914460861289027
-3.8961980510696317,19.62979960855776,-19.028269419057143,6.9458323529932496e-06,-0.6015319318658018,-3.8962031450959387
-3.8790350766329245,19.368597875668165,-18.458428717756384,6.946845476283775e-06,-0.9101708981964001,-3.8790401332309563
-3.870128721039397,19.231522984615527,-18.159958383279967,6.947453262539946e-06,-1.071566340540424,-3.8701337580606014
-3.8655727533735655,19.160994677545723,-18.00653914204073,6.947786244616367e-06,-1.1544572741575236,-3.8655777803389704
-3.880554404630271,19.383537513270603,-18.1443109753884,6.94754562880928e-06,-1.2392282783510173,-3.880559421323616
-3.918058281314337,19.934324912721596,-18.48881232673143,6.946989720666649e-06,-1.445514331005172,-3.9180632730147713
-3.9592792918824973,20.529259619102998,-18.856218130610657,6.946481841279418e-06,-1.6730432385032714,-3.9592842560205357
-4.001271674750713,21.124373384631944,-19.218860701348124,6.946076029309539e-06,-1.9055144383832385,-4.001276610731365
-4.044365799859269,21.723916509407246,-19.579293559204736,6.945776894566671e-06,-2.1446247105229475,-4.044370706881374
-4.078931169587567,22.19682144577034,-19.86013103426271,6.945622854470172e-06,-2.336692176015073,-4.078936053350011
-4.031806608401648,22.24234946573909,-19.887007871298486,6.947165906786966e-06,-2.355343353239703,-4.031811489841499
-3.617425709017785,21.890729043602686,-19.678704741715922,6.959024657862692e-06,-2.212026010439768,-3.6174306073627447
-3.0866915126215027,21.430348952188147,-19.403421700863564,6.97373509688821e-06,-2.026928895392658,-3.0866964329113875
-2.5599787982018336,20.9620415277642,-19.120423731027927,6.987804764693654e-06,-1.8416193766684512,-2.5599837405807397
-2.045005023822345,20.492876669651157,-18.83388972850189,7.001052611083453e-06,-1.6589884582457157,-2.0450099880802304
-1.5324180879138714,20.01449362318762,-18.53860585654339,7.013741457694693e-06,-1.475889221074372,-1.532423074208966
-1.0760591773862034,19.578769063188815,-18.26690308287451,7.024621713297611e-06,-1.3118673788541133,-1.076064183504004
-0.8748515448154977,19.383659771103726,-18.14438776884864,7.02929434488513e-06,-1.239273376124543,-0.8748565597299904
-0.43643756941539213,18.952050357399308,-17.871490004833245,7.03921227227334e-06,-1.0805616726226657,-0.4364426036097244
0.06733439540194099,18.44489164462615,-17.547512652146573,7.050163645581473e-06,-0.8973802506056532,0.06732933887790649
0.5603922768269103,17.936604549971538,-17.219213458001153,7.060421936776578e-06,-0.7173922893887718,0.560387198286832
1.0411647435838665,17.42931502914852,-16.887952413913276,7.069986821940333e-06,-0.5413637533730711,1.0411596434444261
1.510828704022275,16.922313330802922,-16.55326785873573,7.07891359980168e-06,-0.3690465522166826,1.5108235826784882
1.9712685795853073,16.413997931574286,-16.214079966051848,7.087265015964871e-06,-0.19991898875191738,1.9712634373755975
2.4215208056312334,15.905842410219867,-15.87134795754199,7.095048536478552e-06,-0.03449542018274169,2.4215156429644127
2.8604251132808747,15.399655452707053,-15.526303097474958,7.102270982665671e-06,0.12664673164078033,2.8604199306439226
3.208751523621284,14.990123957364354,-15.244477165423211,7.1077462150613025e-06,0.2543523381257402,3.208746325130255
3.3897839987942975,14.774498814011416,-15.095130297133267,7.1105019768282325e-06,0.3206306356503583,3.3897787920660276
3.5617546018951005,14.567879006331218,-14.951398001978633,7.113062840511821e-06,0.3835181695210482,3.5617493873455155
3.5763333549497154,14.549047188106613,-15.066069177740507,7.113401812280402e-06,0.5170211653173956,3.5763281238236955
3.576333252082934,14.541293798620853,-15.539168803411421,7.114185902624962e-06,0.9978741804740481,3.576327961249721
3.5763331359428574,14.526569470842137,-16.069071152834557,7.115679523571771e-06,1.542500857675877,3.5763277774623417
3.576333019213053,14.505327419374314,-16.597137082183874,7.11783820765823e-06,2.0918088384929967,3.576327592468825
3.5763329038553744,14.477924593191615,-17.11454297113057,7.120627112608385e-06,2.636617553622359,3.5763274093595356
3.5763327888091805,14.444182372577746,-17.626146430215567,7.1240662422099204e-06,3.1819632333212136,3.576327226435674
3.576332674699418,14.4043207582666,-18.129240627583982,7.128135421986609e-06,3.7249190450007577,3.5763270446744966
3.5763325604857554,14.357977831439554,-18.628458684296024,7.1328743134280145e-06,4.270480028539838,3.576326862400843
3.5763324513272434,14.307595540243208,-19.101525801281802,7.138035759371876e-06,4.793929436721942,3.5763266878500946
3.5763323958889446,14.279708226312428,-19.340263207080614,7.140896868565284e-06,5.060554156451524,3.5763265990657587
3.5763323297603233,14.24440166563938,-19.623697062323732,7.144523382261002e-06,5.379294572367684,3.5763264930369725
3.559012248667813,14.23461902859086,-19.708843688471596,7.145396412320644e-06,5.474223833413855,3.55900640007709
3.185915851331467,14.258774395546704,-19.725761026529728,7.1397568074490566e-06,5.4669857582165085,3.1859100041766153
2.6198797121684447,14.290300770275854,-19.747828179950893,7.130641348252221e-06,5.457526466737118,2.6198738670539603
2.0471914018270816,14.315926822431106,-19.765754919242713,7.120733199057195e-06,5.4498270829711455,2.047185558607512
1.4742925084208223,14.33526098037297,-19.779273964110104,7.11013230693441e-06,5.444011899069272,1.4742866669264563
0.9040402473623735,14.348254121073891,-19.78835618115192,7.098896840882133e-06,5.440100905017506,0.9040344074163472
0.3318296881046906,14.355027679904014,-19.793089951583337,7.086938334002062e-06,5.438061046099301,0.3318238495435705
-0.24054559057446775,14.355528015680779,-19.79343959059126,7.074291516403176e-06,5.437910278912805,-0.24055142791852577
-0.8131261222407368,14.349749263710207,-19.789401133512172,7.060955967865615e-06,5.439650503490638,-0.8131319585345312
-1.3855703274905145,14.337691538547208,-19.78097311016291,7.046940729575328e-06,5.443280135143747,-1.3855761629001293
-1.957352087498064,14.3193744952128,-19.768166030680455,7.032261387828496e-06,5.448790029059256,-1.957357922188435
-2.528759840777579,14.294798994356755,-19.750975597363364,7.016913727316497e-06,5.456175026857242,-2.528765674910977
-3.1006178834989533,14.26391894702625,-19.72936296794097,7.0008768771835385e-06,5.465442375126226,-3.100623717234775
-3.524685561973833,14.236952494824086,-19.71047830915995,6.988548044573709e-06,5.473524117011115,-3.5246913955167063
-3.5737705108941644,14.199059557847685,-19.593853365684023,6.98617140556855e-06,5.394792104552311,-3.573776334653511
-3.562881498635536,14.05118513823397,-19.106483018641217,6.9827087293822176e-06,5.0552961784450705,-3.562887280866293
-3.5500099979810593,13.872152704374624,-18.524183974301064,6.978916529255497e-06,4.652029569526883,-3.550015730933738
-3.5372483822908802,13.69006886784519,-17.940111345282943,6.9754821610868145e-06,4.250040778587551,-3.5372540661723257
-3.5246691013956704,13.50607072172499,-17.357687677826704,6.972418014197583e-06,3.8516152587788013,-3.524674736686006
-3.5122339676104506,13.319720361577476,-16.77527966710229,6.969706576969606e-06,3.4555576097117773,-3.512239554638334
-3.4998257547919067,13.129298631518727,-16.187409542297313,6.967320121011676e-06,3.0581092164722286,-3.499831293423171
-3.4875767078095823,12.93687953249968,-15.600367229823936,6.965281539714295e-06,2.663486004505343,-3.487582198418655
-3.4753912384065306,12.741025201784744,-15.009626296959365,6.9635711320308655e-06,2.268599403835492,-3.475396680987137
-3.463392268699315,12.543790288096101,-14.42122571469088,6.962201368779761e-06,1.8774337367128768,-3.4633976637249826
-3.4515071949244787,12.344087265593675,-13.831728107358929,6.961157335775886e-06,1.4876391533268083,-3.4515125425782625
-3.442444923706613,12.188876311470404,-13.377692162793902,6.960573713222168e-06,1.1888141639857188,-3.442450235052432
-3.4392841306100026,12.134137168278443,-13.218392791009116,6.960413905032528e-06,1.0842539357768006,-3.4392894292528005
-3.448780294104283,12.306996774901897,-13.33860562799364,6.960015850548188e-06,1.0316071649844856,-3.4487855863453434
-3.47817513403104,12.836487973441011,-13.72292068465778,6.958853079538564e-06,0.8864310195395638,-3.4781804086212285
-3.5114116563383506,13.42598416614012,-14.146026169528385,6.957586608363426e-06,0.7200403076750805,-3.511416910705584
-3.5451163261284586,14.014065356872763,-14.563132549764166,6.956357282547347e-06,0.5490654930859846,-3.5451215597231753
-3.5719665809394896,14.475714397254178,-14.887088395419212,6.955419299290662e-06,0.4113722951000295,-3.5719717978104932
-3.5763363119899374,14.549547269450702,-15.018866457898849,6.955342518652581e-06,0.46931748485269703,-3.576341535894343
-3.5763363192886515,14.543002394557922,-15.456861493843787,6.955989264267432e-06,0.9138573956904242,-3.576341597163563
-3.5763363282654366,14.529192594154516,-15.989584052832411,6.9573585256945466e-06,1.4603897550824352,-3.5763416725123456
-3.5763363372763135,14.508943948189787,-16.51784627523307,6.959370073288042e-06,2.0089006234478224,-3.576341748167807
-3.576336346229062,14.482489578348499,-17.03641048653382,6.962002072852811e-06,2.5539192045898536,-3.5763418233849755
-3.5763363551700746,14.449761106728516,-17.548168268144412,6.965263043255216e-06,3.09840545782041,-3.57634189858169
-3.576336364085559,14.410839373147615,-18.05248977119964,6.969147065335781e-06,3.6416486944565314,-3.5763419736694035
-3.5763363730461712,14.365380569766396,-18.553464375331643,6.973691071077406e-06,4.188082101969738,-3.5763420492713087
-3.576336381744889,14.315153935744956,-19.034239443722345,6.978720863536004e-06,4.719083804381876,-3.576342122818274
-3.5763363866303957,14.284303235052063,-19.301892449544166,6.981815002338289e-06,5.017587510896577,-3.5763421642011584
-3.5763363916612896,14.250543470010443,-19.57575104795865,6.985204945489148e-06,5.325205874352679,-3.5763422068787767
-3.5764661798963666,14.235713079933014,-19.709610049914914,6.986912978561755e-06,5.473895266370615,-3.5764720133236287
-3.5912687351086614,14.495079068738423,-19.89082081961784,6.985563648046487e-06,5.395740045471316,-3.5912745589212145
-3.6238772916799737,15.060427016417494,-20.282495436872498,6.9826198352519575e-06,5.222066711089127,-3.623883094140862
-3.6590638246967453,15.661384120482467,-20.693876150168457,6.979491180347006e-06,5.032490316050074,-3.6590696038718726
-3.694870749775072,16.263487463835677,-21.100934371719717,6.976363000604962e-06,4.837445189903435,-3.6948765050149
-3.7310819106386957,16.862931023023066,-21.501139646106427,6.973261064617543e-06,4.638206900709713,-3.7310876414510843
-3.7680425182558244,17.46521347200167,-21.89818470228702,6.970163068713889e-06,4.4329695034284375,-3.768048223928136
-3.8058712765979847,18.07187914166469,-22.29302089644393,6.967067737262073e-06,4.221140023334519,-3.8058769563462245
-3.844287096579076,18.678101180859105,-22.682482483538195,6.964006396989395e-06,4.004379566576116,-3.844292749823561
-3.883412508647269,19.285561442630975,-23.067665190959307,6.96097719058175e-06,3.7821020074818685,-3.8834181347374432
-3.92313390263994,19.892247542917875,-23.44731283429365,6.957996840103706e-06,3.555063545714405,-3.9231395010183245
-3.963539488564714,20.499273919964008,-23.822153758867913,6.955066545820492e-06,3.3228780883455564,-3.9635450586272736
-4.005028149490676,21.112225590696106,-24.195585165925937,6.952167063352271e-06,3.0833578196441302,-4.0050336903674575
-4.0473583386368714,21.727076118538136,-24.565083663382147,6.949325655853777e-06,2.8380057841299546,-4.047363849641965
-4.08000718221055,22.194204954778094,-24.842417093580455,6.9472162199453834e-06,2.648210374133498,-4.080012670124401
-4.083109196659989,22.24151631065743,-24.816515000063934,6.9467151998411364e-06,2.574996924361912,-4.0831146756832615
-4.067668272180854,22.04089070587106,-24.365272450405357,6.945889431627118e-06,2.3243799813599906,-4.067673720812847
-4.047674263300285,21.777262380981863,-23.7741741051444,6.945004730676682e-06,1.9969099634102065,-4.0476796722309665
-4.028044296395761,21.514136749857098,-23.18622116201884,6.94434455462951e-06,1.6720826537874562,-4.028049665954052
-4.008575254350005,21.248879725586956,-22.595467936364685,6.943900085735663e-06,1.3465864547622228,-4.008580584460919
-3.989383007442129,20.98312999782461,-22.005518808814177,6.9436733669902335e-06,1.0223870572995004,-3.989388298266471
-3.970493961122703,20.717363072738422,-21.417363882472458,6.943661621255562e-06,0.6999990583328531,-3.9704992128812124
-3.9516631482780764,20.44816896347344,-20.823424188725685,6.943865282562718e-06,0.37525347613308874,-3.9516683606839136
-3.9330605100735454,20.177989734998956,-20.22906625875031,6.944284344966172e-06,0.05107477688676282,-3.933065683191848
-3.914656751680373,19.906460807175762,-19.633447588446177,6.944918868225651e-06,-0.27301496336353914,-3.9146618855159727
-3.8964831424303936,19.634106385254757,-19.037678020235557,6.945767070034198e-06,-0.5964301074502341,-3.896488237056731
-3.879220847256331,19.371446184117282,-18.464635068807954,6.9467832099920066e-06,-0.9068128556477427,-3.8792259042433472
-3.8702022429699396,19.232659001555195,-18.1624304530312,6.947397826066118e-06,-1.0702302877690768,-3.870207280135062
-3.8655916159793335,19.16128723818433,-18.007175343787836,6.947734653775643e-06,-1.1541136330826052,-3.8655966429683453
-3.8803021348840847,19.37980109395631,-18.141959440431112,6.947499481333651e-06,-1.2378433939947113,-3.8803071517272225
-3.917521549466171,19.926506760116226,-18.483951632244153,6.946946831752527e-06,-1.4425568728532892,-3.917526541507068
-3.9586489194146486,20.520242297811986,-18.850685729076897,6.946438550416336e-06,-1.6695583187008582,-3.9586538839571843
-4.000796346986686,21.117698270139744,-19.21482026341997,6.946029713601155e-06,-1.9028797617927902,-4.000801283269013
-4.043790882569551,21.71599109272196,-19.574560942683625,6.94572980054901e-06,-2.1414319103202657,-4.043795789961106
-4.078663938288024,22.193191916535298,-19.857987120242598,6.945573425222222e-06,-2.335206560798863,-4.078668822213329
-4.085618975081563,22.287514852004225,-19.913641918342325,6.945551528967213e-06,-2.373874699010464,-4.08562385432425
-4.085618975081563,22.287514852004225,-19.913641918342325,6.945551528967213e-06,-2.373874699010464,-4.08562385432425
-4.085618975081563,22.287514852004225,-19.913641918342325,6.945551528967213e-06,-2.373874699010464,-4.08562385432425
-4.085618975081563,22.287514852004225,-19.913641918342325,6.945551528967213e-06,-2.373874699010464,-4.08562385432425
-4.085618975081563,22.287514852004225,-19.913641918342325,6.945551528967213e-06,-2.373874699010464,-4.08562385432425
-4.085618975081563,22.287514852004225,-19.913641918342325,6.945551528967213e-06,-2.373874699010464,-4.08562385432425
