Joint0,Joint1,Joint2,Joint3,Joint4,Joint5 
0.0005239290407250421,9.573424868876018,14.245774668506247,-0.004966106173519922,-23.825639283124353,4.5828669094932247e-05
0.0005239290407250421,9.573424868876018,14.245774668506247,-0.004966106173519922,-23.825639283124353,4.5828669094932247e-05
0.0005239290407250421,9.573424868876018,14.245774668506247,-0.004966106173519922,-23.825639283124353,4.5828669094932247e-05
0.0005239290407250421,9.573424868876018,14.245774668506247,-0.004966106173519922,-23.825639283124353,4.5828669094932247e-05
0.0005239290407250421,9.573424868876018,14.245774668506247,-0.004966106173519922,-23.825639283124353,4.5828669094932247e-05
0.0005239290407250421,9.573424868876018,14.245774668506247,-0.004966106173519922,-23.825639283124353,4.5828669094932247e-05
0.0005239290407250421,9.573424868876018,14.245774668506247,-0.004966106173519922,-23.825639283124353,4.5828669094932247e-05
0.0005239290407250421,9.573424868876018,14.245774668506247,-0.004966106173519922,-23.825639283124353,4.5828669094932247e-05
0.0005239290407250421,9.573424868876018,14.245774668506247,-0.004966106173519922,-23.825639283124353,4.5828669094932247e-05
0.0005239290407250421,9.573424868876018,14.245774668506247,-0.004966106173519922,-23.825639283124353,4.5828669094932247e-05
0.0005239290407250421,9.573424868876018,14.245774668506247,-0.004966106173519922,-23.825639283124353,4.5828669094932247e-05
0.0005239290407250421,9.573424868876018,14.245774668506247,-0.004966106173519922,-23.825639283124353,4.5828669094932247e-05
0.0005239290407250421,9.573424868876018,14.245774668506247,-0.004966106173519922,-23.825639283124353,4.5828669094932247e-05
0.0005239290407250421,9.573424868876018,14.245774668506247,-0.004966106173519922,-23.825639283124353,4.5828669094932247e-05
0.0005239290407250421,9.573424868876018,14.245774668506247,-0.004966106173519922,-23.825639283124353,4.5828669094932247e-05
0.0005239290407250421,9.573424868876018,14.245774668506247,-0.004966106173519922,-23.825639283124353,4.5828669094932247e-05
0.0005301822306667364,9.57341272981277,14.245775237275947,-0.00496607871839113,-23.825566516348157,5.214124181237304e-05
0.02142056830389555,9.532798873066174,14.24769610777783,-0.004956135512855748,-23.582366461298978,0.02110791370256298
0.06494509215341131,9.44778900196721,14.25183510272397,-0.005458797715311786,-23.074983926357117,0.0647694878565885
0.10971837601314087,9.359775738136344,14.256294032518818,-0.006707972267963334,-22.552048986398738,0.10940220814834035
0.15449845174045118,9.271162067384882,14.260967963920962,-0.008693347718631348,-22.02798424603064,0.15376947568335497
0.1989110429677184,9.182681118235262,14.26582561089794,-0.011383369169490062,-21.507142147274998,0.19751680783907508
0.24346165149648033,9.093315691127327,14.270931083554384,-0.0147974850513504,-20.983562807787447,0.24115693909282476
0.2879901986626597,9.003369762803594,14.276277631049576,-0.018921003524577484,-20.459083671461848,0.2845447579058981
0.3322141507571901,8.913406178101074,14.281839409062437,-0.023715251234827938,-19.93700652654152,0.3274198127921052
0.37632944167760735,8.823020443662049,14.287648398437874,-0.029187517402439366,-19.41499670584059,0.3699870926746876
0.42046805004594706,8.731929270009502,14.293732204115528,-0.03534830301545189,-18.891458432350436,0.4123863961560577
0.46449935700659023,8.640389228635076,14.300083200271487,-0.042174011122723044,-18.367907281748433,0.45450446336783334
0.5084237438009857,8.548389402092685,14.306710716811816,-0.04965681821324634,-17.844311065643332,0.49635442689462095
0.5523034462762269,8.455788012341513,14.313634066077832,-0.05780115815294745,-17.31989831524781,0.5380077993850971
0.5958307174297495,8.363228951540998,14.320812104928013,-0.06653867188984566,-16.798329369935644,0.5791856043772904
0.6391835746961387,8.270331468864875,14.328280132163025,-0.07589135041841137,-16.277460712331667,0.6200696579491333
0.6825249273843969,8.176735998268061,14.336075904623385,-0.08588874961323163,-15.755309005007728,0.6608251434781781
0.7258469307622414,8.082445204500042,14.34420954837024,-0.09652718220508427,-15.231935727863466,0.7014554903391917
0.7692520760692755,7.987218901361764,14.352713325646533,-0.1078325691336635,-14.70606447392806,0.7420672428151219
0.812020006854662,7.892636747098707,14.361451470602855,-0.1196044847613963,-14.1864173930313,0.7819986406747558
0.8549832040194375,7.796853970686694,14.370600910367362,-0.13206224559572177,-13.662868802048894,0.8220385960680363
0.8977501649089633,7.700728072798434,14.380090749777219,-0.14509251609996723,-13.14015624276868,0.8618325079435863
0.9404567432817228,7.603945138831046,14.389960442717147,-0.15873163722126415,-12.616599841905055,0.9015175746540104
0.9832054540617768,7.506257634431111,14.40024640641821,-0.1730128286252756,-12.090910554172947,0.9411993372346077
1.0253970792154752,7.4090337959968595,14.41081012462386,-0.18772581964787738,-11.570453485463444,0.9803323733238926
1.0677584823445647,7.31059400889105,14.421841144380407,-0.20311711927945011,-11.046251982424597,1.0196013484146167
1.1096674609258366,7.21237676005243,14.433186395414008,-0.21895623676498707,-10.525990074930089,1.0584396093523052
1.1516808471750677,7.113071497378885,14.445004724612245,-0.23544812224889247,-10.00274380824343,1.0973732780875534
1.1937654015487555,7.012735259937614,14.457303425978859,-0.2525860779240129,-9.476884195155957,1.1363815886180657
1.2352993385065418,6.912849207860986,14.469906722455997,-0.2701090162646401,-8.956178582281856,1.1748979717095394
1.2768304412546576,6.8120970224383415,14.482985540671134,-0.28823889720829937,-8.433762446435383,1.2134399517103334
1.318407447274193,6.710342701521323,14.496570270677159,-0.3070012914566684,-7.908988373644202,1.2520627950202594
1.359758494314478,6.6082409793823675,14.510583321421619,-0.3262730936733907,-7.385268043237701,1.2905237204306432
1.4006677798360432,6.506330039813709,14.524953924032783,-0.34594284608266745,-6.865347111798331,1.328630756793452
1.4418373213492146,6.402850448656887,14.539940091347535,-0.36634821628732867,-6.340284532049241,1.3670474992203026
1.4826941000119385,6.299227516686417,14.555347217161623,-0.3872084894206951,-5.817360989630026,1.4052491849333464
1.5234224919934964,6.1949918817894805,14.571251318450622,-0.40861264168255784,-5.294215924257773,1.4434170819628376
1.5638560392028664,6.090567343913291,14.587594160451172,-0.43046870529547554,-4.772986016962263,1.4814039515426596
1.604217853146893,5.985373626726075,14.604473823467044,-0.45289428586103875,-4.250790308477153,1.519428267413097
1.644679109000821,5.878946372784871,14.621978316230788,-0.4759907503898171,-3.7253815920027638,1.5576617508728248
1.6846548137037067,5.772821159977654,14.639862043655935,-0.499421165593733,-3.204353794912977,1.5955602828910507
1.7247647723120247,5.66534802769709,14.658410704467302,-0.5235469213013565,-2.6796237006508683,1.63372031876742
1.7645872272509457,5.55764528410529,14.677442139245532,-0.5481172413860368,-2.156689937370189,1.6717503832983693
1.8042564208156164,5.449348863605238,14.697026848955327,-0.5732114501806491,-1.6337922168404984,1.7097869396165182
1.8436255616786372,5.3408593054210405,14.717098208949018,-0.5987330159311649,-1.1128697506147895,1.7476972691102346
1.883128168470094,5.230970580131004,14.737890194827411,-0.624966366318832,-0.5881690155122854,1.7859086795486363
1.9223695055178716,5.120767916061218,14.75920902844047,-0.6516538919265128,-0.06491324835989046,1.8240494855569893
1.9613643960871032,5.010211862582408,14.781067245578857,-0.6788013953418369,0.45708562380344275,1.8621416479808988
2.0003424499673566,4.898643883016759,14.803604355887382,-0.7065705689270815,0.9809103410994748,1.9004187827777845
2.039082478616861,4.786689371035699,14.826703448769795,-0.7348060319660301,1.503597545207017,1.938673057494308
2.077563509693573,4.674411210989097,14.850356501531051,-0.7634890161201485,2.024853961724863,1.9768911723809948
2.1160455558706794,4.561043149900077,14.874734400362694,-0.7928159764853291,2.548210166620879,2.0153408143290426
2.154313592686684,4.447209165547727,14.899713333516445,-0.8226270648868584,3.0707537108649103,2.053817049886409
2.192545061637942,4.332373408804015,14.925420678578421,-0.8530639170105859,3.5949163435034577,2.0925080052405653
2.230400031716741,4.217556290474808,14.951634450711277,-0.8838552355206479,4.116032091717758,2.1310777216465864
2.268254039247035,4.101616505773451,14.978622477988283,-0.9153070381550952,4.639268099399606,2.1699173280533195
2.306049890408222,3.98471282234224,15.006361589028113,-0.9473809283204923,5.1638578347833315,2.2089801468550627
2.3436055688721313,3.8674023909019994,15.034728600048918,-0.9799256264553651,5.6872787733187495,2.248087603090485
2.380889617064291,3.7497878167912635,15.063703071950744,-1.0129113542971444,6.20907695504434,2.2872139281643
2.418142838638514,3.631104103224922,15.093482351106536,-1.0465546083794837,6.732625018471641,2.326621406065408
2.4550953728008227,3.512207121013951,15.123859907781783,-1.0806145242597358,7.254129986376778,2.3660338093957027
2.491965352099296,3.3923936537494552,15.15502253821159,-1.1152938087855013,7.776665043422933,2.405692452012211
2.5287330957784087,3.271716809607011,15.186968006228145,-1.1505814610802365,8.299963408891973,2.4455876240360324
2.5654359328715493,3.150042347563749,15.219743932639483,-1.1865216323187635,8.824569853273214,2.485771762054497
2.6018140648913994,3.028230677314944,15.253125620634858,-1.2228621187461812,9.346764252961856,2.525969262609186
2.6381349388384905,2.9053852275788095,15.287365993261808,-1.259872680411799,9.870379122434162,2.566484671362498
2.674110110479141,2.7824818818758206,15.322199645237585,-1.297261467553261,10.391247050365813,2.607004880918626
2.7101717712934525,2.6580369889050353,15.35805725562147,-1.3354844658565073,10.915629783185478,2.648027897338123
2.7459067069579723,2.5334684621274612,15.394540894741798,-1.3741113448175948,11.437524391207003,2.6890953018418178
2.7816030698816876,2.407770455544802,15.431952758807629,-1.4134575570358268,11.961132660335918,2.730547908225391
2.817027151499518,2.2817616806361656,15.470058145519966,-1.4532715012358612,12.483024967005088,2.7721250734579512
2.852429167892533,2.1545470025760753,15.509137206404747,-1.4938412459714732,13.006887441020881,2.8141317540171356
2.8876987264850738,2.0265104944929084,15.549085040784892,-1.5350520532859921,13.531099577396917,2.8564511481102173
2.92267447023854,1.8982402118245487,15.589724278408879,-1.5767183851846562,14.053249442983907,2.898898652661801
2.9574916053017644,1.7692444023494636,15.631216005448659,-1.6190035023820115,14.575338539716192,2.9416468295200278
2.992210026395048,1.6392941658918576,15.673644436983972,-1.6619895198771024,15.098267481392353,2.9847820564330143
3.0267681919373497,1.508613312413626,15.716946946686207,-1.7056097025783579,15.621110813806837,3.0282408054279135
3.0611533836640312,1.377247383285948,15.761117069728435,-1.7498553351380783,16.143670445454028,3.072018712774106
3.095500755528437,1.244670662747362,15.80634353282592,-1.7949123632625226,16.66800633484389,3.1163025231792223
3.1295350102013497,1.1119445081384942,15.852272412048055,-1.840426906620967,17.189907651877157,3.160748904311029
3.162982565363673,0.9801679897184752,15.898515525736254,-1.886019189034563,17.70511331155094,3.2049982138392568
3.1818027073916446,0.9054291659827615,15.925026855953556,-1.9120564847996149,17.996020071245034,3.2301519002117405
3.1905116063019157,0.8706987396568966,15.93741622692946,-1.924199946313573,18.130883860082662,3.241855262157924
3.183759111467548,0.788974922346493,15.823599036918619,-1.9228257710376278,18.335561812691896,3.242135705905734
3.165249133968788,0.5876812809276095,15.540167485979858,-1.9171008217282475,18.820609821184306,3.2405458772728286
3.1461153014513794,0.3717403123667428,15.250091943601266,-1.9113507738845235,19.326958638911265,3.2389709847716324
3.1270937090222373,0.14892389956727192,14.964811314336766,-1.905807900729448,19.83538459834447,3.2374781816222096
3.1082488704316367,-0.08005100111576716,14.685391145258833,-1.9004915053436675,20.34410407291199,3.236074778021169
3.0896223662720304,-0.314644560718426,14.412518058841647,-1.8954123144624908,20.851889901345913,3.234765417771213
3.071213565956312,-0.5547976246923083,14.146239611413069,-1.8905685164370944,21.35863539582303,3.2335512497158567
3.0529601582244474,-0.8012934949715755,13.885726495883612,-1.885942923171372,21.865954234270877,3.23242967321778
3.036035891393967,-1.0374827697557196,13.647469776436791,-1.8818159434788255,22.34068616874435,3.231466513908667
3.0285763626011235,-1.1439688580833132,13.54349973246261,-1.8800473822603512,22.55126791117985,3.231066311675587
3.0265753509494164,-1.1645373174417235,13.479939306990916,-1.8799546170704056,22.63541562084155,3.231940104283939
3.03683376566866,-0.8935266977397405,13.085713188715063,-1.888016455405716,22.75823486209527,3.2471909681263584
3.05390907449292,-0.4475886808549679,12.439076716682546,-1.9014251447473651,22.958271417565474,3.2725012187061733
3.072031408038424,0.018831240480498567,11.765486524009702,-1.9156412797464168,23.164736020839495,3.299262839521604
3.090360511956713,0.4836166273672718,11.097073170597927,-1.9300035080513385,23.367646927463802,3.326226777678741
3.1091689092627695,0.9535187020737164,10.42418389877427,-1.9447237772588517,23.5698948145549,3.3537904513362053
3.12823941137813,1.4229271101025833,9.754919516266634,-1.9596303827890555,23.76899755153241,3.3816316185232034
3.1473829083692832,1.887230489621147,9.095826551296716,-1.9745743470613843,23.963027341129752,3.4094736227798728
3.1668095912211025,2.351557899038105,8.439600711495647,-1.9897185460113005,24.154150968133866,3.4376213621530924
3.186471851302281,2.8147179819630788,7.787938193100069,-2.0050243888621404,24.341865337841774,3.466003703605284
3.206519278519815,3.280131625296452,7.136059558616425,-2.020606634284058,24.5275228197787,3.494833575390654
3.2268409221810317,3.745104323203223,6.4877796124523,-2.0363772471918096,24.71000738556734,3.5239480839781523
3.2475570287620257,4.212269238953288,5.839467646220434,-2.052427680610948,24.89031150831262,3.5535160788387374
3.268500376521055,4.677764847265361,5.196510807877972,-2.068626563807607,25.066916178781238,3.58329583039735
3.2887833861076174,5.12227166291458,4.585396751922854,-2.0842876757512387,25.232689667266367,3.612030537941414
3.300035741906233,5.366259839984289,4.251150397810227,-2.092964293132478,25.322483525507064,3.6279272161056197
3.304879922084138,5.470734172358257,4.108287489135102,-2.0966970179663313,25.36067181987465,3.6347611248094434
3.059700694052975,5.488389814916568,4.091425306314319,-1.9413388051319134,25.36841232899136,3.367345052075689
2.5536577869628436,5.513510634683771,4.070314001703654,-1.6204954989178106,25.379917466315984,2.8152150149819675
2.0323492796333675,5.534638267645264,4.052565274871854,-1.2898073955968135,25.38959929185377,2.246341100022678
1.5063176827574802,5.55107959154321,4.038757585402105,-0.9559871313449453,25.39713727025418,1.6722410853124106
0.9823864585455507,5.562591664309846,4.0290916318917285,-0.6233988880437313,25.402417693864173,1.100379995500784
0.4583335739833087,5.569256144647136,4.02349644453104,-0.2906677493852291,25.40547651685465,0.528351386373647
-0.06434598524308868,5.571074052000641,4.0219698029970985,0.04122201701180395,25.40631323894689,-0.04219433843887692
-0.5895703713785136,5.56804387580257,4.024512566023921,0.37472338877662187,25.404927185696312,-0.6155156619480151
-1.1111219493702296,5.560214425385278,4.031088227706641,0.7058513709588886,25.401309518221076,-1.1848058675912287
-1.6360075617116223,5.547484251673952,4.041775986353145,1.0390237404552303,25.395477212980765,-1.7576970908524265
-2.1597105031421737,5.529925834462159,4.056521406505943,1.3713362028240412,25.38743401830841,-2.329239673504745
-2.6884209178142755,5.507271059005292,4.075553328538885,1.706679967741915,25.37705991486152,-2.9061697449614465
-3.150807780500689,5.4833909270058685,4.095623161056364,1.9998078738761706,25.366125139433333,-3.4106483697929626
-3.3052823999238607,5.4744245808593295,4.109403920204032,2.0975943320301336,25.355878791937517,-3.578915118460163
-3.3085715308566916,5.466817285708621,4.404007450376892,2.0947322768650283,25.068955932197376,-3.570893792018683
-3.314521857629348,5.448898456450218,4.939039199470294,2.0897562017215368,24.551973727108756,-3.55654519823264
-3.320562566662029,5.425305774561934,5.484890172184482,2.0849636534353335,24.029845574592525,-3.5421854281806238
-3.3266111498044286,5.396314891005017,6.034134885636553,2.0804189791406027,23.5097195923778,-3.5280069765405586
-3.3326710686476444,5.361968269905937,6.587065851656187,2.0761136037757164,22.991260988757123,-3.5139942239233046
-3.3387259829378007,5.322432602418141,7.142163408065419,2.07205268444267,22.475822510463804,-3.500177122396282
-3.3447702554993572,5.277845168336791,7.69886932769959,2.0682325618832516,21.963825112655293,-3.486560011170337
-3.3508400762134536,5.227998686772184,8.26049659522203,2.0646249915721797,21.452163919609212,-3.4730544407572337
-3.356862031984817,5.173599897244517,8.82021025877514,2.0612664613731586,20.946965814279487,-3.4598156094818746
-3.3629284001484465,5.113893626984908,9.386558370330798,2.0580996780104406,20.44043981167388,-3.446633508396395
-3.3686596575001904,5.053028096143821,9.923908908261758,2.055302557068916,19.96406268360408,-3.4343157786246725
-3.371244100264858,5.024180774292428,10.166942626277498,2.0541019362359014,19.74992446067458,-3.428803013665135
-3.378039767250466,5.167843007241501,9.978602695358012,2.058812457873403,19.794338120385426,-3.437471446967583
-3.3976561588475445,5.586808785397248,9.411455109938455,2.0726835175484655,19.941741147149923,-3.463276537362934
-3.4205770409997354,6.069342905696254,8.761308885611754,2.0888674263907716,20.108438890529236,-3.493310379327087
-3.443957302523862,6.554006613830189,8.111603299715664,2.10534875371964,20.272543204397373,-3.5238175569417445
-3.4679632905512623,7.043972433504961,7.458183540214392,2.1222423413368867,20.435029360305794,-3.55500891924303
-3.490020656217627,7.48753179479163,6.86961176691682,2.1377384673883113,20.57914796508795,-3.5835526543793925
-3.50013456544422,7.688844522623852,6.6034165683948025,2.1448353865805148,20.64361913379757,-3.5966042669796296
-3.4885270352239193,7.743303879820745,6.531929394041305,2.1379741549147364,20.661055914676417,-3.585270856583198
-3.1958262126323955,7.485633041866703,6.880465377043636,1.9576986463121107,20.580393655679824,-3.2789690755831145
-2.757994512330056,7.09370503287972,7.410983391405137,1.6882993613724147,20.455348892902304,-2.821770089522249
-2.317890071371403,6.691707505688918,7.955658796772491,1.4178330023133923,20.324282979438106,-2.3633898151923476
-1.9008330133553388,6.303114450203745,8.48274475857854,1.1618806508136823,20.19489073325351,-1.930208513584352
-1.4810382503384556,5.904247035060913,9.024405396972242,0.904614776241139,20.059422641865563,-1.4953955697340438
-1.0701953453515427,5.5061749053033,9.565681159676979,0.6532103183695116,19.921640558296517,-1.0710659934337428
-0.6653058892106255,5.106192683488095,10.110310781613496,0.4058559062708429,19.78059564446879,-0.6541544486120913
-0.25824973088961745,4.696172238350755,10.669439403597456,0.15759411259648404,19.633432937709593,-0.23629552182672436
0.1257072006919083,4.30194865223788,11.20787050950298,-0.076154510529716,19.489471547704227,0.1565740961514221
0.5133132652162798,3.896418451281049,11.762643983046814,-0.3117018197629796,19.338977370584466,0.5519119167146437
0.8923066565231701,3.492338806095398,12.31638796766245,-0.5415614478125853,19.186583573240533,0.9371339597794802
1.268168160744711,3.084008670354787,12.87695769855329,-0.7690770312237405,19.030230435577913,1.3178663024634245
1.6366106078764662,2.6761834910084117,13.437882143670326,-0.9916293482384968,18.871690821818124,1.6897164502845927
1.998668855560724,2.267933770439252,14.000467959383137,-1.2098715758468876,18.710714132081062,2.0538017679210876
2.3566725331391623,1.8567338112435454,14.568249108323007,-1.4251849712776556,18.546257013592534,2.412414490520449
2.707136097786055,1.4467450962013524,15.135511570513174,-1.635501597578654,18.380075000626153,2.762130765884219
3.0027403834448982,1.0950365988193165,15.623083727780546,-1.8125058568592474,18.235732049968156,3.055980148088422
3.1166946221460248,0.9579851096679737,15.813316381381728,-1.8806504321698876,18.179065282739867,3.168994062055694
3.1742873548111326,0.888403298288226,15.90995063857736,-1.9150704529785731,18.1502031008337,3.226052204009867
3.18659887595289,0.8191922780651185,15.867289644318245,-1.9237250711699718,18.261617962281022,3.242401942484251
3.169141826743541,0.6306122443123062,15.599522419290226,-1.9182987929805373,18.718269898304104,3.2408917081524242
3.149976490407829,0.41595578550213586,15.308358015663257,-1.9125043107789839,19.224423905956662,3.2392997767823735
3.130903147921737,0.19419337428588093,15.021665667398619,-1.9069110334856252,19.733208772706185,3.2377879005707477
3.112119133625663,-0.03236038322850216,14.742486300752104,-1.9015760688167438,20.23926555360624,3.23637343157126
3.093473840022,-0.26546537665544556,14.468642536410158,-1.8964551611393683,20.746534122355154,3.235046372300897
3.0749611266819556,-0.5052425420022422,14.200145655794177,-1.8915473354319023,21.255124231311765,3.2338085369940393
3.0567084899025376,-0.7499980106524426,13.938911375279314,-1.8868853143808337,21.7614241270747,3.2326698412498978
3.0390194268892388,-0.9953156689949576,13.689219446372446,-1.882539154543734,22.256732850012593,3.231647520571436
3.0299479942464562,-1.1242897578000763,13.562553536568224,-1.880377388091429,22.512525694158782,3.2311554798940665
3.0187873233904914,-1.182200856068242,13.505882332111238,-1.8750162122009522,22.62740396482606,3.2234230273046176
2.733830557748165,-1.166303760186805,13.491003321563298,-1.6981743959729738,22.63508249480952,2.921922382218666
2.2353338959931066,-1.1422967405318594,13.4685440466969,-1.3886833744230944,22.64665388512598,2.394396283796938
1.7250994295583675,-1.1227250389030585,13.450240232280587,-1.0717654543312505,22.656090499984312,1.8543558636804174
1.217143600581478,-1.1082569378650635,13.43671296962575,-0.7561543952340528,22.663067298427702,1.3166548772699367
0.7065692498548466,-1.0987519564064605,13.427827654887928,-0.43883951990978964,22.667651199669468,0.7761308671428606
0.19744491839763667,-1.0942984248153078,13.423664886078502,-0.12238124034195683,22.669797901311856,0.23711221403655297
-0.3094069265878956,-1.0948470528003351,13.424177530699598,0.19267687355383029,22.669531419995348,-0.299508736516295
-0.8190475227400873,-1.100410584943474,13.429377596011504,0.5094488809621175,22.666845838958448,-0.8390691710755099
-1.3284187134585839,-1.110996075700604,13.439272925767078,0.8260017139608153,22.6617380567252,-1.3783099349882635
-1.8382156873289528,-1.1266242835629443,13.453885237204547,1.1427352152140653,22.654199192671,-1.9179455032296333
-2.3460588127198094,-1.1472069524566781,13.473135463609312,1.4581393258015407,22.644272903788494,-2.4554358583476747
-2.826640640545647,-1.1713018627271732,13.49567868287963,1.7564772812116403,22.632654488274586,-2.9639833673821028
-3.0261434883720573,-1.1817682949972985,13.510152350278167,1.880216782346317,22.6224766639186,-3.1748969225251327
-3.03248966066572,-1.1282949591415776,13.759860594893158,1.8800351025396518,22.31925494048183,-3.1708355941002466
-3.043407473611579,-1.041232803041365,14.191643368437614,1.879883167990825,21.800340019870674,-3.163949273756402
-3.0545963589966263,-0.9583725048102595,14.63695520150806,1.879933392989218,21.272095004662443,-3.1570186292805675
-3.0658741727066086,-0.8812453658448096,15.08860810279417,1.880189376798403,20.74324039393219,-3.150156269494494
-3.077205545413932,-0.8100881248246257,15.5451651492056,1.8806487599320973,20.215450137951304,-3.1433797743996323
-3.088635428828174,-0.7446206106729862,16.008421346912176,1.8813121357587914,19.686648812273305,-3.136658461180413
-3.1001014087208256,-0.6851864688633251,16.475825241116368,1.882174249325556,19.159731998068754,-3.1300249711588943
-3.111758758466708,-0.6310421859164436,16.953718046563722,1.88324759123049,18.627613947848893,-3.1233866763794293
-3.1234729295200245,-0.5828883314486397,17.43660273643367,1.88452111505797,18.096493239729135,-3.116817586509442
-3.1335605428843127,-0.5463502196199426,17.854526178469012,1.885770744742806,17.641960338914565,-3.111237741172133
-3.1369396832474687,-0.5064708701793252,17.895241027562545,1.8869592301439317,17.561303641269593,-3.1118367714882016
-3.1489272658659875,-0.19806560206636206,17.45400664440319,1.8955552456381943,17.69368290675605,-3.128436306059079
-3.167156105596336,0.26497671029130937,16.793840917396217,1.90861809818785,17.890119872389572,-3.1535882460910023
-3.181855330310488,0.6332901598751686,16.270720714497276,1.919143664912064,18.04437098413432,-3.1737926904333364
-3.188516019263351,0.7987291623055034,16.036322374917017,1.9239107055716267,18.113077920062686,-3.182925651926641
-3.1906902107473436,0.8613685449714108,15.928794776131431,1.925714547724698,18.15787094778637,-3.186700661916093
-3.1776407461857215,0.7220908083441564,15.727956444479886,1.921622997728091,18.49821510724587,-3.185562119636385
-3.158269716808212,0.5085858116757002,15.432288245203596,1.9156938493767819,19.007725696254614,-3.183930124950332
-3.1392216509364794,0.2905690717269492,15.144564158423282,1.9100357800017997,19.5137968648079,-3.1823964625118135
-3.1202835958132145,0.06565448177719396,14.861631037303958,1.9045840861937395,20.021971567559085,-3.180945449304272
-3.1015532648576283,-0.16501609469499667,14.585038900019986,1.8993669935795188,20.5295562318936,-3.1795866200712646
-3.0830699285332357,-0.4008815180227312,14.315420131742565,1.8943935471311883,21.035356671713842,-3.178323941165346
-3.0646470798231142,-0.6443399530587723,14.05014565417135,1.8896137508302706,21.544403318647174,-3.1771466649280646
-3.046508167141657,-0.8924256222856417,13.792511761526113,1.8850851587158817,22.050430299052216,-3.1760707243853243
-3.0321918255726636,-1.09424802244728,13.591778664978225,1.8816383537013883,22.453227367064425,-3.1752824373483333
-3.0269944937951925,-1.1688539196852028,13.519494252207572,1.880415355329429,22.60020514003991,-3.1750099864127526
-3.029213938610715,-1.0984927288196653,13.383773363876124,1.8826868685171005,22.665458458499394,-3.179682562685142
-3.042912405630215,-0.7378897042343247,12.859732440109859,1.8934500477893754,22.82836672859592,-3.200030050086729
-3.0605987845296325,-0.2783923653752795,12.194394828950276,1.9073340981621132,23.03352042025891,-3.226212380971292
-3.0788642394251746,0.18916800334364842,11.520187764916399,1.9216573023344596,23.239454775918617,-3.2531491973126734
-3.097316914542426,0.6545504792055825,10.85195521999669,1.9361107297566378,23.441581812623777,-3.280258444860738
-3.116218289228486,1.1242212007674295,10.180456241316422,1.9508976451100628,23.642665915543123,-3.307921206045978
-3.135387851215268,1.5935260467807766,9.512405537461303,1.9658751228592934,23.84065339568139,-3.3358695435466235
-3.1545975558761037,2.056940233557476,8.855633021874116,1.9808638662301004,24.033248052556992,-3.3637706156156
-3.174143955821612,2.5216381444213805,8.199951780462563,1.9960940201249564,24.2234505145659,-3.3920541645505096
-3.1939167468153826,2.984922127165593,7.549189997873366,2.011478076341074,24.410134488903083,-3.4205580629753247
-3.2140200784720916,3.449163512807091,6.900035733231953,2.027095478361673,24.59423623721029,-3.4494299576790097
-3.2345653077577308,3.9167599514061022,6.249201387710369,2.0430307116282296,24.7766409808501,-3.4788255141280073
-3.255214214507593,4.37995785366236,5.60749191889372,2.0590198097681496,24.95431090134774,-3.5082583854503646
-3.2764548425616127,4.8494844425754255,4.960089679783142,2.0754683848613347,25.131305332918114,-3.5384324313553823
-3.294695212096247,5.247393785888719,4.413875323888632,2.0895446865487943,25.278859401827166,-3.5642433880003503
-3.3026474978190627,5.419351186664591,4.178524148891416,2.095674676604099,25.341924740959925,-3.5754702704478345
-3.30555605243963,5.473851414449102,4.133987969493493,2.0973440723554577,25.33186248123579,-3.57823768314422
-3.3098261259890616,5.463478421098192,4.516700075525181,2.0936526645795794,24.959618380876968,-3.5678437604652338
-3.3158503518286184,5.4441684696178205,5.058957668146854,2.0886711892482444,24.436802514008622,-3.553362276177282
-3.3219064157330935,5.419319570586831,5.606792482863619,2.0839234337985877,23.913946509359675,-3.539011170234814
-3.3279382463061404,5.3892371503741465,6.1551017553201515,2.079446445482982,23.395846622598885,-3.524915055905776
-3.334013829494188,5.353639968743509,6.710044550546704,2.0751838877021735,22.87662657010949,-3.510907625519056
-3.3400608083358643,5.313014793733164,7.26498884704376,2.0711806514887225,22.36243021901292,-3.497148329831284
-3.346113912643361,5.267236627927883,7.823076634776328,2.0674059868224752,21.85024140732526,-3.4835493856623274
-3.3521807479970103,5.2163013670220675,8.384992157409716,2.063850108115338,21.33938024737529,-3.470087045616911
-3.358228701216876,5.160564881323396,8.947683794362499,2.0605259922142927,20.832541957611923,-3.4568262640461973
-3.364271835318679,5.100001045711264,9.512418539628433,2.0574190146265963,20.328486054379045,-3.443728314844706
-3.369587085528052,5.042763423317923,10.011171086575244,2.0548592835751185,19.88707090659882,-3.432328496985495
-3.3715121017165375,5.02718984114439,10.169554563882183,2.0541856304108426,19.744286148969863,-3.428860873561168
-3.3816339194547673,5.24505043540967,9.873905014584897,2.0613484270631695,19.821674291020646,-3.442204116221904
-3.4027470852645187,5.694650432405706,9.26587083672227,2.0762734210240623,19.979269446622077,-3.46995574912037
-3.4257989989881623,6.178265386942689,8.61500679201433,2.092543960183383,20.145597881555844,-3.5001327731402077
-3.4492998329491984,6.663733128142215,7.964975791454026,2.109104017617949,20.3092176265953,-3.530768137772574
-3.473281153337309,7.15150587046385,7.315236691609708,2.1259736834544793,20.470216045704756,-3.561898071027459
-3.4934632582475498,7.556220652567293,6.778720495432468,2.140147762680156,20.601198847758052,-3.5879951510069183
-3.501801473995547,7.721921324974007,6.559736395498245,2.1459975575673766,20.65414299465016,-3.598750553650623
-3.435396164709903,7.721478392658433,6.562267941265448,2.1053432567962123,20.654445742401638,-3.5299408719396843
-3.015066739144114,7.50337480332654,6.86176747575782,1.8471282763625219,20.587161017466435,-3.0920539870772368
-2.4958490815406105,7.227901972429762,7.238735201424733,1.5283674265290543,20.50051459375618,-2.5520760858944063
-2.0053872969423425,6.961423658511184,7.602128925198214,1.227494067747548,20.41503688558885,-2.0429705736398684
-1.766371626501586,6.829319443155214,7.7818572535613075,1.080964868050374,20.37206328708847,-1.7952271488770442
-1.3980997927852208,6.622860847644088,8.06222229794509,0.8553152400335959,20.30420318000686,-1.413951950433085
-0.8813189223935766,6.327085925012017,8.462868580059954,0.5389630398206352,20.205413364209956,-0.8799136334518501
-0.3603173384719555,6.021591657233715,8.875560147933214,0.2204012807896001,20.101548560134823,-0.3427119297633215
0.15964927242218252,5.709228466930888,9.296495830747446,-0.0971141823667623,19.993508884984085,0.19217264830359304
0.6786996268456487,5.3897958533297725,9.726014406621738,-0.41361938787883995,19.88118231641911,0.7248172939451196
1.1929963231188707,5.065603056410506,10.161091344246023,-0.7267431743776239,19.765355684317473,1.2512514175417973
1.7061177980691713,4.734346433776702,10.604897664979104,-1.0386429934909445,19.6452140814057,1.7751220137740549
2.216712086824518,4.396789403402777,11.056496667534145,-1.3484482725990938,19.52093379043895,2.294974886044845
2.7232109641766398,4.053930334313446,11.514636296487367,-1.6551889941809748,19.392892419002024,2.8091982869853727
3.180378032757352,3.737446733758638,11.937135918247348,-1.9315262816296899,19.273138437526423,3.272036921824416
3.3082796526726157,3.640679033837216,12.048401772674701,-2.008936392808653,19.25442009087697,3.401879146282079
3.2944818476519386,3.4970247628022255,11.852505817732819,-2.004751927990943,19.59422757491993,3.4004010347482807
3.273876955723422,3.2756594822683383,11.562163707809963,-1.998660732266011,20.10631752839034,3.3982688478690743
3.2534851681877734,3.0483066546028974,11.277563542942362,-1.992823183740395,20.618647182520988,3.396251493933087
3.233355950178208,2.8155700460328466,10.9994670548402,-1.987252149639639,21.12985014505799,3.394355332042071
3.213367127383321,2.576049313863669,10.726271393640134,-1.98191351114565,21.642931863606407,3.39257075367718
3.1936456971798526,2.3312873872340805,10.45979397798875,-1.9768407416053595,22.15452968163946,3.3909108645767345
3.1740576992336407,2.07964189575625,10.198307258419295,-1.9719990244772923,22.66801596624333,3.3893661571593703
3.1546310691436616,1.821428109065271,9.942291092628913,-1.9673964399766726,23.182595082708477,3.387941369503827
3.138828583252633,1.6048718543680458,9.736600104073647,-1.9638028420099183,23.605124854931134,3.386864587579778
3.1327320638331253,1.5197324851835492,9.657884496354516,-1.9624532574020146,23.769088465088284,3.386469532725391
3.0381088932628306,1.5077344524364524,9.637136831235233,-1.9037271707444139,23.804952627813915,3.2862833195219703
2.604152859774321,1.5305811865584567,9.616644096979309,-1.6320120531971636,23.81574177650791,2.8210448543178033
2.0850085667933005,1.5532801908292693,9.596292972928444,-1.306801793386242,23.82645097848216,2.2643816139181463
1.568420845114722,1.570868448672538,9.58052811724311,-0.9830575320565238,23.83475875915243,1.7103779070409817
1.0498136610017548,1.5835166832243484,9.569193810195493,-0.6579451687340544,23.840734461072557,1.1541462335100847
0.5344477197212553,1.591120094296167,9.562381223370533,-0.3347965297605055,23.84432731996197,0.6013495786059271
0.016245569601230306,1.593777624297023,9.5600000390485,-0.009834716717517233,23.845583375817913,0.04548962914797903
-0.500855185846073,1.5914449562240476,9.562089394838047,0.3144374910138116,23.844481388929434,-0.5091895282694165
-1.0184224488508533,1.5841236592052186,9.568648398505943,0.6389695568859565,23.841022268035864,-1.0643492621866395
-1.5428797155488312,1.571612031596518,9.57985933129155,0.967753949569006,23.835111974386557,-1.6268581907374227
-2.0534689636705767,1.5545013616862313,9.595195148910003,1.287745358804027,23.827029772170217,-2.174432803411922
-2.5712491147495573,1.5321750282765434,9.61521201558354,1.6121100787594353,23.816487678544583,-2.7296381723382543
-3.019837451572828,1.5087741321734869,9.636199935834702,1.892994964835028,23.805443259043997,-3.2105686891973177
-3.1320177618555856,1.5003541549796349,9.680080540741164,1.9626694044049158,23.76630218073771,-3.3294713042222432
-3.1358831059751844,1.478043909407714,10.077090421177433,1.9594871269354985,23.391692210418938,-3.31961399242707
-3.141243278897291,1.4425607178591717,10.630228616884681,1.955270026225399,22.87415988624132,-3.306090358873135
-3.146614951769909,1.4017669838478386,11.187553503285214,1.9512667847640819,22.3577498325538,-3.2927010681323297
-3.151996157026157,1.3557162795379043,11.748852947144254,1.9474744412052303,21.842620652993297,-3.279444946366132
-3.1573586523680017,1.304730742825326,12.311149568489352,1.9439068960283292,21.331427060900346,-3.2663844001902196
-3.1627234381445866,1.2486991687858715,12.87660974324724,1.94054402969571,20.8221144441601,-3.2534610760486036
-3.1680665027905954,1.1879629522736603,13.44266599816717,1.9373948541212238,20.316908458435407,-3.240725771848785
-3.1734393860878756,1.1219867538831394,14.014765948847261,1.9344247319846017,19.810898010267433,-3.2280498493836234
-3.178796452520414,1.0513719042210454,14.588043865166558,1.931655162149164,19.308346614755347,-3.215535582675275
-3.184179539055479,0.9756115922215605,15.16696885615079,1.9290607539553186,18.805292924007517,-3.203079838612555
-3.1891637585118153,0.9012226074539177,15.705542935355828,1.926823551445525,18.341209568347598,-3.1916487680775094
-3.191229025865633,0.8692143141428904,15.929421612764484,1.9259422494785097,18.149381067031197,-3.186939782357609
-3.1968772922895043,1.0051598859686284,15.744349844821453,1.9298889628863884,18.198297603263587,-3.1943673714103245
-3.213414570664468,1.4093568882707146,15.174282104918161,1.9417128713048741,18.363538776953888,-3.2169416563787956
-3.233264386891206,1.8875750541778584,14.502608839068774,1.955891709683156,18.556235021181905,-3.24392982715918
-3.2539323380301957,2.3777115243077755,13.817357453033443,1.97063865855533,18.750556096478466,-3.2719082998969227
-3.2741165422943737,2.8489596906350156,13.161552463655056,1.985023769716384,18.934333995661532,-3.299114770741438
-3.293770040318137,3.301004074147231,12.535291137377671,1.9990142524713463,19.107789005360516,-3.3254973446293246
-3.304127888168105,3.5366095780036457,12.20998388468983,2.0063808768646103,19.197087809680397,-3.3393593219635354
-3.3088773811773327,3.6440470934963876,12.061893319847181,2.00975720167612,19.237555771426003,-3.345705966398323
-3.3090187644628073,3.6472400136004226,12.05749447379268,2.009857694260535,19.238756184805343,-3.3458948083061277
-3.3090187644628073,3.6472400136004226,12.05749447379268,2.009857694260535,19.238756184805343,-3.3458948083061277
-3.3090187644628073,3.6472400136004226,12.05749447379268,2.009857694260535,19.238756184805343,-3.3458948083061277
-3.3090187644628073,3.6472400136004226,12.05749447379268,2.009857694260535,19.238756184805343,-3.3458948083061277
-3.3090187644628073,3.6472400136004226,12.05749447379268,2.009857694260535,19.238756184805343,-3.3458948083061277
-3.3090187644628073,3.6472400136004226,12.05749447379268,2.009857694260535,19.238756184805343,-3.3458948083061277
-3.3090082912454046,3.6472587785538706,12.057501426474564,2.0098513382979655,19.23861977319072,-3.3458841934810457
-3.2187274704718174,3.8090156994607014,12.117434664094203,1.955061917290176,18.062729685356615,-3.2543826917098144
-3.1285815141877453,3.9705309825049517,12.177278371452294,1.9003543425397829,16.88859618120288,-3.1630178779219276
-3.038774301984874,4.13143933487355,12.236897202371102,1.8458523440338221,15.718874752659275,-3.0719963883515264
-2.948886718948576,4.2924916883537305,12.29656938774788,1.7913015702576358,14.548106509680796,-2.9808934412589827
-2.8202040128925785,4.523053596489004,12.381995850794043,1.7132068996718939,12.87203935355247,-2.8504708248581077
-2.6884507638737767,4.75911702278638,12.469460704491002,1.63324878489424,11.155978974020858,-2.716936148886415
-2.5564008638803837,4.995711961179265,12.557122490971665,1.5531106392418121,9.436054773385514,-2.5831008109419544
-2.4243434139278053,5.23232042689878,12.644789289519057,1.4729679116871714,7.71603223600384,-2.44925782095581
-2.2926582979789005,5.46826177859045,12.73220891284003,1.3930511453533974,6.00085927642322,-2.3157921992767396
-2.16056247648912,5.704938994922277,12.819901184466167,1.3128851309667535,4.280336957251081,-2.18191031893438
-2.028738436066772,5.941129258784554,12.907413033283172,1.2328840544616877,2.5633545334910286,-2.0483038943932637
-1.8966441490707864,6.177803725750685,12.995104286230253,1.1527189713251795,0.8428522008013877,-1.9144235692924885
-1.764306377809688,6.414914445562954,13.0829571770556,1.0724061230067008,-0.880821466967369,-1.780296467791979
-1.6325500473095536,6.650983392976862,13.170424076404684,0.9924461381466021,-2.5969219821925114,-1.6467586686744498
-1.5006335325678417,6.887339343870282,13.257997314620996,0.9123889410350484,-4.315108865931856,-1.5130585194748225
-1.3688350761723758,7.123483768612164,13.345492179392558,0.8324033909065475,-6.031758062730089,-1.3794780248805207
-1.2368399156925476,7.359980629749102,13.433117626856301,0.7522984654467221,-7.750969291874239,-1.2456981665789615
-1.104971448305156,7.596250493785693,13.52065896866894,0.6722704272052539,-9.468530368191727,-1.1120467143787498
-0.9730775293336227,7.832565959643883,13.60821720660444,0.5922269429637728,-11.186422946430167,-0.9783694664652134
-0.8411521277845063,8.068937833106354,13.695796344358827,0.5121643526465732,-12.904725579103232,-0.844660310300247
-0.7087664598194513,8.306134369853904,13.78368103157808,0.43182243688436217,-14.629023092102232,-0.7104846644876198
-0.5771033523776883,8.542036288714566,13.871086044474858,0.3519190270237922,-16.343909395168502,-0.5770413488912588
-0.4450522356280698,8.778633407180017,13.958748638703383,0.27178014294908837,-18.06384944381645,-0.44320477773889205
-0.3309264092265898,8.983113629185839,14.034511466440751,0.20251971867521038,-19.550316080710804,-0.32753586359812253
-0.24121068519271258,9.143858061417367,14.094069562619614,0.14807324230302346,-20.718845893691416,-0.23660709920218786
-0.15121743169293925,9.305099745573278,14.153811897701974,0.09345833947415663,-21.890990473853282,-0.14539705288283167
-0.06137674423729625,9.466068075839381,14.213452951284042,0.03893602558225033,-23.061147911037313,-0.05434163544298278
-0.0024847623544227413,9.571585344887755,14.252548598774103,0.003195792366427962,-23.828204492441774,0.0053466210260324455
-0.0024847623544227413,9.571585344887755,14.252548598774103,0.003195792366427962,-23.828204492441774,0.0053466210260324455
-0.0024847623544227413,9.571585344887755,14.252548598774103,0.003195792366427962,-23.828204492441774,0.0053466210260324455
-0.0024847623544227413,9.571585344887755,14.252548598774103,0.003195792366427962,-23.828204492441774,0.0053466210260324455
-0.0024847623544227413,9.571585344887755,14.252548598774103,0.003195792366427962,-23.828204492441774,0.0053466210260324455
-0.0024847623544227413,9.571585344887755,14.252548598774103,0.003195792366427962,-23.828204492441774,0.0053466210260324455
-0.0024847623544227413,9.571585344887755,14.252548598774103,0.003195792366427962,-23.828204492441774,0.0053466210260324455
-0.0024847623544227413,9.571585344887755,14.252548598774103,0.003195792366427962,-23.828204492441774,0.0053466210260324455
-0.0024847623544227413,9.571585344887755,14.252548598774103,0.003195792366427962,-23.828204492441774,0.0053466210260324455
-0.0024847623544227413,9.571585344887755,14.252548598774103,0.003195792366427962,-23.828204492441774,0.0053466210260324455
-0.0024847623544227413,9.571585344887755,14.252548598774103,0.003195792366427962,-23.828204492441774,0.0053466210260324455
-0.0024847623544227413,9.571585344887755,14.252548598774103,0.003195792366427962,-23.828204492441774,0.0053466210260324455
-0.0024847623544227413,9.571585344887755,14.252548598774103,0.003195792366427962,-23.828204492441774,0.0053466210260324455
-0.0024847623544227413,9.571585344887755,14.252548598774103,0.003195792366427962,-23.828204492441774,0.0053466210260324455
