Joint0,Joint1,Joint2,Joint3,Joint4,Joint5 
0.005602285548469446,9.582569141459397,14.252316829642163,0.0036054203340536396,-23.830041443113583,0.004745842317077732
0.005602285548469446,9.582569141459397,14.252316829642163,0.0036054203340536396,-23.830041443113583,0.004745842317077732
0.005602285548469446,9.582569141459397,14.252316829642163,0.0036054203340536396,-23.830041443113583,0.004745842317077732
0.005602285548469446,9.582569141459397,14.252316829642163,0.0036054203340536396,-23.830041443113583,0.004745842317077732
0.005602285548469446,9.582569141459397,14.252316829642163,0.0036054203340536396,-23.830041443113583,0.004745842317077732
0.005602285548469446,9.582569141459397,14.252316829642163,0.0036054203340536396,-23.830041443113583,0.004745842317077732
0.005602285548469446,9.582569141459397,14.252316829642163,0.0036054203340536396,-23.830041443113583,0.004745842317077732
0.005602285548469446,9.582569141459397,14.252316829642163,0.0036054203340536396,-23.830041443113583,0.004745842317077732
0.005602285548469446,9.582569141459397,14.252316829642163,0.0036054203340536396,-23.830041443113583,0.004745842317077732
0.005602285548469446,9.582569141459397,14.252316829642163,0.0036054203340536396,-23.830041443113583,0.004745842317077732
0.005602285548469446,9.582569141459397,14.252316829642163,0.0036054203340536396,-23.830041443113583,0.004745842317077732
0.005602285548469446,9.582569141459397,14.252316829642163,0.0036054203340536396,-23.830041443113583,0.004745842317077732
0.005602285548469446,9.582569141459397,14.252316829642163,0.0036054203340536396,-23.830041443113583,0.004745842317077732
0.005602285548469446,9.582569141459397,14.252316829642163,0.0036054203340536396,-23.830041443113583,0.004745842317077732
0.005602285548469446,9.582569141459397,14.252316829642163,0.0036054203340536396,-23.830041443113583,0.004745842317077732
0.005609870969017054,9.582620608600545,14.252182697995083,0.0036054122959465265,-23.82994818542997,0.004753484307234244
0.019615272684286086,9.67736162744743,14.004966887778123,0.003585386224364591,-23.657922073364357,0.01886124795960185
0.05337119578123306,9.903367102057905,13.412712077152431,0.0034946011176340253,-23.24461399679488,0.05284714136756649
0.091114337599508,10.152205199029021,12.756390680211771,0.0033227101321159198,-22.784619939975887,0.09082082076791201
0.12930311541275563,10.399895806961291,12.098507409132239,0.0030740919185553504,-22.321410226864387,0.12921616210742662
0.16782242314704454,10.645633862682137,11.441089351805338,0.002748158931283919,-21.856369358451207,0.16791857418464506
0.2067782834472598,10.890037894688854,10.782368397005747,0.0023426850886242474,-21.388203536973418,0.20703579118306165
0.2459075244572657,11.131421952112653,10.126800375365885,0.0018595034798477837,-20.920048398337045,0.24630494194792668
0.28574149230878826,11.372987502829602,9.465548393479851,0.0012903754160666526,-20.445538781945338,0.2862605128236833
0.3250624296919283,11.607378097279764,8.818738501583749,0.0006529699083045505,-19.979120355249723,0.3256828057714313
0.3644242675205323,11.838023282136941,8.177025955869658,-5.956649275134555e-05,-19.514114352912028,0.3651293912646938
0.4037945378999113,12.06477819546041,7.540828038235594,-0.0008460382833586134,-19.050837135824324,0.4045695362342113
0.4436750212226857,12.29050484881171,6.902029248751537,-0.0017172316681671599,-18.583350664648744,0.44450745411279535
0.4837058148300418,12.513116179452467,6.266417748743009,-0.0026664585642704667,-18.11584927690072,0.4845842276566424
0.5240019608886068,12.733236890810796,5.632139640873412,-0.0036969627510455537,-17.646948261220984,0.5249166854992093
0.5644224300876045,12.950083895674204,5.001383752511278,-0.004805606066073188,-17.17824594335965,0.5653653527010666
0.6051543629916044,13.164640416951048,4.37120910036869,-0.005998140578714309,-16.70753206679349,0.6061191963631432
0.6459080230504357,13.375372053307816,3.746059970563591,-0.007266460743729414,-16.23810919377135,0.6468900579979515
0.6870510317724885,13.584160055823723,3.1202736284794974,-0.008622602099449019,-15.76570073176727,0.6880474667398542
0.7286292984112084,13.791155539014749,2.4932107698910126,-0.010069863272265054,-15.289759588646564,0.7296391045446892
0.7700254073185729,13.993284015329246,1.8741325983607762,-0.011586980981197292,-14.817302574955955,0.7710491747017791
0.81170920957076,14.192858823568107,1.2559355225821358,-0.013191017236201344,-14.34290916230864,0.8127495162845398
0.8539110605074907,14.39090020546783,0.635258733935057,-0.014892642496457855,-13.863933408714528,0.854972502398375
0.8959656555557342,14.584263339948548,0.021863803419979577,-0.016665678283283,-13.387881190088079,0.8970543985367228
0.9383736841665791,14.775250010107543,-0.5916050501360591,-0.018531446460409006,-12.909031736475468,0.9394981212297443
0.9810191751066318,14.963281702686736,-1.2034526444953353,-0.02048614317735248,-12.42865773362373,0.9821896396637851
1.0238097939144806,15.147921958860055,-1.8123716288496912,-0.02252631165434863,-11.947753514605765,1.025038535076968
1.066823414415489,15.329478710976062,-2.4194899475899057,-0.024656416055041565,-11.465396917664107,1.0681248321097205
1.1102202487221182,15.508564546103438,-3.027046214427491,-0.02688584103272811,-10.979752321335008,1.1116112298367888
1.1539146306278745,15.684750054726175,-3.6338052337080606,-0.029211881123204872,-10.491740648910826,1.1554142156102836
1.19765486811845,15.856989984872671,-4.236292034680546,-0.031621939530589095,-10.004123286768447,1.1992836490353362
1.2416432269997446,16.026056342805454,-4.837320624651368,-0.03412784820848266,-9.514593506363424,1.2434245748509376
1.2858786287157131,16.19189006301956,-5.436869288259871,-0.036730838047868294,-9.023116827256136,1.2878382927892293
1.3301312021731744,16.353605020039822,-6.031851735130304,-0.039418071289179554,-8.53219402812222,1.3322962388085011
1.37490980212341,16.51299525673483,-6.629093020215663,-0.042221960371390324,-8.036132793351541,1.3773121816381264
1.4198785212041287,16.66877284291324,-7.224067557071513,-0.045123524917327316,-7.538609861677924,1.422551233688544
1.4620681418667085,16.811022214381698,-7.777957289814784,-0.04792396754901723,-7.072367149672621,1.4650254962281721
1.4822736434835315,16.877812583863626,-8.041763825653087,-0.049291989675810256,-6.849241403003167,1.485378476109118
1.514328127162351,16.981996816805278,-8.458347391544427,-0.05149793767011754,-6.495475013341359,1.517682360905119
1.5598618329672556,17.126253494021444,-9.046087433897165,-0.054706857969357446,-5.993342353680919,1.56360424159979
1.6058032957439496,17.267357357442542,-9.634364813690304,-0.05803431705182005,-5.4871281211352345,1.6099796994703726
1.6522832811595451,17.40557245287308,-10.224770185296697,-0.06149280863954821,-4.975341075805563,1.6569443651374764
1.6990639686980555,17.540066615150153,-10.814215057195232,-0.06506742185704861,-4.460545428718114,1.704261560579137
1.7460987400361625,17.67061958980046,-11.402086990632766,-0.06875660982023603,-3.9431947093771256,1.7518874488473928
1.7938925226515885,17.798475350192756,-11.99460198826049,-0.0726034657712755,-3.417676161395167,1.8003375335012561
1.8416558945905637,17.921403924081204,-12.58192066167744,-0.07654715603314927,-2.8926068960426528,1.8488154357888482
1.8900437607764111,18.040989752367604,-13.17206325778759,-0.08064413575918276,-2.360720973916052,1.8979896628608943
1.9386769064806921,18.15614848710717,-13.760329060279414,-0.08486564894931599,-1.8261185047666288,1.9474793231700325
1.987772987271612,18.267270099801706,-14.34929924063965,-0.08923352395076949,-1.2863354277394103,1.9975102467465822
2.0374100161426445,18.374354436937306,-14.939812293284927,-0.09375873134155041,-0.740438395531177,2.0481671180294843
2.0872333117729145,18.4765001473642,-15.527592516796066,-0.09841216220178285,-0.1922505604662234,2.0990927226312746
2.137567608338231,18.57423612662227,-16.116417049564884,-0.1032274262245621,0.3618816873634781,2.150623887646195
2.188369512210555,18.667291463043384,-16.70568200076732,-0.10820473795767663,0.9215674330925826,2.202722007539735
2.239656333340391,18.755510386043618,-17.29549497353609,-0.11335023063534987,1.4870882214975805,2.2554108543289604
2.2914730777733054,18.83876548998121,-17.886268931639524,-0.11867328293259484,2.059036748146295,2.308743166087296
2.3436286199998997,18.916564674722718,-18.475741159685143,-0.1241587694781921,2.635401667418825,2.3625285881938316
2.396219038093103,18.98887634703194,-19.064925999146197,-0.12982115806176314,3.2173454208685546,2.416872575967174
2.4490843774424023,19.05531199012475,-19.65196804699627,-0.13564752537065156,3.803200861581313,2.471616273885617
2.502149903641329,19.11564547933822,-20.23600670254192,-0.14163322558723232,4.392239991428725,2.526688209586332
2.5552505046185923,19.16959612921494,-20.81522746520548,-0.14776244692198726,4.982725537046363,2.581922313099888
2.608052646611358,19.21681937154694,-21.386065060040256,-0.15399766523009034,5.57102924841994,2.636975272121962
2.6609858498743284,19.25767457939031,-21.953219716922668,-0.16039105031559958,6.162019849623317,2.692298954099019
2.713606955376937,19.291794237875102,-22.511997852116917,-0.16689059672383338,6.750831336617006,2.747434248624595
2.766150691386396,19.319342285772905,-23.064974292274854,-0.17352605565089632,7.340163353306648,2.802630398575712
2.8187621626288792,19.340333705414142,-23.61370156366256,-0.1803182026160429,7.93173080884395,2.858044750781386
2.870828987030589,19.354549150355385,-24.151881190937182,-0.18718855946772278,8.518714502704894,2.9130353090803305
2.9228158667793034,19.362166664722974,-24.68442241800198,-0.1941984942786481,9.106411603796104,2.968095281192279
2.974823250554344,19.363143689395525,-25.2123789654816,-0.20136414617520113,9.696040730097817,3.023336016006703
3.02665057520073,19.35743637179813,-25.733751069002825,-0.2086601719306666,10.2854058307939,3.07854910177044
3.07826143389479,19.345052500257914,-26.24823866845143,-0.21608280672341204,10.874157747419543,3.1336993520213303
3.1298505081369963,19.32591718468399,-26.757824786957187,-0.2236622507514577,11.464589565414428,3.1889992505850815
3.1811583036924325,19.3001101031212,-27.259995055816255,-0.2313624009085234,12.053798841326662,3.2441748446203102
3.2323124818347524,19.267575542932505,-27.756063460903697,-0.23920393820780286,12.643310157845152,3.299367028255725
3.283138731642495,19.22844137232284,-28.244407834295544,-0.24716154682117153,13.231168606380379,3.354391140434619
3.3338613201657865,19.182541410069682,-28.72724241045941,-0.2552721030271183,13.820023477336964,3.4094937197851434
3.3846468239263583,19.129650526135958,-29.206157785621834,-0.2635661337954506,14.41188877840382,3.4648618290741524
3.434845393824712,19.07047033086588,-29.675093772241354,-0.2719390378009892,14.999236972559341,3.5197903367916314
3.4850867857465198,19.004285991763638,-30.140001460499732,-0.280497437112947,15.589479872166402,3.5749716922497923
3.535105618567466,18.931399139915225,-30.59844336419054,-0.2891997661936529,16.179567267265107,3.630120085173816
3.58540827575781,18.850971355515977,-31.055045387597943,-0.29813933453568636,16.77555875430526,3.685801287985817
3.6358856909361648,18.762988542237732,-31.50874745567025,-0.30730452900011607,17.376279362919444,3.7419050091122927
3.686151067675198,18.668040513314562,-31.956067042537036,-0.31663036374846915,17.97720515790567,3.7980087776388576
3.7362093079389602,18.56611640837772,-32.39709131266895,-0.32612095648735445,18.57844212695611,3.8541230364159693
3.786032335135131,18.457276737963646,-32.83161770370328,-0.3357742321923546,19.179696801750293,3.9102212546285755
3.832058444051268,18.350093816580657,-33.22909285210726,-0.3448809872941918,19.737720635269813,3.9622711511923203
3.8535124929355247,18.297933076495266,-33.413071588043984,-0.349189436949476,19.998699008390826,3.986609460571817
3.877702802030843,18.237427617886762,-33.61952394291787,-0.35409679765139995,20.29363600984481,4.0141114221928165
3.891537154344618,18.202014805041465,-33.737120532891566,-0.35692712145062616,20.46263345545098,4.0298684329550225
3.900375274023068,18.17908187200455,-33.81206739938724,-0.35874443341568024,20.570722270982067,4.039945897227468
3.9203857868214773,18.126262333826595,-33.98123487745159,-0.362885703019709,20.815809253483227,4.062794650229243
3.9314135995592947,18.096620385298987,-34.074154358855914,-0.3651838923355825,20.95109257283202,4.075405883091018
3.940982787846483,18.07059141659065,-34.15460569148946,-0.36718734871014946,21.068607167939906,4.086360240085003
3.9422704383162244,17.99994195413864,-34.25383969614608,-0.3679293935343739,21.24107885891389,4.088943536852631
3.9388431101903025,17.764014909957652,-34.54054653056815,-0.36893342110838,21.763723049017152,4.089025762370765
3.934929121004292,17.48605730717794,-34.864363901614105,-0.37013983189073113,22.365509622016766,4.089178741130203
3.9310464524776685,17.201200369561615,-35.18171766966617,-0.3714018901489875,22.9677316414841,4.089395120231569
3.927170202735028,16.907606495718763,-35.49461491281704,-0.3727292298729233,23.574233855099116,4.089677933945394
3.923323846361546,16.60704205195517,-35.80113097641889,-0.3741154384466305,24.18132517013358,4.090027190006356
3.919490431757079,16.298198413403266,-36.10259770121449,-0.3755681346240504,24.79164609564413,4.0904460218194485
3.9156781924659496,15.981727474800088,-36.39833561866702,-0.3770860045963415,25.403865240658373,4.0909354078679145
3.9118975345422995,15.658553531396418,-36.687535794204514,-0.37866623395897725,26.016249343701148,4.091495403711569
3.908145020155041,15.328475568119813,-36.970472980482256,-0.38031140098266786,26.62927417860151,4.092127711432392
3.9046814693549465,15.015475315199673,-37.2279142997331,-0.38190032230366305,27.199724484529828,4.092781604578772
3.903103531954531,14.870195585701923,-37.344000981004825,-0.3826473256923981,27.461094806826974,4.093102577945197
3.9023685900102896,14.788530488858763,-37.4128493289036,-0.38309977269811063,27.611609420489444,4.093471903685522
3.919435170058874,15.078398213987823,-37.620412770324435,-0.38448555395514283,27.52920132125103,4.110626061259311
3.9549336664553443,15.6772074909183,-38.04507604520265,-0.387353442180661,27.35483807118707,4.146269806882466
3.9937748321469106,16.32616442614422,-38.49907766847994,-0.39046955193031163,27.15964302644546,4.185213543089435
4.033025529341088,16.9755008985486,-38.94691900645823,-0.3935962030808846,26.95790348116061,4.224509034825301
4.072909583137757,17.628822150532415,-39.391079937278384,-0.39675123813278723,26.74849259331417,4.264379019368443
4.113523801852799,18.28753986947376,-39.83244195291238,-0.3999421190756972,26.5308794472723,4.30491824843594
4.154604196268596,18.947240844825988,-40.26801663772812,-0.40314810495909553,26.30649041197498,4.345861614256858
4.1964204748746585,19.61212491678759,-40.70055096886059,-0.40639030045365776,26.073870797968382,4.387476348128266
4.238818372278818,20.279581725996383,-41.12829991892049,-0.40965677254949173,25.833886819998757,4.429607135660348
4.281636849076828,20.946993408954913,-41.54961631165434,-0.4129354295585921,25.587510127561785,4.47209289611933
4.325476450408452,21.62353787169627,-41.97023339499804,-0.41627232838808387,25.331291988892165,4.515527539363383
4.369839877807218,22.301333138469698,-42.385172301760086,-0.419629681013157,25.068138671883858,4.55941619111669
4.414864773575237,22.982361138265595,-42.795656473341595,-0.42301828261220203,24.79729066060684,4.603893709399055
4.460430457889795,23.66467026348348,-43.20051938700558,-0.4264294707084435,24.519533744643365,4.64883956074706
4.50063561341482,24.261064133128727,-43.549220950009015,-0.42942515877250287,24.271564892625292,4.6884438287198
4.505535056549367,24.490196764014083,-43.68187026278227,-0.4295663246388536,24.175049682813384,4.692722803214894
4.167711579976882,24.52061718567097,-43.69799026860319,-0.3973470451905064,24.16305837011327,4.342898782121578
3.5601158872717025,24.56934431096589,-43.723787781600535,-0.33938639279011873,24.14383044278748,3.713763604407561
2.919838808420851,24.612379957685473,-43.746548217834665,-0.27829317464541103,24.126827942263414,3.050842080589914
2.2791877689286357,24.646915119644763,-43.764796876787074,-0.2171515955372147,24.11317066182073,2.387578745007411
1.6356150071231965,24.67302799060629,-43.77858239952723,-0.15572253798031316,24.10280603058977,1.7213274655146784
0.9965902192500223,24.690460004047498,-43.787783015133,-0.09471942592011566,24.095906379915547,1.0598088720133547
0.35319708464060817,24.699460880093024,-43.79253264324971,-0.033294853602279934,24.09234646582085,0.39378377291682926
-0.28576602184445815,24.699910546911855,-43.79277068968212,0.027708456446347268,24.092176281039013,-0.26764993344992294
-0.9291794835883563,24.691813792191265,-43.78849650803205,0.08913337017890441,24.095362910184768,-0.9336946315511999
-1.5717229680685354,24.675167792312568,-43.77971273415148,0.15047320534531572,24.101967649793867,-1.598853532556319
-2.2124966104823645,24.650040853922818,-43.76644693900122,0.2116374812927431,24.111927465384646,-2.2622048151779177
-2.851280286413854,24.616510719870217,-43.74873245697208,0.27260250666040664,24.12520455935712,-2.923530286276885
-3.493469007799905,24.57425508239919,-43.726385192056235,0.3338773468173621,24.141885805285455,-3.588425866546464
-4.112640893265843,24.52539076704599,-43.70051951087872,0.39294451787554674,24.16118595807181,-4.229541618071194
-4.4935937891368205,24.491357229949323,-43.68248709229377,0.4292783330034362,24.174612116492007,-4.624024737260597
-4.510526115426395,24.477984635792698,-43.52991930250673,0.4304225705944398,24.035301230703684,-4.640407056383366
-4.491071591581006,24.437267903130547,-43.03667597424238,0.4270813978480124,23.58292492109025,-4.616580813134705
-4.469887459089417,24.385214901485433,-42.49225077432507,0.4235005820368488,23.090715339617695,-4.590704340864655
-4.449068646605243,24.326253106790155,-41.94966493303079,0.4200380572467155,22.607250070230034,-4.565340793787097
-4.428431359034817,24.260195472170583,-41.40431676334791,0.41665936295089034,22.128115926038546,-4.540261298395551
-4.407852508329145,24.186803342488854,-40.85297423937002,0.4133418532874229,21.650320496813187,-4.515312959597185
-4.3876205657742515,24.10734474537614,-40.303477545247084,0.4101290876598993,21.18043380528806,-4.490841667304946
-4.367692785521351,24.022014795108458,-39.754912491395835,0.4070106445467545,20.717346921679127,-4.466791104876221
-4.3480313027451,23.930961289757544,-39.20643950960545,0.4039774603500226,20.26007280822068,-4.443111553458313
-4.328446524656321,23.833490608925292,-38.65284779896522,0.40099805616028467,19.804095716686877,-4.419571703768651
-4.310036489554192,23.735704498419345,-38.125754072279236,0.3982346185783045,19.374922631120107,-4.39748545641788
-4.301295320986775,23.687184214453012,-37.87318278513298,0.39693492358516014,19.170935242886014,-4.3870125412108925
-4.298354159024963,23.67488275948671,-37.77862757508496,0.3964669020537338,19.088703178888576,-4.383391373986186
-4.31952961012786,23.99230482000646,-37.969646452411105,0.3981112489874858,18.962160754242767,-4.404194310640183
-4.361384378029895,24.61431542845879,-38.34006093431742,0.4013554926951645,18.710287559435265,-4.44527721507562
-4.407257966544506,25.287963603809256,-38.73545082627368,0.40490291246386073,18.431722787380743,-4.490251555743853
-4.453349091961192,25.956463276635677,-39.12194082793277,0.4084592641594114,18.149402209131733,-4.535384276648025
-4.50058929787342,26.633131559522788,-39.507251823991375,0.4120969973740159,17.85772318191019,-4.581586371811608
-4.545992006710825,27.275536067801347,-39.86761408769951,0.41558714005728714,17.575368772582426,-4.6259392875840994
-4.570661382592877,27.6213750241968,-40.059441694645784,0.4174812783512787,17.421186602693176,-4.650017276280267
-4.424290856962657,27.497981078930376,-39.990599126329855,0.40427531965326136,17.47676164088722,-4.500617905231016
-3.926838691842227,27.017194585235302,-39.720947206476154,0.35936790409619523,17.69112739001067,-3.9928361145522224
-3.369186682375987,26.467299815023967,-39.409196070183405,0.30887414445415484,17.93243852755373,-3.423185839428331
-2.899578882578933,25.995101412575682,-39.13861808858575,0.266228305644469,18.136352915716596,-2.9431271475084007
-2.689497982039459,25.781120684060234,-39.015121077838764,0.2471138311611391,18.227752184272894,-2.7282674929245943
-2.2259490406009315,25.30288701255561,-38.73710739920743,0.2048571906240387,18.429750055719275,-2.2539462382218893
-1.6929483049439942,24.74250229791181,-38.40777762769634,0.15612781788389138,18.662408625925043,-1.708149452273822
-1.1688423548604934,24.18030584669141,-38.07348960873419,0.10807668002586247,18.891490423031204,-1.1710711694537645
-0.6567775363346434,23.620114273692316,-37.736469462389515,0.0609953106100558,19.115394943883175,-0.6459379712558251
-0.15453501457524726,23.0599771308565,-37.39552416601097,0.014689145010493548,19.33490850475272,-0.13049809193274758
0.3389444403523968,22.499088189429205,-37.050114378965475,-0.030931380929611365,19.55032003970357,0.37631530151257453
0.824417740947787,21.936910947984433,-36.69984804676108,-0.07592881695716355,19.761792943318916,0.8752609388794766
1.2978110226840558,21.378594334368348,-36.34791821836216,-0.11992168047076046,19.967369127068462,1.3621486232924862
1.7648063669042269,20.817824752940115,-35.99032844449977,-0.16342046252631556,20.169433271937642,1.8427629394763132
2.2255539100483728,20.254622204387786,-35.6269955698524,-0.2064381117837653,20.367867182494198,2.317262625116568
2.675614305902228,19.694757836538205,-35.26161529458508,-0.24855279226349342,20.56062732890999,2.781056214949627
3.1186787201686865,19.134011961199008,-34.89142434587707,-0.2901023582723613,20.749174579595884,3.2379270765822574
3.5524697439590667,18.575596412313118,-34.51852297181588,-0.33086620589154575,20.932424433621602,3.685507834160602
3.8514964997029764,18.185141293104646,-34.25524546861548,-0.35901320478474374,21.057869069369595,3.994195103045336
3.943213525710966,18.063596373214175,-34.1745100789365,-0.3676587353999536,21.098118868893433,4.08891350764967
3.941416975376355,17.9417875891112,-34.32557292138951,-0.3681721709681214,21.370995938645247,4.088943874526858
3.9376888850341913,17.68295360278485,-34.63649737120538,-0.3692796493357383,21.940765546103144,4.089048354443348
3.933794320379783,17.403712293488123,-34.9575651743906,-0.370498988201861,22.54108614463416,4.089219171692829
3.9299030707825855,17.115534774881382,-35.27445913892429,-0.3717833705741486,23.14616890923923,4.089455276826396
3.926036246210602,16.819940765876314,-35.585417466757555,-0.37312763031148277,23.75273225663245,4.089757291639613
3.9221978993333457,16.517289034857903,-35.89011013009194,-0.37453156184242536,24.360087375774768,4.090126197692041
3.918350502944228,16.204551745387203,-36.19145998498821,-0.3760110795160609,24.97418505785509,4.090567867677111
3.9145495740409277,15.886243190126681,-36.48509191845059,-0.37754657074603126,25.586135740365126,4.09107773387661
3.9107816933259456,15.561401090547186,-36.772084830151165,-0.3791440066645922,26.197980636225164,4.091658208723655
3.9070072907683944,15.22658375072452,-37.055409816357724,-0.3808223475060797,26.816132635419066,4.092317617629662
3.9039692564567225,14.95015786120129,-37.28037224305928,-0.38223218131507064,27.317528565563446,4.092907177701469
3.9026393809667783,14.827190790561549,-37.37796814224162,-0.3828663439685197,27.538094818694542,4.093182239011275
3.8636674405256484,14.788651152259622,-37.412759271113565,-0.3792987382177074,27.611663938893358,4.053139656318908
3.458252482421814,14.819593194597564,-37.43319518788465,-0.3394783688443815,27.60351235819075,3.6307555034995516
2.8674169110587036,14.858537187846219,-37.45889684129969,-0.28143076046053944,27.593235862361077,3.015212571184814
2.274162166233748,14.890308388222493,-37.4798489096925,-0.22313037786079587,27.584838731065915,2.3971724143044297
1.6797706540688842,14.91477998565033,-37.4959741418684,-0.1647089595326517,27.57833203291086,1.777972973918062
1.0960779137771706,14.931648524532068,-37.50708708698344,-0.10732806393072576,27.573866008669068,1.169925964682973
0.5161521538691449,14.941382302237708,-37.51349817074788,-0.05031188203408739,27.571290001732446,0.5658116610470809
-0.06918773112484548,14.944108050385259,-37.51529380726017,0.007239314882036078,27.570573187066614,-0.04393854462664643
-0.6508318451567249,14.939750655923383,-37.512421932859034,0.06442317881629052,27.571704808488292,-0.6498329827598892
-1.2324099691881805,14.92835404473078,-37.50491697701617,0.12160081444611952,27.57473474658807,-1.255670063421113
-1.816736642239078,14.909809124735276,-37.49270024057046,0.1790425641219177,27.579657438493168,-1.864380080525402
-2.400557806448519,14.88417459156944,-37.47580477456164,0.23642554922140838,27.586452133814245,-2.4725778180132165
-2.975903570472601,14.851956536636028,-37.454553325301944,0.2929589481737341,27.594946584205058,-3.0719582990083945
-3.354497909789538,14.826987604215342,-37.438075904754825,0.33015475834559244,27.601544019953902,-3.46638438181022
-3.6330204332498854,14.806705930317541,-37.424685125523304,0.35751430329361694,27.606896645609766,-3.7565608986306396
-3.9025810875530476,14.786802582903332,-37.40795757775595,0.3839754895081204,27.60846696666861,-4.0373763676061385
-3.899765256164249,14.871078259156494,-37.224030273089426,0.3827665916981164,27.340287356942966,-4.032422101417669
-3.893888856047507,15.041195240942896,-36.836686635529446,0.38029683339832726,26.78287527360791,-4.022140329182031
-3.8876968459203374,15.212098972618161,-36.4234288265388,0.37776978012214046,26.198764536609747,-4.011387658150379
-3.8814771943610022,15.375232786332402,-36.0030621876871,0.37530642429976147,25.61531477472689,-4.000667805325839
-3.87520768587804,15.531114641213737,-35.574000737337855,0.3728965573440224,25.030422232327663,-3.989940841101637
-3.86892771983759,15.678736064284118,-35.13887604169151,0.37055368240874914,24.447726634835433,-3.979272265634497
-3.862652387863215,15.817824179229163,-34.69873648893734,0.3682809598830474,23.86854913455531,-3.968684895577012
-3.8564189967824003,15.947737651184502,-34.25626650150914,0.366088726379497,23.296215203218065,-3.9582380815688705
-3.8502050750456656,16.06915601750346,-33.80995525065965,0.3639658480485937,22.728534666434236,-3.9478905006830867
-3.8439916176007904,16.18257731100965,-33.35846744816547,0.361903386858548,22.16367436295406,-3.937607670444761
-3.83929643638689,16.263037192489552,-33.01384749813797,0.36038362409672803,21.738631217686397,-3.92987844763955
-3.8387042263687956,16.289608363255727,-32.93953022578805,0.3600760015560182,21.637748323679578,-3.9285857145663927
-3.856264611977044,16.590702950944706,-33.152116989397946,0.3614976395536383,21.549136424431158,-3.946084662430369
-3.891643991765488,17.192379285102398,-33.57292462440222,0.36435276985440607,21.36805671983243,-3.9813084875228237
-3.926871631370268,17.785028117903064,-33.98223421438707,0.3671840560535694,21.184505621705117,-4.016339664806853
-3.943609895441207,18.064289866301085,-34.17363832952168,0.3685262839362047,21.096546706031457,-4.032972622296479
-3.941871905139194,17.94636739485502,-34.31994759706948,0.36902421041678907,21.360783718861143,-4.033005870479842
-3.938160971564476,17.68861540490898,-34.629834893160236,0.37012876264128897,21.9284341438062,-4.033117700331473
-3.9342777386258025,17.410089705723856,-34.950388315421414,0.37134675900998343,22.5275247386531,-4.033296158703257
-3.9303869013065817,17.121843610332167,-35.26766899297611,0.3726332868996114,23.13306281320401,-4.0335404734072355
-3.9265216543519315,16.826257605153984,-35.57891248301265,0.3739794268391156,23.739903335954747,-4.033850715597042
-3.922682118839389,16.5233844143375,-35.88410249907695,0.3753863854139683,24.3479772925218,-4.034228219208411
-3.91886067384809,16.21264244537315,-36.18382702468554,0.3768584621848442,24.95845427611945,-4.034675321976326
-3.91504969063668,15.893381465680926,-36.47864402440052,0.37840057923837084,25.572542499331934,-4.035194967889877
-3.911272733674756,15.567606840166066,-36.76671577606257,0.3800047934929383,26.186398807444974,-4.035785594622434
-3.9075142899280846,15.23404735296056,-37.04922530511559,0.38167908844649984,26.8024774788709,-4.036451070468943
-3.904442694850582,14.954407348403338,-37.276971833992924,0.3831073109312849,27.309871728775022,-4.037054708745313
-3.903093211909099,14.829529305495573,-37.37612581533321,0.3837523154523981,27.533907092291123,-4.03733740650337
-3.904638716565573,14.819871542709977,-37.43535898500895,0.38414468326006507,27.602786933504206,-4.039467617229701
-3.928605795659917,15.226370494025348,-37.725870499861486,0.3860882903513521,27.48665352852972,-4.063551570148396
-3.966220850748729,15.859267307741783,-38.17309752969015,0.38912075487969955,27.30075302655553,-4.101304361009785
-4.005120994043247,16.507398004788634,-38.62472057976888,0.39223453227877253,27.104004688884597,-4.140289069518479
-4.044529071418315,17.15752962606867,-39.07132026887023,0.39536674009854034,26.900226758358823,-4.179723803182599
-4.0845533359544515,17.811331384124244,-39.514018435800786,0.39852594325785484,26.68887109471,-4.219715379219169
-4.125255048645445,18.46964652634542,-39.95332534672546,0.4017168517940296,26.469604224121287,-4.260323147388594
-4.166657275309412,19.132673751985887,-40.389301490074786,0.4049411495811485,26.242287674034873,-4.301568124410962
-4.208588676948876,19.79753154068086,-40.820021217223754,0.4081855451596288,26.007878310628506,-4.343277994767082
-4.251182882074173,20.46621155337573,-41.24675930545907,0.41146052018620677,25.765658283329977,-4.385584182089563
-4.2941493381969895,21.134061800344814,-41.66657087362274,0.41474404062905323,25.517336507875665,-4.428196978757054
-4.338107562874393,21.810547286541,-42.085364117254564,0.4180835950240065,25.259351972616205,-4.471729018145645
-4.382520756219456,22.487223243575144,-42.497856184003595,0.4214385507767462,24.994870033020494,-4.515646772245814
-4.427995534421331,23.17313461009255,-42.90950061072812,0.4248549187280639,24.720295077788016,-4.560548062492919
-4.473521652142968,23.85293829976486,-43.311119809786874,0.4282572933623723,24.441799346161204,-4.60543427679257
-4.508739283317587,24.374181687338446,-43.614821782735376,0.43087775657265115,24.22401519111123,-4.640112591719112
-4.514547328643071,24.485552401654303,-43.63113940843086,0.43110991837692175,24.12892357277716,-4.645341677952197
-4.49837247740858,24.45334651073835,-43.22259400443599,0.4283195826434511,23.75270922783727,-4.625517364036864
-4.477030748881565,24.40366681461644,-42.67675387471681,0.42469179633932685,23.256712984437645,-4.599424365890004
-4.456104473681372,24.347047046826688,-42.133940299531986,0.42119243760941943,22.770679119834725,-4.573907617954094
-4.435387115378565,24.28330979008169,-41.58902673594004,0.4177826644135087,22.289660145003744,-4.5487098307888445
-4.414856557560471,24.21263041651381,-41.04153752592568,0.41445568831453794,21.81300523714388,-4.52380002761165
-4.394553206437674,24.13539366324017,-40.49266614575846,0.4112150299677187,21.34152286988355,-4.499223304488114
-4.374502658754127,24.05197044561768,-39.94325700483337,0.4080616924937605,20.875686388013875,-4.475006663957092
-4.354668116198272,23.96246757837925,-39.392448611002706,0.4049870232789731,20.414527799547724,-4.45110194494243
-4.335063817323285,23.867189747250276,-38.84077093190434,0.40199060663566083,19.95827231873719,-4.427522884682485
-4.315740896318217,23.76665303004749,-38.289834717013946,0.39907757815310896,19.50801428162662,-4.40432751701071
-4.3028296133069865,23.695809165169045,-37.91768069939696,0.3971530028874961,19.206798192418557,-4.388853012064023
-4.298412245783414,23.670896556639516,-37.789606664807884,0.3964985055916135,19.10366886468132,-4.3835630542718595
-4.308968433216772,23.83425295095239,-37.87470287258617,0.39728179160328275,19.02533971018156,-4.3938228998129985
-4.346046247215102,24.387227609312074,-38.205423722374235,0.4001578920602767,18.802841133855683,-4.430229868199628
-4.391550211915565,25.058268667174925,-38.60130567896009,0.4036795762884535,18.52737900929027,-4.474860452565563
-4.437625486629408,25.729368745636936,-38.991300292050354,0.4072373157972083,18.24596376356395,-4.519996311887637
-4.484533438987291,26.404130975853057,-39.37751429503774,0.41085183963726646,17.95709710792546,-4.565892230388128
-4.531778128760856,27.075280669456728,-39.755844084594926,0.4144855712479562,17.66395338108948,-4.612062155837519
-4.565974943957921,27.555877963706983,-40.023228599871764,0.41711204324414297,17.45050426643539,-4.645447022865807
-4.51404831250742,27.606805458550056,-40.051157550404206,0.41233173616712604,17.427873504372094,-4.592126958121634
-4.079744650130591,27.36308048085474,-39.91441792572679,0.3729951158121385,17.53776341837429,-4.148359558553514
-3.4767855345328393,27.016706027493175,-39.71911082369493,0.31827453816356355,17.692379050097365,-3.532006343779113
-2.8698409443483577,26.658530363370744,-39.51591368131088,0.26306745493814804,17.8503600950195,-2.911272303174478
-2.339399076771952,26.337580778842785,-39.33274209716656,0.21471832116905112,17.990293868294884,-2.3685209635580895
-2.1037619285790448,26.19260842081151,-39.249655914591216,0.19320922209703606,18.052969262398193,-2.1273243463320015
-1.6511425698188453,25.909971671112935,-39.08705205736263,0.1518462542773948,18.174330052002407,-1.6639128685106432
-1.059234535623278,25.531986793925345,-38.86828090095515,0.09765548610930017,18.334799230227777,-1.057614177421235
-0.46909637479005084,25.145560789974304,-38.64304363600923,0.043517397923835716,18.49669636073175,-0.4528097430099979
0.11723843274851828,24.752019313726766,-38.41198666308409,-0.010377608594889273,18.65934695095242,0.1484176526134754
0.6982940359365408,24.352429381444676,-38.17561912896583,-0.06388917300771055,18.82217645239549,0.7445653962307329
1.2767619374197072,23.944991643201202,-37.93276112199319,-0.11726036794240047,18.985869417070937,1.3383672664685675
1.850364082493692,23.53134639977849,-37.684261719064125,-0.17027711361273512,19.149619663424932,1.9274958417993222
2.4257961466374396,23.106586998959337,-37.42702022702972,-0.2235550894835346,19.31522061768594,2.518829332045
2.9943108722436595,22.6771419893858,-37.164781304516985,-0.2762795661766849,19.479995834169856,3.103390741225775
3.559519487532735,22.24039248658078,-36.8958318939306,-0.3287824469002477,19.644906016754206,3.6848609827721157
4.046138830261965,21.856414417384173,-36.65747925617924,-0.3740502944376603,19.78764278784807,4.185739204043614
4.172177054271779,21.735902483083002,-36.620523930283014,-0.3858956670894759,19.87038975991141,4.315836856031364
4.1691119710245035,21.553139442857365,-36.85876198234409,-0.3866498034566552,20.291401226283753,4.315709475458845
4.164768771766199,21.286110484540323,-37.19324083200152,-0.3877741622495937,20.892923553910602,4.315585533966447
4.160431181552803,21.00984352383666,-37.523576799185506,-0.3889646421894681,21.49954076441787,4.315530406025451
4.1561098600984545,20.724916666781926,-37.848895946379876,-0.3902204968105672,22.10980077249956,4.315546545490274
4.151798283536994,20.430814630135075,-38.16963194136069,-0.3915458036232157,22.724652543721422,4.315636284392858
4.147543639248043,20.130815409792756,-38.48227272694372,-0.39292726339821993,23.337305871241444,4.315799938678642
4.143998631965441,19.873312412176716,-38.73977281197187,-0.3941363494951535,23.852319867514883,4.31599551830367
4.142441929930696,19.75804390303072,-38.8519724668832,-0.3946844588232037,24.07979276908284,4.316098927079622
4.141461615594495,19.684763346285862,-38.92235187552682,-0.39503510241946915,24.223455700351586,4.31616964039896
4.138392216826336,19.451833491668022,-39.14131191917071,-0.39616089196822935,24.675354795774318,4.31641954547549
4.134215948342596,19.126336615992443,-39.43577352563295,-0.39776239148054027,25.29532556943346,4.316830778487246
4.130165947426116,18.801110132656607,-39.717443887670214,-0.3993951412810291,25.902234081353996,4.317310936155854
4.127807616104898,18.60733153635754,-39.87966360760097,-0.4003833113840857,26.25823907235861,4.317628736231143
4.1265919934806705,18.50617056444313,-39.962757057199504,-0.40090370278701654,26.44249689950554,4.317803810566134
3.959190078874744,18.510258839098842,-39.979458642030956,-0.3846948371225757,26.45618091744037,4.143896730141351
3.430704709291356,18.55087023068455,-40.00414863473311,-0.3333153682956625,26.44335103751034,3.5944476170916664
2.8291503313799384,18.590010969558133,-40.02792367980266,-0.27481726361393144,26.43096765814591,2.969064642592882
2.2238778351047928,18.621789641431377,-40.047211851041936,-0.21594433954549752,26.4209010323634,2.3398463338551045
1.6113922439784807,18.646189049360107,-40.06200879036905,-0.1563608022413438,26.41313401065233,1.7031579189206123
1.0102403876047814,18.662557283384906,-40.07193330741761,-0.09787097188480538,26.40794270743807,1.0782643616657204
0.40784172208159924,18.671429191550434,-40.077311487406384,-0.03925506278222168,26.405130839166194,0.45208545928996285
-0.19323251165206165,18.672771516097683,-40.07812584941742,0.019233973557131388,26.40471139229112,-0.1727124132750555
-0.7961227490146895,18.66658003013466,-40.074370871621355,0.07789638104810315,26.406654832301182,-0.7993961808142543
-1.3959267036999177,18.652931127462047,-40.066097730481765,0.1362572059680052,26.410997715493792,-1.4228839473559123
-1.9977962768420883,18.63172067021425,-40.0532357919523,0.19481274164658832,26.417738082928178,-2.048533678190295
-2.5998377505362473,18.602969604493108,-40.03579130524755,0.25337594658422835,26.426863356554325,-2.674383255069538
-3.1894006862215742,18.567502555165618,-40.01425306756549,0.31071034096101835,26.438073222186244,-3.2872838911518105
-3.5570916633820886,18.54171744232757,-39.99858616470586,0.3464629897189109,26.44623519532987,-3.6695478741352
-3.859503993704094,18.518397394725806,-39.98440927990121,0.37586370866027624,26.453609470193747,-3.9839563675677523
-4.12681598333678,18.496184342645886,-39.96823577964895,0.4018389713479176,26.45796536491664,-4.26185982624623
-4.118155297115027,18.494894402960952,-39.71294508505014,0.4001195304871571,26.204027201991664,-4.250876911773246
-4.100643132321653,18.486445835668725,-39.191307916887176,0.39669074018695083,25.690964553020574,-4.228723743592689
-4.08280500614494,18.4698292714832,-38.652411064736754,0.39326237151348153,25.168811730132454,-4.2062311456875605
-4.065160431065993,18.445462710087433,-38.11176684355555,0.38993297599679666,24.652659337934253,-4.184052429886677
-4.047809080691675,18.413827949860824,-37.572641422657505,0.3867169821404059,24.145291083175,-4.162307629052554
-4.030524442559606,18.374765876152765,-37.028128029801465,0.38356888935821565,23.639960939885682,-4.140708595834187
-4.013467020400659,18.328841629695237,-36.48336989895915,0.3805149516362623,23.14124590405327,-4.11945222448005
-3.9966198249656455,18.276299981577015,-35.9380057853046,0.37754865964938167,22.64854011442468,-4.0985131332937526
-3.9800020752208805,18.217484505723423,-35.39283998418741,0.37467013262980775,22.162304194374528,-4.077911237852019
-3.9633983381151423,18.151787858445285,-34.84085947441292,0.37183977505303684,21.676133971702008,-4.057376574528139
-3.9498115213260996,18.09287302823958,-34.38368934324256,0.3695568947065579,21.277971169411018,-4.040608993585644
-3.944602291545607,18.06905398700286,-34.20708569213009,0.3686894117264937,21.125221907095643,-4.0341886117089905
-3.9510116995363798,18.18750656486373,-34.25728865752257,0.3691172294973486,21.056934108684697,-4.04031785106956
-3.982191560438773,18.703047961086227,-34.606188527312376,0.37160753210667047,20.890102549711656,-4.071265405976474
-4.02164546526504,19.34856816997245,-35.03766813677841,0.374747263018674,20.675819527069873,-4.1103808811428815
-4.061663872387958,19.995697997109122,-35.46426041923317,0.3779195880043472,20.455033852547288,-4.150006183804609
-4.102343437518822,20.645823710889676,-35.88686642295877,0.3811323581965303,20.22725960475165,-4.190235724558744
-4.142965126659484,21.287452944056806,-36.29814138056455,0.38432927387567106,19.996648832664153,-4.2303583041283295
-4.170142060860995,21.712576542937736,-36.56748626375511,0.38646216470994416,19.840697220233203,-4.257174072085939
-4.172896331897934,21.75547834683802,-36.59452883095308,0.3866780702947366,19.824820403373614,-4.259890537391387
-4.172896331897934,21.75547834683802,-36.59452883095308,0.3866780702947366,19.824820403373614,-4.259890537391387
-4.172896331897934,21.75547834683802,-36.59452883095308,0.3866780702947366,19.824820403373614,-4.259890537391387
-4.172896331897934,21.75547834683802,-36.59452883095308,0.3866780702947366,19.824820403373614,-4.259890537391387
-4.172896331897934,21.75547834683802,-36.59452883095308,0.3866780702947366,19.824820403373614,-4.259890537391387
-4.172896331897934,21.75547834683802,-36.59452883095308,0.3866780702947366,19.824820403373614,-4.259890537391387
-4.172892034929812,21.75546579772402,-36.594476433833705,0.386677676951519,19.82477541952401,-4.259886142995849
-4.098973340228569,21.539589370339893,-35.693113761134086,0.37991118104300176,19.050939693673996,-4.1842914508948565
-4.025431721981797,21.32481417882269,-34.79634914907648,0.3731792026039378,18.281051483848515,-4.1090823849008915
-3.9516207860443093,21.10925245635906,-33.89630048398613,0.36642257090145125,17.508343856668315,-4.033597894834718
-3.8202213260168723,20.72550588040051,-32.29401882898246,0.35439430237952235,16.13275684261728,-3.8992191458165224
-3.6793654953992982,20.314142373335837,-30.5764264328515,0.3415004004320278,14.658173526898567,-3.7551696169496918
-3.538069167664801,19.901492413036856,-28.85346262614258,0.32856617550600364,13.17897876061804,-3.610669603343381
-3.3970922742035747,19.48977534704799,-27.134393992792333,0.3156611915008571,11.703128069252756,-3.466496266711441
-3.2564802889960616,19.079123980209424,-25.419775041355244,0.3027896110915898,10.231097508160627,-3.3226961120897633
-3.1154234320428054,18.667173384217755,-23.699731335228257,0.28987730725153754,8.754409699647285,-3.178440998911528
-2.974338794334692,18.255141655704293,-21.97934887128705,0.27696246036923006,7.2774310615855216,-3.0341574750907854
-2.8336285706694944,17.844203387597215,-20.263532002609423,0.26408188723999304,5.804372067449278,-2.8902568545992597
-2.69257453636575,17.432261035034283,-18.543522715798403,0.2511698417844598,4.327713808524745,-2.746004628069951
-2.5516770419403674,17.020775850577753,-16.825422272260578,0.23827212594406286,2.8526943251614694,-2.6019124907299087
-2.410224867855047,16.607670747590273,-15.100558079135524,0.2253236348882123,1.3718680436803792,-2.4572530971865847
-2.269604494065463,16.19699488225189,-13.385836837543204,0.21245128659057133,-0.10025033531115737,-2.313444363784107
-2.1286682466744793,15.785396521395286,-11.667263841333957,0.19955002331492497,-1.5756755134636302,-2.1693125948121144
-1.987797090789845,15.373988257535126,-9.949484569288407,0.1866547184969214,-3.0504192654455493,-2.0252473932003925
-1.8467378169701276,14.962030603186985,-8.229411391953606,0.17374219341761313,-4.52713237550974,-1.8809898083568124
-1.706019980007708,14.551070100766765,-6.513501686924372,0.16086092336935298,-6.000271071288517,-1.7370814019477772
-1.564444935960232,14.137606161241786,-4.7871392206232235,0.14790118483274586,-7.482383646673118,-1.5922963525470937
-1.4237320706881107,13.7266601784332,-3.071290140258339,0.13502036989157595,-8.955470295110063,-1.448393030554103
-1.2828790649266062,13.31530492124143,-1.3537321903500383,0.12212672653058801,-10.43002403814008,-1.3043463905927877
-1.1420191507921582,12.903929488438113,0.36391000008125524,0.10923245077914125,-11.904650103142407,-1.1602926856213593
-1.0007629470226647,12.491396708485084,2.0863845361870985,0.09630189878925495,-13.383424821995042,-1.0158337057317908
-0.8595516980680425,12.078995217171112,3.8083108944301283,0.0833754619501045,-14.861728920500054,-0.8714206999412294
-0.718980542179918,11.668463090636202,5.522431974190811,0.07050761904491122,-16.333332049991387,-0.7276623003835485
-0.5779256043169223,11.256518099266623,7.242452278980237,0.057595490877825686,-17.809999768044385,-0.5834091498081151
-0.43693609062795674,10.844764176435408,8.96167480306478,0.04468935162068619,-19.28598257731479,-0.4392229068033817
-0.2957766655113896,10.432514034452723,10.682969222751973,0.031767658720664865,-20.76374414544233,-0.29486289987998254
-0.1931954373990401,10.132929888235404,11.93384209481585,0.022377402803426462,-21.837640531677785,-0.18995579368936963
-0.11963065782349712,9.91808705503529,12.83088913552414,0.015643304183033575,-22.60777121147291,-0.11472304121765844
-0.046056058817286936,9.70321554460244,13.728055914118853,0.008908306694800791,-23.378004688351904,-0.039480246674169744
-0.0035700691228972878,9.579137005253592,14.246128985863441,0.005019151500728368,-23.82277954275773,0.003969050185496619
-0.0035700691228972878,9.579137005253592,14.246128985863441,0.005019151500728368,-23.82277954275773,0.003969050185496619
-0.0035700691228972878,9.579137005253592,14.246128985863441,0.005019151500728368,-23.82277954275773,0.003969050185496619
-0.0035700691228972878,9.579137005253592,14.246128985863441,0.005019151500728368,-23.82277954275773,0.003969050185496619
-0.0035700691228972878,9.579137005253592,14.246128985863441,0.005019151500728368,-23.82277954275773,0.003969050185496619
-0.0035700691228972878,9.579137005253592,14.246128985863441,0.005019151500728368,-23.82277954275773,0.003969050185496619
-0.0035700691228972878,9.579137005253592,14.246128985863441,0.005019151500728368,-23.82277954275773,0.003969050185496619
-0.0035700691228972878,9.579137005253592,14.246128985863441,0.005019151500728368,-23.82277954275773,0.003969050185496619
-0.0035700691228972878,9.579137005253592,14.246128985863441,0.005019151500728368,-23.82277954275773,0.003969050185496619
-0.0035700691228972878,9.579137005253592,14.246128985863441,0.005019151500728368,-23.82277954275773,0.003969050185496619
-0.0035700691228972878,9.579137005253592,14.246128985863441,0.005019151500728368,-23.82277954275773,0.003969050185496619
-0.0035700691228972878,9.579137005253592,14.246128985863441,0.005019151500728368,-23.82277954275773,0.003969050185496619
-0.0035700691228972878,9.579137005253592,14.246128985863441,0.005019151500728368,-23.82277954275773,0.003969050185496619
