Joint0,Joint1,Joint2,Joint3,Joint4,Joint5 
-0.004761828399654578,9.582106042152567,14.245920369805468,0.0035380845859518243,-23.82616386610789,0.0015150801303397208
-0.004761828399654578,9.582106042152567,14.245920369805468,0.0035380845859518243,-23.82616386610789,0.0015150801303397208
-0.004761828399654578,9.582106042152567,14.245920369805468,0.0035380845859518243,-23.82616386610789,0.0015150801303397208
-0.004761828399654578,9.582106042152567,14.245920369805468,0.0035380845859518243,-23.82616386610789,0.0015150801303397208
-0.004761828399654578,9.582106042152567,14.245920369805468,0.0035380845859518243,-23.82616386610789,0.0015150801303397208
-0.004761828399654578,9.582106042152567,14.245920369805468,0.0035380845859518243,-23.82616386610789,0.0015150801303397208
-0.004761828399654578,9.582106042152567,14.245920369805468,0.0035380845859518243,-23.82616386610789,0.0015150801303397208
-0.004761828399654578,9.582106042152567,14.245920369805468,0.0035380845859518243,-23.82616386610789,0.0015150801303397208
-0.004761828399654578,9.582106042152567,14.245920369805468,0.0035380845859518243,-23.82616386610789,0.0015150801303397208
-0.004761828399654578,9.582106042152567,14.245920369805468,0.0035380845859518243,-23.82616386610789,0.0015150801303397208
-0.004761828399654578,9.582106042152567,14.245920369805468,0.0035380845859518243,-23.82616386610789,0.0015150801303397208
-0.004761828399654578,9.582106042152567,14.245920369805468,0.0035380845859518243,-23.82616386610789,0.0015150801303397208
-0.004761828399654578,9.582106042152567,14.245920369805468,0.0035380845859518243,-23.82616386610789,0.0015150801303397208
-0.004761828399654578,9.582106042152567,14.245920369805468,0.0035380845859518243,-23.82616386610789,0.0015150801303397208
-0.004761828399654578,9.582106042152567,14.245920369805468,0.0035380845859518243,-23.82616386610789,0.0015150801303397208
-0.004761828399654578,9.582106042152567,14.245920369805468,0.0035380845859518243,-23.82616386610789,0.0015150801303397208
-0.004761828399654578,9.582106042152567,14.245920369805468,0.0035380845859518243,-23.82616386610789,0.0015150801303397208
-0.004761828399654578,9.582106042152567,14.245920369805468,0.0035380845859518243,-23.82616386610789,0.0015150801303397208
-0.004761828399654578,9.582106042152567,14.245920369805468,0.0035380845859518243,-23.82616386610789,0.0015150801303397208
-0.004761828399654578,9.582106042152567,14.245920369805468,0.0035380845859518243,-23.82616386610789,0.0015150801303397208
-0.004761828399654578,9.582106042152567,14.245920369805468,0.0035380845859518243,-23.82616386610789,0.0015150801303397208
-0.004756045245316705,9.582109249954184,14.24590942642803,0.0035380876082047024,-23.826138473825363,0.0015208749340481506
0.05056043272006082,9.612678497907606,14.14136077841271,0.0033892881650162848,-23.583346975271255,0.05687731460494946
0.17374859158400294,9.679938755807937,13.909432937283507,0.0017868680544001396,-23.043278974016264,0.1796537221617983
0.30417918354721946,9.749932857375436,13.6651997969116,-0.00179701412800241,-22.472354319070355,0.3089318175692682
0.4353351309305503,9.819059015144553,13.420961408249786,-0.007329299148273425,-21.899133041970813,0.43823134392092566
0.5662699963584528,9.886819117371633,13.178462282974232,-0.014753931714609342,-21.32770769502983,0.566660345078899
0.6974327944071999,9.953453232596694,12.936845700545069,-0.024070360517501346,-20.75607084820463,0.6947034050148296
0.8291179469472648,10.019107159996826,12.695556474333678,-0.03529157023626475,-20.182899424370127,0.8226859100754598
0.9606626601804177,10.083451782110155,12.45579114547837,-0.04834619991233727,-19.611035896772705,0.9500035743500485
1.0924267403982697,10.1466678700232,12.216872708400622,-0.06325066374097897,-19.038872392740227,1.077045488643885
1.2243822061036023,10.208741989942284,11.97883581433999,-0.07999031550907557,-18.4664900048648,1.2038230562316063
1.3564766722166315,10.269649864741355,11.741758711623907,-0.09854715504515323,-17.89407592971097,1.3303240762382595
1.4881548212154483,10.329144031916112,11.506614062036741,-0.1188205507180311,-17.323993600314385,1.4560569321590326
1.6206594097825444,10.387784560589564,11.271168558109734,-0.14099444817764056,-16.750824642236136,1.5822450270926456
1.7532766645359323,10.445246135295589,11.03668425252357,-0.16495419602669914,-16.177622164801203,1.708243007806166
1.8872522419752458,10.502051615903794,10.80095926280709,-0.19094076632631996,-15.598970029649974,1.8352675999402857
2.021116167563073,10.557563349342015,10.566578170596118,-0.21868191571824433,-15.02118409278864,1.9619592303648574
2.1546249731506713,10.611689504953535,10.333943932736736,-0.24810715660904314,-14.445275174661532,2.0881258673921788
2.2884810388089827,10.664717145790425,10.10181586716338,-0.2793616500933876,-13.8681761436813,2.2144680769323988
2.4231102504824706,10.716801334150388,9.869453019253665,-0.31255837750312193,-13.288017780978981,2.3414227175844053
2.557153003243877,10.767414933931821,9.639188636635025,-0.3473586044666609,-12.710623527909343,2.4677437524896484
2.691121284369349,10.816761590240946,9.410120092648167,-0.38387631509699754,-12.133750959404917,2.5939501381497627
2.8252498189570323,10.864927159472755,9.181832683419406,-0.42217255444530744,-11.556354968539514,2.7202985391279135
2.959419447697172,10.911866577084814,8.954517487309944,-0.46221333846660306,-10.978914891479425,2.8467120718625343
3.093889650963284,10.957665886942461,8.727725352844574,-0.5040802039788719,-10.40028098104184,2.973470662480949
3.2279353831084117,11.002079478015453,8.502664769772814,-0.5475436874326711,-9.823540242561965,3.0999258184183227
3.362235036448367,11.04533386664179,8.278182257683683,-0.5928200975648837,-9.245741459499364,3.2267523255919683
3.4964065499601364,11.087303337137808,8.054905771207741,-0.6397837513743357,-8.668496756005258,3.353624436974896
3.6307810728759686,11.128088984596001,7.832273586357365,-0.688554077777676,-8.090350203366821,3.480890387105431
3.7647579197806875,11.167509669453002,7.611267612983953,-0.7389121108507141,-7.513855724398076,3.608015610605511
3.898870390757707,11.205724035736967,7.390994612536045,-0.7910572321006943,-6.936688628397465,3.7355402826154105
4.033068098114635,11.242712307361181,7.171529518269414,-0.8449793824869106,-6.359035855875349,3.8634521574727554
4.167535782388833,11.278518001451388,6.952563979247948,-0.9007657642236574,-5.78007236057318,3.9919637761640994
4.301690379257288,11.31298354195545,6.735037570634113,-0.958181022524214,-5.202279767775283,4.120553115127916
4.435545026632793,11.346117779536817,6.518913579321789,-1.0172270631025762,-4.6255743879735025,4.249265573289701
4.570022734499467,11.378141292267864,6.302696234093887,-1.0783267712817037,-4.045950666482138,4.37902601070352
4.70373794076509,11.408722255903847,6.088603670307399,-1.1408585455865876,-3.4693534550670266,4.508532708832122
4.837693029676588,11.438093505362456,5.8750176243528545,-1.2052920634092499,-2.8914347569953534,4.638789829217492
4.971336695928773,11.46613077824234,5.662808964534715,-1.2713735693451467,-2.3145465733772235,4.769297362316888
5.105681316933967,11.49303647966551,5.45036666372285,-1.339625231487118,-1.7342909647674438,4.90108344889857
5.238746312785283,11.518417402807364,5.240810158400411,-1.4090439451135641,-1.1591987043456182,5.032238497553341
5.372384044946345,11.542631939341934,5.031208856333647,-1.480597568547504,-0.5812414028741102,5.164620949992419
5.5057772684227135,11.565522008344423,4.822841506895874,-1.553872398530837,-0.003926848236989492,5.297461754138616
5.639466768130989,11.587174089246263,4.614857947668709,-1.6291849180780495,0.5751106703834304,5.431338664792149
5.772365483961914,11.607413515855422,4.408939066713402,-1.7059316728061873,1.151184876656132,5.565198022216173
5.9054196496906375,11.62638753231587,4.203607519282252,-1.784666223046281,1.728418230174783,5.700027006556191
6.038392413587441,11.644055017809123,3.9992245561719093,-1.8652717312659044,2.3058073894611817,5.835626541041038
6.171215512075905,11.660403788720476,3.7958882850363067,-1.9477247359189476,2.883078075239917,5.971965695018426
6.304267230224075,11.675472429261644,3.5930159675878266,-2.032286154877912,3.4618981083657,6.1094753969427265
6.4369771039884345,11.689190996832943,3.3914722975345524,-2.1186164538997168,4.039807954762454,6.2476073767152975
6.56929222728595,11.701557741056337,3.1913271079013423,-2.2066913784205653,4.616594878367941,6.386341535410287
6.701807683410587,11.71262368598378,2.991674994746222,-2.2969307639693075,5.194873845348038,6.526343636339336
6.834105843108126,11.722346551488648,2.793141766468335,-2.389079222411473,5.772844108812374,6.667217128445124
6.966111054094809,11.730720496053332,2.5958334442595934,-2.4831029922252363,6.350192983635286,6.808920854912517
7.0982455734891445,11.7377667087131,2.399114681643897,-2.5793310922331165,6.928787242988698,6.951952710141046
7.2296648787996896,11.743440649181165,2.2042352150488527,-2.677168036184111,7.50494513575819,7.095438184508168
7.361189402108134,11.747778564486408,2.009970858369138,-2.7772446213664495,8.082279082730706,7.240313004325475
7.492722733469794,11.75076678048815,1.8164631094365074,-2.8795268188160863,8.660386945067396,7.386522413510947
7.624282416462743,11.752396182548011,1.6236847951833375,-2.9840673317035122,9.239365978018682,7.53413756745857
7.755245576716407,11.752658634689633,1.4325422923660667,-3.0903964544209486,9.81648955457387,7.68250285320352
7.886124100912922,11.751556550711124,1.2422813269074062,-3.1989531199943806,10.394026403967633,7.832240277575413
8.016566168108666,11.749091391992698,1.0534079955336515,-3.309474723342062,10.970438010107946,7.982993100862173
8.147318441239094,11.745241414968435,0.8648393328180175,-3.422634914972064,11.54904089383677,8.135677940972197
8.277594063564715,11.740022339335113,0.6777083457803914,-3.5377947452891085,12.126369511127294,8.289430500440917
8.407681790056056,11.733423260707061,0.4915942241380009,-3.655238759081306,12.703714515901925,8.444637729961633
8.538063110619076,11.72540748586193,0.3058091787028357,-3.7754552784650293,13.283231205026627,8.601937134697547
8.667864470694726,11.716022989281607,0.12159568519235331,-3.8976823582312727,13.861050615070456,8.760331068028616
8.797095059766205,11.705277068482284,-0.061068660924581894,-4.021948662071436,14.43721823108126,8.91987046942972
8.926302731732756,11.693123032514901,-0.24296260160484803,-4.148818949284694,15.014186292517959,9.081284166412578
9.055380241529544,11.679562546291677,-0.4239355483070005,-4.278241016953189,15.591489622545406,9.244501796808038
9.184443262345207,11.66457456810238,-0.6041497004660114,-4.410386763771816,16.169659036865962,9.40973566020578
9.313106187143307,11.648199570196896,-0.7830688639131856,-4.544910326769669,16.74697698238549,9.576553174149188
9.441575611935251,11.630409582833698,-0.9609837647340473,-4.682073345520826,17.324377968770243,9.745280982072956
9.570343778104364,11.61112297752945,-1.1385733762676855,-4.822472393809037,17.904089025690045,9.91664399672987
9.697902409875782,11.590569375817502,-1.313763399246647,-4.964501295137446,18.479322494346885,10.088688404499395
9.825959550086031,11.568473673635804,-1.4889035238575852,-5.1101095435870505,19.05778518459366,10.263778778343623
9.953653462754975,11.544970069427242,-1.662811523349223,-5.258397191072442,19.635597823217037,10.440823161109682
10.081221999459634,11.520011065602555,-1.8358129393992495,-5.409700364393729,20.21384212586192,10.620222210683416
10.208380222750439,11.49364933347525,-2.0075231172354417,-5.563741814285189,20.791230793975686,10.801646893944257
10.335547166034386,11.465792476480928,-2.1785083035539095,-5.7210976862936525,21.369671716676898,10.985773326995078
10.461896946846707,11.436623055031452,-2.3476617992197872,-5.880800814589257,21.945407766249726,11.17147286053351
10.58843127343723,11.405908250651851,-2.51632668814328,-6.044181868083396,22.523004338949974,11.360293108920846
10.71497301653442,11.373674816314278,-2.684261554301681,-6.211113225302723,23.101662958590325,11.55207567783713
10.84096240357356,11.34006211664154,-2.850724418225535,-6.380930365781024,23.678824264346392,11.746055858649472
10.966801863878025,11.304962431683188,-3.0162491242817837,-6.554245722500478,24.256329399024093,11.942933874070427
11.092810939699788,11.268273044881399,-3.1812515602937257,-6.7316048076961525,24.83565044167033,12.143320539199905
11.218092226364274,11.23025216015709,-3.3445571159210123,-6.911827380917166,25.412659251457335,12.345880751470014
11.33671318458367,11.192822099348167,-3.4984930644728225,-7.086143234719394,25.959945789312226,12.540839608978636
11.396167130959013,11.173534700876747,-3.575394243449854,-7.174888116136905,26.23460053641675,12.639746787643048
11.435993766480205,11.160416699430426,-3.6268134669028655,-7.23485873813016,26.418715253625393,12.706456434721114
11.493073701128814,11.141338046256276,-3.700374960574143,-7.3215494592685175,26.68277329026798,12.802710230630888
11.516122787183342,11.133540956171458,-3.7300348158333207,-7.356805104450568,26.789462035184346,12.841795714051635
11.5373861292564,11.124098225776754,-3.7597053254531283,-7.3901791165469914,26.894075691136596,12.878812514826725
11.502506274102387,10.989770953070087,-3.8683056960317246,-7.384208965742595,27.139435730415713,12.875357189748252
11.47942151975691,10.899761502648044,-3.9398605940134845,-7.380369020151749,27.302604539486058,12.87315278037451
11.468121808115367,10.854570681723583,-3.97536635286255,-7.3786141059280625,27.38407344918469,12.872298147825331
11.759093225916498,10.797350335291801,-3.9314733435731806,-7.562630001508576,27.359743251368343,13.196791901411784
12.276088484667543,10.691882616245799,-3.85044839837736,-7.888982655117889,27.314958707807822,13.77308076278537
12.810193733535543,10.577781358346755,-3.7626183465879177,-8.225302964803756,27.266640795981736,14.368073570037625
13.346030722128486,10.458004103232089,-3.670222284132938,-8.56181769954152,27.21603395096621,14.964595808620667
13.881151986206863,10.333030180280561,-3.5736105549341373,-8.896967645061634,27.163419652035646,15.559915239536938
14.417027628250182,10.202456212817804,-3.4724394605017697,-9.231628319062628,27.108615658365522,16.155643468777814
14.95151010118365,10.06675436515472,-3.3670456404131004,-9.564423412372165,27.051837577088897,16.749375258314135
15.487564759743659,9.925105169857684,-3.2567614047060363,-9.897162323663316,26.99276248076826,17.344385815439473
16.01973108361328,9.778920783818126,-3.142655229124969,-10.226425581642857,26.931996410932367,17.934597895701767
16.535636864245298,9.631847535541846,-3.027556815826744,-10.544583699426928,26.871062482272286,18.506298707300544
16.84782519524744,9.540260862298537,-2.955729047139933,-10.736592215520403,26.83320657621339,18.852011678124413
16.933340993415314,9.516009926980963,-2.9310333194574616,-10.788562534846344,26.816909900534707,18.94544091046159
16.96071926557459,9.56215912527931,-2.7028703138895653,-10.779392162340462,26.542355128665353,18.91788913573735
17.013277437856036,9.646010716952931,-2.2633072357987984,-10.762892854867811,26.018416328937974,18.865928572716015
17.06777453422427,9.726492838832105,-1.8054265137414742,-10.747275975677043,25.479431976168826,18.81329662138116
17.122790952881346,9.801208425960064,-1.3411251693474777,-10.733032516451395,24.93970350216213,18.76141073187665
17.17803519993891,9.869788747233134,-0.872813864247181,-10.720149000120621,24.402030805265348,18.71048052249699
17.234107386793422,9.932934529811478,-0.39545759011943116,-10.70851215480886,23.860663899129705,18.65995051659574
17.290083800859687,9.989625002103935,0.08304990583144636,-10.698294188921265,23.324533710354903,18.61062345630721
17.34697524089761,10.040887015744254,0.5712817205093681,-10.689328013626882,22.784018157742928,18.56159597300203
17.403995548168233,10.085991905898684,1.0625600298776736,-10.681663830358692,22.246554040521303,18.513495887053256
17.460002491231272,10.12431545834503,1.546895268973882,-10.675415483296073,21.72277416953201,18.46723026926198
17.488555996925882,10.141615871236338,1.7944821494293468,-10.672705275795238,21.45729367644945,18.44400236481073
17.539081001417998,10.328842405013893,1.5536772676954527,-10.706157657748872,21.50077288534302,18.50688561780223
17.65822315250466,10.768314157501559,0.9832705923115733,-10.78545633635225,21.607669508826362,18.65631715343491
17.790929461154292,11.25067148744819,0.3604366802629242,-10.873513542146851,21.7212283956988,18.82205818788529
17.91155827443603,11.682767253739415,-0.19460777772286914,-10.953336455705205,21.81956583753219,18.97209603753378
17.964965286940334,11.87219655815788,-0.43707312385498975,-10.988589502090173,21.86167188750224,19.038327306546567
17.98925097605805,11.957958926246887,-0.5466733730350204,-11.00460470485353,21.880531591942844,19.068406257232862
17.93818171293356,11.858771447813675,-0.674607396409641,-10.99224211879102,22.113035487863034,19.062122783454285
17.823125359825465,11.625084815842575,-0.9424093412525466,-10.964074671850387,22.626859104824074,19.045476942855448
17.705201156593475,11.376933351824343,-1.214844573471759,-10.936409456945423,23.159997427806097,19.02922515214854
17.58882119345428,11.12319066487055,-1.4815267548754525,-10.910344662985215,23.69271733713913,19.01402797878325
17.500478141957984,10.924536431364713,-1.6824221336934286,-10.891437301693415,24.101536750102145,19.00306228788246
17.466913562186072,10.847671328435355,-1.7583764314970531,-10.884439301190808,24.25786403014069,18.999037280191146
17.426231295286474,10.753463251288709,-1.8501561968878766,-10.876105019189469,24.448092924480537,18.994261559097108
17.32205400592001,10.506926452832179,-2.0837240322642123,-10.855514904778953,24.939003718554044,18.982558486241434
17.211525297432992,10.23684733151989,-2.3291193836449042,-10.834884263217056,25.465856578254158,18.970998947214124
17.102015008583013,9.960365892321867,-2.56964262878533,-10.81572057468284,25.99404492120478,18.96045539068814
17.00721871228063,9.713675297976483,-2.7756293147912694,-10.80022806477967,26.456328225833655,18.952082276597658
16.967444876966233,9.608102392965442,-2.8614050744692636,-10.794014710413055,26.65168703469731,18.948791162675533
16.943392224595602,9.543655740327354,-2.913085919821027,-10.790345197412401,26.770233590751207,18.946864795500133
16.943406723725023,9.555950932529766,-2.9902372952292,-10.79648892215196,26.83393974652352,18.960488175609786
17.02944757859252,9.884755826063188,-3.4256685375297917,-10.858956821299746,26.922609610726063,19.077074603373106
17.152343230564835,10.348695438678682,-4.037317877059067,-10.947913300521003,27.04455205938358,19.243002732126502
17.2778789535171,10.815859173112312,-4.64995938016762,-11.038451978313864,27.163564726967632,19.411777600111073
17.40597148225619,11.28572576166793,-5.26282617159603,-11.130489957059638,27.27941125910478,19.583250603702712
17.536937677760033,11.75923418553013,-5.87705403252795,-11.224230589876798,27.392212470129756,19.757806885774475
17.670035385780075,12.233518620803418,-6.488856785467898,-11.319119708531646,27.501198086196364,19.934421780462674
17.806071076349042,12.71127169846182,-7.101640143845551,-11.415708582647026,27.606899974245355,20.1141290922878
17.94533853847725,13.193267540899269,-7.716291171699288,-11.514176923202388,27.709357331581458,20.297270655606756
18.08715312537735,13.676915014898718,-8.329418257603422,-11.61401290773311,27.807908314726703,20.482902887839018
18.23009432031425,14.157297232069146,-8.934783220443096,-11.714221803080576,27.901510295609988,20.669177577413393
18.329021604269172,14.48571848115606,-9.34656601036296,-11.783296881841702,27.963065248945586,20.797565613557975
18.3521284315794,14.558782796517562,-9.419127382795242,-11.79727048562901,27.957870790807817,20.822954060895945
18.377126054275976,14.578462646077755,-9.082299921776448,-11.774053213662803,27.603796243232797,20.768184118002615
18.415536779613785,14.603408889154233,-8.5628066960014,-11.739898749468574,27.06299302314544,20.685414232883883
18.45451019384235,14.622288051406464,-8.033435898929277,-11.70710748122029,26.5183080028125,20.60311974348706
18.493710387059746,14.634884882745636,-7.49859853952399,-11.675872627341088,25.974345972123874,20.521919877199036
18.53317350689455,14.641227667704477,-6.957888204677031,-11.646175949565096,25.430675173055956,20.441734231749823
18.572710099833387,14.641342428187851,-6.414002883013277,-11.618160666755449,24.889951833376873,20.362931996581974
18.61219556586465,14.635356924078062,-5.86856521858318,-11.591781032516332,24.35367251915573,20.285633625897223
18.65143852449969,14.623496960924717,-5.324369024258354,-11.567131813175926,23.824392399753314,20.210169112549288
18.690404190587394,14.606016406179382,-4.782064771783903,-11.544191687306975,23.302508552274215,20.13655130214236
18.729353405376948,14.582976683644974,-4.237941174313325,-11.522665823889819,22.784280080771026,20.064157435377975
18.756760755700313,14.563492604771005,-3.853900880269654,-11.508359131798434,22.421683500783168,20.013921151595692
18.788899693436193,14.658607467616417,-3.9420167915251936,-11.526519905219848,22.408520672721078,20.04588034591103
18.915427001266156,15.06546595708723,-4.444034382692128,-11.608141364428684,22.47681602239387,20.198319150817714
19.071039847082307,15.558752705258469,-5.049322147275213,-11.708164276943043,22.555596561044542,20.384997584148927
19.23007526640139,16.055035418480234,-5.654540989456169,-11.809975526634975,22.63037564509631,20.574880566016375
19.39296937359384,16.55538653449563,-6.260903124472698,-11.913826250771582,22.701186062351013,20.76844069159871
19.524529188632513,16.953755775546465,-6.740923654337039,-11.997408843044143,22.754234052806407,20.924113284043795
19.56538676481666,17.07646206861748,-6.888288016317622,-12.023300624784197,22.769985280149655,20.97233044470952
19.594082888983355,17.16442510483264,-7.0007817989014836,-12.04211836928816,22.788089277902824,21.00783750738798
19.51803808775865,17.02861002860093,-7.154372702941061,-12.023422072215686,23.086747623717677,20.993827142443738
19.383574178460258,16.781546093152073,-7.424820216609606,-11.991449372847196,23.620516218621674,20.96985918287186
19.248680091899427,16.52456706569777,-7.694546159093349,-11.960816628691132,24.163395589125024,20.946892269928732
19.11512808955675,16.260832776727216,-7.959874710028872,-11.931997272492637,24.708335161887508,20.92525723262618
18.98335645851131,15.99125127954238,-8.219815537360802,-11.905037641210063,25.25338781002162,20.90506726326131
18.853815800100914,15.716864104004781,-8.473410359841198,-11.880048939086167,25.796502931974647,20.886380827422
18.725955865495354,15.43663360294507,-8.721659785701057,-11.85691701811927,26.339786083181707,20.8691217158614
18.599387571597898,15.149731069468102,-8.965233804478169,-11.83561164850242,26.884781536977922,20.85324245256252
18.474656243137836,14.857473272089836,-9.202974398289756,-11.816164916395934,27.428955951431846,20.838844354025102
18.389410643897808,14.65214157183349,-9.364057951395358,-11.80381019866374,27.80498188689746,20.829742902170107
18.35543838172492,14.569021957592888,-9.42792221690722,-11.799103869370484,27.955777989549194,20.82628803467649
18.202424486913106,14.603086064556996,-9.46909938058876,-11.706924490011714,27.993794891324633,20.65898646296737
17.731970402837177,14.744161059755488,-9.569994506052335,-11.416076667886204,28.048343865229757,20.12986164630751
17.192919955056666,14.900550596225619,-9.681531704516237,-11.081696183743531,28.109085731823,19.523186382720443
16.648102282004697,15.052983306211559,-9.789932414916201,-10.742551931961332,28.16856714001121,18.90960027132465
16.103759534770564,15.19970288237682,-9.89397345283157,-10.402539637582041,28.22605023709639,18.296134581852392
15.561916142784074,15.340280591972062,-9.99339336576772,-10.062988438118289,28.281400757433325,17.685102561331668
15.013589326580895,15.4770539795123,-10.089870121798926,-9.718285345082009,28.335488704212107,17.066377587236538
14.468046463840832,15.607720628138068,-10.181806606781153,-9.374282108304653,28.387380647188092,16.450426725654722
13.917347813667742,15.734209331305758,-10.270583322734202,-9.02599563389844,28.437789887778347,15.828291179147127
13.371335292747872,15.854313381733386,-10.354685659264533,-8.679702573825638,28.485875475249046,15.211115417055515
12.83421136451046,15.967359889396722,-10.433670992131518,-8.338133042364657,28.53130888913259,14.603669255488878
12.504251088049928,16.034317957991167,-10.480372969557996,-8.127867036638483,28.558287441487924,14.230356612576585
12.46675520413962,16.04667291194398,-10.415097033013105,-8.09818012614305,28.486703382710093,14.175839808690217
12.488594832870422,16.06855818520748,-9.994960651321616,-8.078524355887039,28.046022692629244,14.129643409300233
12.515665308232185,16.089884698135126,-9.472241285160186,-8.055326739481682,27.50358551861865,14.073456693360612
12.543026995914413,16.105052800153516,-8.941758220407662,-8.033146153801846,26.959502889759257,14.017824709671869
12.570664591483313,16.113999392459952,-8.403903280102714,-8.012025108794449,26.41422115206582,13.962793612532682
12.598504294364183,16.116684327266192,-7.859921098231042,-7.99193228224787,25.869039607480673,13.908428615545215
12.626160753724532,16.113203693967378,-7.317496908238972,-7.9731417182133,25.331520657235657,13.855466316107162
12.65383973266042,16.10372313909355,-6.772669432719723,-7.955462845165945,24.797550871472804,13.803458141583844
12.681362999237498,16.088483451098543,-6.229119728317835,-7.938999565960432,24.270555271167474,13.752716518221922
12.708791846356592,16.0676522601724,-5.685505920105144,-7.923591896240847,23.749048233331344,13.70301943158589
12.735796501225371,16.041761716304975,-5.148566458273478,-7.909399691679618,23.23921489686517,13.654929693934614
12.752123694531626,16.024689555157213,-4.845902261216651,-7.902537418236093,22.95413349595163,13.629477616718976
12.976031591456804,15.981252021649711,-4.815929855066395,-8.038815325318293,22.93702101588197,13.867741094587267
13.505246232361719,15.875298598083312,-4.742708492795505,-8.36038809013472,22.895366364233354,14.430765605641152
14.07597927213452,15.755813306404287,-4.659947600733163,-8.70633812080416,22.848560116602535,15.037767137330292
14.646909407675976,15.630805881564942,-4.5731562229184926,-9.051501390341851,22.799841405977187,15.644775488109817
15.219347405833707,15.49989449619703,-4.482035984982956,-9.396623101361623,22.749058784839917,16.25317103222029
15.790062662780423,15.363749570855841,-4.38702345268838,-9.739719605792553,22.69649906788942,16.859511391010574
16.36300638609275,15.22134309998695,-4.287364829335647,-10.083119838367802,22.64176292347678,17.46798053470297
16.936034771855912,15.073096264744239,-4.183326909961419,-10.425511958428475,22.585103223494926,18.076299319085408
17.507980919729192,14.91924087511656,-4.0750332724384135,-10.766156693281191,22.526606201061085,18.683215696176397
18.076854503685965,14.760288492601758,-3.9628060315548894,-11.103835288012728,22.46646307624058,19.286605868119302
18.5817451272178,14.614195670032188,-3.8593544055210938,-11.402570232269344,22.4114928809153,19.821908212065384
18.75667966389426,14.557374972916467,-3.827274455456202,-11.506659748481729,22.401618396042732,20.009425789199664
18.67867958494805,14.409908620649379,-3.9967832164096895,-11.487375527789824,22.727515897302492,19.996480191434024
18.552525212741795,14.164317532342734,-4.269549196767996,-11.457234967993262,23.26021438503594,19.976283121689445
18.426126448788445,13.909221953276521,-4.54098217378357,-11.428379450913688,23.800999299189826,19.95700452216998
18.30637876265275,13.658939001644212,-4.79627140220977,-11.402352855520517,24.319965593683058,19.93965158133407
18.246848305628493,13.531323414184715,-4.922457111627711,-11.389883673620952,24.580389029103024,19.931382156961604
18.216278267347924,13.464950638758769,-4.987060700580924,-11.383607325106206,24.714755719119445,19.92722824234551
18.138311744302058,13.293056399902994,-5.151206024235609,-11.3679962488479,25.05941017722552,19.916924588294478
18.01843424657797,13.021285524892262,-5.401761665603888,-11.345130932867717,25.594891923162283,19.901921168803078
17.899451002380456,12.742342290044919,-5.648113458232014,-11.323845327539495,26.133133275238137,19.88807710548073
17.781910588472268,12.457497233614635,-5.889032916898712,-11.304276091350092,26.671569920676404,19.875460653023605
17.67643902864366,12.193832088023992,-6.102989194766094,-11.287948944758591,27.160472089539006,19.8651012413127
17.630358004951898,12.076182859367869,-6.1957740059047515,-11.281199607134834,27.37580575069949,19.860867062515076
17.584337047482926,12.041192922242395,-6.236457059541852,-11.260895658801108,27.458969089684633,19.826949808051815
17.229632523866535,12.146970967916927,-6.315788463739032,-11.042208324995629,27.501294039761014,19.430943593682997
16.701501850250448,12.299874755429396,-6.430190109564304,-10.715636244301658,27.562650188378004,18.84092070248926
16.168675682649482,12.448634152817345,-6.541181717697017,-10.385028996441743,27.62254844568807,18.24518823283472
15.636398787977612,12.591791232625642,-6.647712793447919,-10.053681360591497,27.68044379516008,17.649636743909284
15.098119440902966,12.731090940053432,-6.751106004991119,-9.717524818453274,27.73699338057092,17.046937601097884
14.56197677693798,12.864432957444265,-6.849830403549654,-9.381667071159235,27.79132619072698,16.44621578850806
14.073152426632902,12.981357835202655,-6.936200895333473,-9.074580193649554,27.839131445423256,15.89816370681619
13.869206847005222,13.02884054243291,-6.971220381514328,-8.946215359550864,27.858571041653192,15.669408330359598
13.87708867394547,13.038699452926034,-6.762296816086445,-8.933243598682147,27.64122934098895,15.639736348312304
13.904357918991533,13.05617553620127,-6.261529096593822,-8.90857346210075,27.12505423959502,15.579365636489648
13.932958218332855,13.068472629403988,-5.7340196892099655,-8.884008843048594,26.58735320073373,15.517219301693322
13.962037826837811,13.074772531296937,-5.195313578512923,-8.86036058234616,26.044423631670217,15.455209058317191
13.990884172779559,13.074969465523818,-4.658729440763408,-8.838217820483536,25.509636313265577,15.394849875614586
14.019658988222663,13.06928302154323,-4.121161950546237,-8.817317792599031,24.979691359841446,15.335676293882978
14.04841045362979,13.057851812944598,-3.5818644761533647,-8.797617411189764,24.453704761608662,15.277569767825042
14.077163964451628,13.040791485486208,-3.040508060122429,-8.779097187076768,23.93123118483174,15.220463327794889
14.106068682480222,13.01807734470029,-2.4941214258879927,-8.761558836187037,23.40934577902278,15.163969085656758
14.134800650012652,12.990082796497395,-1.9489709928681829,-8.745200815499384,22.893918896406664,15.10870859962294
14.161181963866916,12.959715543281964,-1.4466760895840924,-8.731097368261782,22.423539147285847,15.058723447308964
14.172102470486369,12.958518742796882,-1.2926711529635513,-8.728101562638857,22.270877807476644,15.045079335251897
14.234692310570411,13.23542563951183,-1.6393989359639345,-8.769927187918517,22.33056189925279,15.122046004491976
14.343617284979855,13.71163800120048,-2.2329719921792797,-8.842539145458009,22.430201190197046,15.255531040692487
14.458650480415663,14.206918412042643,-2.8466563486736307,-8.91897842762329,22.529779453029278,15.395875988375852
14.575798975243698,14.703493057277644,-3.4581849138177527,-8.996564843382528,22.625445239722506,15.53815168025824
14.692346506546562,15.189927412735809,-4.053559231120038,-9.07350921925721,22.715073668835647,15.679068385053231
14.763136084226074,15.481786507628359,-4.409033936410006,-9.120122374211935,22.766901595941395,15.76435505369802
14.787552381244128,15.581837665055078,-4.530590284033171,-9.13617323735983,22.784333124215475,15.79371461941938
14.645929963557235,15.59127037088051,-4.526127499738918,-9.050427106806032,22.792589555243417,15.642466581278116
14.153112856486432,15.565242651807948,-4.441893844372743,-8.750951975516086,22.80991814801902,15.11441302057722
13.58187802339777,15.530442452092679,-4.3409776881353235,-8.403100790425654,22.828139971264484,14.50248869301185
13.009131330735,15.490557562646607,-4.236234346295552,-8.053577262176766,22.844339718076103,13.889116668874687
12.435775430552434,15.445625408730315,-4.127795620755241,-7.702978509412045,22.85851642475904,13.275273749247564
11.86130718674366,15.395578298565333,-4.015518783235415,-7.351025106095758,22.870617114603984,12.66042969696259
11.290396153333402,15.340848549327196,-3.9003065638234697,-7.000614800889701,22.88049983966202,12.04958980865504
10.71663266746938,15.280823436787516,-3.780848804992825,-6.647863951323904,22.88831751686637,11.435905639867448
10.141879486228548,15.21563509724153,-3.6574568491111084,-6.293944856532289,22.89396591039435,10.821381475938853
9.567396600336025,15.145401135885011,-3.5303508871952323,-5.939667061010484,22.8973708116103,10.207376180624584
8.995567349840348,15.070436943305667,-3.400054903896226,-5.586551971506512,22.898571984325194,9.596445681315156
8.419485240197906,14.989794159191494,-3.2649292512604458,-5.23036750149022,22.89751617845999,8.981224548939007
7.84752060262823,14.904619344847752,-3.126883731289026,-4.8763250239100175,22.894160234092812,8.370665474873848
7.272325317913442,14.81380653685759,-2.984111614904184,-4.51992365335374,22.88850459294184,7.756934859049566
6.696723759236234,14.717723330499021,-2.837216857072383,-4.162946608372191,22.880496047530507,7.143063681567022
6.122323567496093,14.616615145990222,-2.68655385750978,-3.806429760319572,22.87010184341025,6.530782172483315
5.545081311151519,14.50971625320349,-2.5309919394555185,-3.4479076594301064,22.857275834484447,5.915793138153412
4.987999348940319,14.401484887579896,-2.3768475008445136,-3.1017138936020863,22.842577063705402,5.3226052405878
4.651934335732419,14.333770880275976,-2.281922302143067,-2.892792891855813,22.832584448785177,4.964919393917247
4.627416861155909,14.257792553936781,-2.361834590060711,-2.8809003346694695,22.989486320839834,4.947439006089549
4.597541349373585,14.028824663658257,-2.6190599987874514,-2.872795251685688,23.476535326211884,4.942195862747733
4.565260018947662,13.772558688813005,-2.895370078033276,-2.8643644883581003,24.01002901322506,4.936758934824973
4.533459211271038,13.510813250192733,-3.1657479068648815,-2.8564038754412144,24.543049014870835,4.931646286850427
4.502024816780777,13.24271462871993,-3.43106370283685,-2.848884254732248,25.07734261945276,4.926841753160799
4.471120907283129,12.969759970463965,-3.689841658157325,-2.8418432255718207,25.6099324374113,4.922371750806365
4.440501494178601,12.689846207141562,-3.9440458000530487,-2.835224314302086,26.144892514212756,4.918202853339923
4.4104207260587245,12.40538033616217,-4.191475865603239,-2.829081645428437,26.677608731287474,4.91437145442719
4.380621160304931,12.114018492558142,-4.43416203312302,-2.8233617313244452,27.212462284806822,4.910846421202136
4.35911550842589,11.897672722886798,-4.607694394162689,-2.819467688187126,27.60291729554792,4.908477000107797
4.350873776848399,11.813382718040199,-4.673822836747275,-2.8180286842209057,27.753555817408284,4.907608960515572
4.422682243968756,11.788237226661353,-4.685254910199458,-2.8653613826024373,27.78655982168735,4.99008933391476
4.839386111418236,11.75649159812098,-4.661314109772157,-3.134614392774711,27.772707555925678,5.457285377266669
5.381359887241113,11.710874919540558,-4.626889584724733,-3.4845030987617953,27.75283362945134,6.064798847550774
5.9222117915386265,11.660455403306623,-4.588807393127408,-3.8332850327222303,27.7308954561576,6.67089024398241
6.463224151898323,11.605103976307293,-4.546959930023999,-4.181749809928276,27.706845403828783,7.276980301663025
7.006989466973488,11.544489120381106,-4.501081047009588,-4.5315215222933025,27.680517336150217,7.885951142334833
7.546326714178466,11.47940939530438,-4.451770655452269,-4.877951748208125,27.652330666770798,8.48975206677111
8.090155174294638,11.40875667199135,-4.398171847882384,-5.226727734030433,27.621785627965195,9.09834785383401
8.631961497226245,11.333311029406849,-4.340861354248044,-5.5736301582270436,27.589231506444882,9.704430793025939
9.176276147771837,11.252398767874892,-4.27930750005537,-5.9215150845761695,27.55435840173745,10.313046349084361
9.702670276428153,11.169238528362225,-4.215953571607593,-6.257324929013727,27.518624378317554,10.901356248712721
10.010211644952935,11.118402446656809,-4.177176726399083,-6.4532176228591505,27.49680492289964,11.244938878621143
10.069299668760776,11.124794161791545,-4.129000010910274,-6.487484795872712,27.435977760656055,11.303689964623576
10.10238924431255,11.238620555743513,-3.8214619144561244,-6.4839252331817026,27.013602130108932,11.286844396767776
10.144798326624413,11.37813542828985,-3.42573098085091,-6.4801838130882,26.477033701129088,11.26594003449487
10.187862148027852,11.51265572411217,-3.0221700282203736,-6.477296097922139,25.937579933905813,11.245468148014803
10.231242482983866,11.641069224272412,-2.6139874468684887,-6.4752822350919965,25.399572502373246,11.225580432724463
10.275154290501932,11.763993127166657,-2.1992085731461803,-6.474125582398401,24.860412981361833,11.206165641552829
10.319437165959748,11.88093604480713,-1.7794415858211394,-6.473859467943382,24.322203021497273,11.187292089489382
10.364203363522691,11.992206996287798,-1.3535776257072383,-6.474408907781641,23.78352863929131,11.168881444245713
10.40946293755438,12.097779080886228,-0.9216123046014327,-6.475805446183918,23.244408714303482,11.150928613310409
10.455148232663463,12.197473501891954,-0.4842396897642795,-6.478042688371159,22.705718882136928,11.133448915495533
10.488301208564652,12.265604608892929,-0.16605130352008765,-6.480170372198641,22.31820644756295,11.121150647627314
10.49686835683895,12.287597414782631,-0.10450952457763366,-6.481518021927349,22.23426036452519,11.119954479941676
10.538245297696275,12.538826433013833,-0.42035803183733456,-6.509673765482437,22.293889188770308,11.171280339550156
10.616913400088183,13.011079256086521,-1.0114921533600467,-6.563095333665845,22.403240493291605,11.268549142305854
10.687782691535597,13.430606418985414,-1.5337834374949395,-6.611097626780459,22.49737294354446,11.35582663970896
10.713476581535861,13.581354583509423,-1.7208018864503996,-6.628472099687939,22.530502937658824,11.387388738153588
10.711980524776969,13.593164693940947,-1.7973932067814877,-6.630668207453108,22.595020028625076,11.393912987223386
10.653802325693162,13.40079506215154,-2.017675953935917,-6.615185583955875,23.011491583140312,11.384134245221006
10.580018732717926,13.148695968053591,-2.295454102378144,-6.596236922436375,23.54617930211597,11.372205147116972
10.507633442938237,12.892269173699491,-2.5660844901970856,-6.578420130258393,24.077919061921733,11.361039544893744
10.435670634906776,12.6281048908022,-2.8331167070214995,-6.561495036184194,24.613733946945757,11.350493008344973
10.3653879492955,12.360913762247796,-3.0918212930514586,-6.545785625719909,25.14410155395061,11.34074436197868
10.295289596455014,12.085122621058748,-3.34757645852678,-6.530888303850293,25.680073942662368,11.331606339491877
10.226596109870613,11.805543627732456,-3.5958497703521823,-6.517098413088059,26.212227481243513,11.323237557932801
10.158506524695932,11.51903879547884,-3.8394616864018274,-6.504250086259095,26.74657154541002,11.31554218467416
10.101456143266667,11.271580944931163,-4.041543764825035,-6.4941364173143,27.19962515388071,11.309574826885589
10.07805785205241,11.168094583665933,-4.123860205360633,-6.490165046601832,27.386861455906,11.307258397611314
10.066064522956449,11.114594357239993,-4.165922165898218,-6.488169916976853,27.48315669038948,11.306101202795144
10.090115434532528,11.270947056375112,-4.378544320228086,-6.5067378482225875,27.53636302296703,11.340026043423562
10.15808018205876,11.70232760522313,-4.93233461384034,-6.557139072477395,27.650301757708746,11.431384497747658
10.234871749569624,12.18309631847774,-5.546118617387325,-6.613912595700322,27.773692872189006,11.534193164580367
10.312943008668666,12.664871562585699,-6.157562097840328,-6.671442459340706,27.893519157523855,11.638268943440142
10.392903209851632,13.151204385121414,-6.771086659646514,-6.730164856515319,28.01057110900937,11.744401812545716
10.458912458847072,13.54739806000056,-7.2681326077215616,-6.778519894714979,28.10300119500404,11.83167572817359
10.480424752724213,13.675521107948649,-7.428336687052579,-6.794238741022684,28.132330635619127,11.86004870546947
10.394056879526154,13.723426198240466,-7.48003234464756,-6.739484271177362,28.146217726576406,11.763870933291063
9.953164006367576,13.796456229808985,-7.533150800633177,-6.45716467374058,28.176803565702485,11.267450911351078
9.40806335907458,13.882160865891096,-7.5953972208061105,-6.1074804560317935,28.21279069604865,10.653450599638314
8.862078598192525,13.962957579238616,-7.653988397471428,-5.756557857035608,28.24680321980564,10.0381925714975
8.312435148484251,14.039230320732976,-7.709214366133051,-5.402638953456186,28.278957067905104,9.418559071160644
7.764448464253688,14.110250695911184,-7.760570468249691,-5.04919290628463,28.308994475480795,8.800563648239267
7.214966155139821,14.17646160836313,-7.808387724956403,-4.6942206356168255,28.337058496228753,8.180663277130316
6.666064853569697,14.237630511587618,-7.852509916440153,-4.339100115870951,28.3630260930913,7.56121463835263
6.116417488451078,14.293931275654385,-7.893075097516568,-3.9830128714367268,28.386962367118407,6.940736007149393
5.569932618158214,14.345022482482921,-7.929852119834229,-3.6285367443427416,28.40873920392668,6.323658411813369
5.0214530285620045,14.391424494497409,-7.963223420324309,-3.272364732733461,28.42854869340184,5.704172654146097
4.61139149711747,14.422937900148453,-7.985869792140211,-3.0058385693974823,28.44201139231881,5.240931337717302
4.535318622448095,14.438424301644329,-7.965689066833289,-2.9554185084555584,28.41030056095448,5.1529833591212935
4.549593602014226,14.548829121722187,-7.688515583012714,-2.9539511117475943,28.022506770725194,5.1463782449983215
4.569860682579899,14.699112857566423,-7.293727022783804,-2.9522563268325785,27.47712242277097,5.137338531475052
4.59025114575316,14.842846244968623,-6.895127332899214,-2.9509951292115093,26.93446842937094,5.128627332274309
4.610910914891641,14.981055216507235,-6.489926397766416,-2.9501536480188615,26.390726544221454,5.120175194663356
4.631837925608429,15.113649191565969,-6.0782144828879,-2.949731771019368,25.846077674589022,5.111979761268909
4.652982120384839,15.240268744915213,-5.6610332548233995,-2.9497285559156388,25.301923790452918,5.104055839488204
4.674451277118638,15.361492451597313,-5.236310388951415,-2.9501436896129998,24.755612227050698,5.096359523786541
4.696029892247582,15.476097168703337,-4.80837320056658,-2.9509695434807917,24.21269719233564,5.088961832801761
4.717903666094281,15.585081883333148,-4.373606339593981,-2.95220896279746,23.668561238920717,5.08179212358653
4.735490490325211,15.667604277205863,-4.023398502491784,-2.9534888799281975,23.235517658977265,5.076257109128219
4.740588811893522,15.69201335488574,-3.9273416870407045,-2.9539993893610825,23.114954585601083,5.074927546163298
4.756619052025319,15.897904944207639,-4.174325774389593,-2.964865442051649,23.15518192828807,5.094278754435479
4.794043721486604,16.373508874780075,-4.74230056202633,-2.9901841244511025,23.245524200178927,5.139319117816069
4.830761986337674,16.833396088137935,-5.288111874431557,-3.014957716669307,23.329446098112275,5.183324712514502
4.846526798307604,17.02884574748409,-5.519065201570337,-3.025573760004523,23.36408651998638,5.20216287881471
4.842214053763919,17.009071772189685,-5.599067996539507,-3.025169269124667,23.46394728896503,5.203302507445245
4.8121868034974336,16.792849855429427,-5.8383072380063235,-3.0169700982083807,23.920327869805142,5.1973958013552854
4.7773771687154145,16.533430212419503,-6.114361011641117,-3.0078102466662338,24.456858858833645,5.190801963032482
4.742806882566027,16.26617192407585,-6.386986447270892,-2.9990946179352065,24.997783900497353,5.184536139317612
4.709007935732581,15.995283187896147,-6.651884911484751,-2.9909559276765316,25.534580343941762,5.178696317534878
4.675440620569398,15.716539014965107,-6.91318522562799,-2.9832628078432952,26.075618317467214,5.1731907519729265
4.642521484992264,15.433458188082163,-7.1675392982306025,-2.97611111994708,26.614018774805157,5.168090534391883
4.610169376703528,15.145515684262522,-7.415541610638006,-2.9695115310461024,27.15090145085856,5.16337817258487
4.578121538040642,14.850542277464871,-7.659029175345851,-2.9633420615854167,27.690285264352504,5.159023804544426
4.5502634656867045,14.58597331943061,-7.868807429570739,-2.958316855245889,28.165427549924342,5.155501550015249
4.538319073817449,14.470156734256177,-7.958183606265718,-2.9562614294790923,28.370959142968516,5.15406894841312
4.534841038958687,14.439177122203162,-8.002972908110621,-2.9561159187008363,28.446805439006113,5.1545881897927535
4.555800368618401,14.72487156984072,-8.354109015691138,-2.9715730070494426,28.511082515771147,5.18210150214213
4.591611859484612,15.20751526235765,-8.944302192052723,-2.997913044299449,28.6166325702217,5.228948690139552
4.629312157475612,15.708316434565136,-9.552690136579294,-3.02554644499074,28.72210142556312,5.278047323294604
4.667814476500311,16.212280853114198,-10.16077881739739,-3.0536660371091124,28.824048988306828,5.327960791011387
4.705855164195404,16.702996185699394,-10.748868784521067,-3.08134748791311,28.919259467211692,5.377050436180351
4.7293450353415105,17.002527310165807,-11.105883681236064,-3.0983904584103983,28.975400190440837,5.407252189980799
4.745358095853476,17.087328217084202,-11.207032360065531,-3.109334022120659,28.990861896337503,5.42644628268452
5.031016843964213,17.06571339673744,-11.192266215187407,-3.2959773850417045,28.981842500854448,5.751227038629102
5.564961270989078,17.02187668044479,-11.16229235716159,-3.6445751994749473,28.9635058859904,6.35820223380654
6.128906115733046,16.970702491949243,-11.127273879935112,-4.012353371105678,28.942173553110024,6.999142254761361
6.690156709035165,16.91477663073345,-11.088964264244785,-4.377916417219597,28.91890412893665,7.636862376354984
7.250916754143708,16.853894529184366,-11.047208764526028,-4.742657939775911,28.89359258022481,8.273850897342063
7.811146693035299,16.788046868171165,-11.00199665189569,-5.106519763475702,28.866311202259435,8.910054113727494
8.375307519092308,16.716630410098354,-10.952892257844713,-5.472344140999099,28.836761523105377,9.55051633379469
8.936851325473718,16.64042319204631,-10.900423479605813,-5.835850440240731,28.805343466694644,10.18779483483651
9.500096396453879,16.55881473043126,-10.844150768384146,-6.199789620195446,28.77179039408201,10.826773587130194
10.063249354668402,16.4720018257506,-10.78418881683011,-6.56295243834871,28.7361696922901,11.465398874330818
10.600804764313413,16.384230821438283,-10.72346735259468,-6.908911576335496,28.70029348334592,12.074757212132383
10.89957788387136,16.333361422486234,-10.688226545915924,-7.100882726289359,28.679535093484684,12.413329491569149
10.947110705741766,16.329180920917256,-10.620943122740485,-7.126954189825498,28.611063174093417,12.457905899703617
10.965747255221427,16.350148940689305,-10.215224136619394,-7.11022673475305,28.185368546810896,12.418701438383776
10.989824417710933,16.371468546179404,-9.689148196168272,-7.089641470374579,27.63921373027339,12.368998855898386
11.013997392560599,16.386466671247007,-9.158866593729503,-7.070097584034487,27.095134807695658,12.320128947310405
11.038273057996577,16.395214838777402,-8.624264603392442,-7.051562145877839,26.55294745091976,12.27204517977675
11.062912525097989,16.39777117874487,-8.079709463263695,-7.033864876247626,26.006968382504564,12.22424525410837
11.087466512598171,16.394127718164224,-7.53492794015697,-7.017233153197922,25.46692440525324,12.177513351186091
11.111879343386992,16.38451650535831,-6.9913545762689155,-7.001692211504895,24.934012227109463,12.13193322310371
11.136309595858911,16.369055443841294,-6.445527697137299,-6.987099497198388,24.404661191909966,12.087163792413403
11.160509287660668,16.348111835959777,-5.90318470908701,-6.973595600824996,23.88422731648816,12.043640353505973
11.183991422903576,16.32254408790734,-5.375151915313359,-6.961297826991556,23.38267438613013,12.002104921520694
11.196013709190193,16.307491942395817,-5.1041951211919185,-6.955314017614812,23.127225529606438,11.981106358623101
11.172598233604013,16.29919305439581,-5.030357216643009,-6.9376479982001165,23.064947138911855,11.947704112068667
10.808252931877634,16.237097259597487,-4.927267115388011,-6.713177999395258,23.066732697798535,11.556819408523738
10.246813283267851,16.137346940001926,-4.765273790095285,-6.3668427326610955,23.067577201829764,10.954694620979962
9.674519048150882,16.03057397615828,-4.596197521817089,-6.013315952941008,23.066141991505795,10.341200837597354
9.100728606117361,15.91832469083591,-4.422605414763101,-5.658397735890069,23.062309530201706,9.726393464353407
8.529198955507383,15.80130779316547,-4.245569702453484,-5.304450066036703,23.056043976911894,9.114313581324025
7.954760631484435,15.678419256413727,-4.063419172563711,-4.948317954249086,23.047314508074873,8.499438018982042
7.382100819846455,15.550603711463937,-3.8775476610761648,-4.592943769481602,23.036119530488488,7.886802283112725
6.8100390322908,15.417583952473942,-3.6875138212424523,-4.237636203520287,23.022384086904875,7.275160608563746
6.23427943737118,15.278271830894374,-3.491780505724986,-3.8797705991181726,23.006013750345,6.659936281031034
5.660493791880777,15.133962058729196,-3.292162201992581,-3.522910758891666,22.987089980799034,6.047212205496946
5.090629011990822,14.985173879106835,-3.0893142828108204,-3.1683125886390164,22.96568055173005,5.439080654703532
4.526621718937389,14.832495334449053,-2.883945033046955,-2.8172261515701864,22.941856382229368,4.837620795576256
3.965361699550702,14.675151020971168,-2.6749391909117075,-2.4677598031609187,22.915573543289184,4.239520045914655
3.4207853126308576,14.517267126049633,-2.467625814179411,-2.1286329716255663,22.88755201476507,3.6596298606990687
3.1055954876320415,14.42351538730813,-2.345562790047004,-1.932346281134054,22.87017304363343,3.3242048229969963
3.0874730784200666,14.335142174760232,-2.4395000331716057,-1.923674436918937,23.05297748460836,3.311625486272648
3.0670377924331755,14.100188378393167,-2.7025107978003784,-1.9181221528614218,23.55133304977106,3.3080227288429143
3.045484307070125,13.843412141037605,-2.9782748310905367,-1.9124872211947215,24.084282560231212,3.304377657023375
3.0241971606617346,13.580474223215997,-3.248813620718965,-1.907153283045242,24.6181601995248,3.3009413275259982
3.003249566442973,13.312370789955324,-3.5131016840286304,-1.902137639175515,25.150943010345912,3.297726544458847
2.9825327918951,13.037787494130244,-3.7724145243566873,-1.8974136799672048,25.68522293629504,3.29471789327948
2.962122393894366,12.757790484677017,-4.025709233392045,-1.8929984779214581,26.218889575657904,3.2919278703169943
2.9419994392669224,12.472233578999944,-4.273136631088394,-1.8888866531530726,26.752240348199727,3.289354541053896
2.922183989048162,12.181526778160304,-4.514371370863837,-1.8850808115432613,27.28453961180719,3.2870009119541237
2.9083443933613515,11.972732403952948,-4.681337242772516,-1.882570848041765,27.660547811225012,3.2854677818767963
2.9029683281122196,11.890322254936551,-4.745842784455219,-1.881629527197707,27.807559395538217,3.284897536938161
2.907434139393348,11.993852227397705,-4.8992063295202755,-1.8853860893594816,27.85722035883119,3.2917580827453614
2.926242451413384,12.40700129355864,-5.422415727482435,-1.899499486011185,27.9666041058277,3.316983159972233
2.948635826196116,12.892371396252086,-6.033640744282298,-1.9162566790128561,28.091649005736066,3.346899620890803
2.9716084838267127,13.383136301962407,-6.647854784593023,-1.9333947093332464,28.21426214918521,3.377459533176503
2.9949369525271905,13.874308233463863,-7.258726440852389,-1.9507433607007065,28.33310775196167,3.408359159835679
3.0188464198368945,14.370420727535526,-7.87180892495889,-1.9684665189604376,28.449196953070164,3.43989023978684
3.043362627816916,14.87169396665139,-8.487231807855906,-1.9865787146143106,28.562437812213346,3.4720779736481937
3.0682704078399907,15.373509167274582,-9.099234216986538,-2.0049170714545834,28.67169589693146,3.504632735925322
3.093738016002986,15.879066042931072,-9.711644978106438,-2.02360168397435,28.77759373643858,3.5377677003432972
3.1200059281126507,16.392774276724147,-10.329636496460525,-2.04280352428913,28.880884566850586,3.5717852714201346
3.1453880873756743,16.88192835939148,-10.914047774083283,-2.061290382316394,28.975176664601335,3.6045044846757293
3.1597650533357817,17.15592416008383,-11.239671728828263,-2.0717322806318172,29.02625551651606,3.622971979287664
3.162524041890016,17.189213192057302,-11.178967276520936,-2.0716552070070433,28.93222429766584,3.622221874272611
3.168427802542396,17.210178140991896,-10.742249927606453,-2.0664573941589564,28.474628661264774,3.6100664202242183
3.17542826764458,17.229222913701726,-10.222574428356042,-2.0605980429178303,27.93600759265021,3.5959351166339792
3.182468798451849,17.24215212622788,-9.697978881537079,-2.0550261923670465,27.398578884560806,3.5820190028693295
3.1895871580913626,17.249023849207358,-9.165661760908492,-2.04970810617857,26.859483539059774,3.5682377920323174
3.1967621386124585,17.24978811643455,-8.627215268437082,-2.044656929749182,26.320363517303146,3.5546278972726584
3.2039008964861027,17.244550452969158,-8.08965700629249,-2.039928353295677,25.78812987295824,3.5413544398074333
3.2111832174646424,17.233186807905383,-7.539465673491329,-2.0353991960135764,25.249387634684656,3.5280771396397377
3.2183629787949757,17.2161683334419,-6.995276127816739,-2.0312148941734356,24.722297747439335,3.5152356073596014
3.223054426112459,17.201993467624806,-6.638776733076576,-2.028626912974291,24.3800246947038,3.506972861577155
3.2260317955454303,17.191784524776107,-6.412581782373501,-2.0270801688944537,24.164061596686707,3.5018043714499214
3.2325986525369013,17.16589718143502,-5.911783778686254,-2.0237435623822932,23.689219969384375,3.4904866700886537
3.2363178572033187,17.14923085190303,-5.627562094041099,-2.02194778448914,23.421702732832067,3.484157541573821
3.228910182277012,17.007333163270694,-5.446155689935969,-2.0167237620711744,23.382474400058644,3.4747367194686634
3.2048766208311443,16.557884812324698,-4.914325363021044,-2.000490393652654,23.300968508157236,3.445965763849682
3.1780289526323577,16.04827167296215,-4.307437937490216,-1.9823063416763134,23.204666902813564,3.413688002302758
3.1518089870754307,15.542654694952118,-3.7012657793488097,-1.964496469757209,23.105055547151736,3.382022037104506
3.125875678955741,15.034619625790022,-3.0881552793523976,-1.9468316880883316,23.000907661133294,3.3505610655579723
3.1030747584145177,14.581215082984883,-2.5375690145876724,-1.9312597595801446,22.904536537744814,3.32278222351871
3.094705846075012,14.41637586665978,-2.346064213029713,-1.925678701514938,22.878161576246274,3.312928919775815
3.08181800363506,14.27094432277328,-2.5124138459417344,-1.9221095246599054,23.19019032226334,3.310609817248651
3.0603143601018115,14.021100248019813,-2.7887084917640332,-1.9163311347707581,23.716739566121316,3.306863368208832
3.038833700836346,13.762285900911817,-3.062986516181187,-1.910787095530616,24.250238778518458,3.3032811718667157
3.0176388645124614,13.497560758644843,-3.33175825710329,-1.9055490502155428,24.784133843123385,3.299911489996411
2.996757751008321,13.22736374833836,-3.5945750112043,-1.9006229188608907,25.317536673482888,3.296759779947583
2.9761834650167343,12.951720949451992,-3.851436253380728,-1.8960055780979952,25.85042086761682,3.2938255900842734
2.9558165245906323,12.66935073044065,-4.103484097574082,-1.8916749211544286,26.385212059177864,3.291096517151594
2.935786245069679,12.382127884858209,-4.349027341402774,-1.887657989275907,26.91834194121003,3.288591132177808
2.916640489032569,12.098486958936592,-4.581389087551075,-1.8840515689066055,27.434689339252657,3.2863697574355863
2.906984139523591,11.9519689924088,-4.697661704322327,-1.88232182287198,27.697652654986445,3.2853161551616483
2.8956782218766226,11.879979804044046,-4.754362425217458,-1.877227311603292,27.826641539587936,3.2774179795683125
2.631639734905129,11.891942926312076,-4.763368011046301,-1.7061775218650412,27.831896450849214,2.9811957955615846
2.1163920679386,11.911985243863233,-4.778448053967701,-1.3722640520620748,27.840678857700752,2.4030897460927614
1.5749520277044033,11.928349241213619,-4.790753107745414,-1.0212297847999003,27.847824973837525,1.7955322624571755
1.0341382671621717,11.939898248537384,-4.799438382081714,-0.6704892861652945,27.852895193866246,1.1886304869351658
0.4939465759125859,11.946652450846585,-4.804517546707871,-0.3200785794849917,27.85586489327148,0.5823952384219352
-0.0466630116772487,11.948631585004282,-4.806006781108098,0.030638483857705127,27.856741630894636,-0.02432412467377137
-0.5881533480094729,11.945819126860645,-4.8038902530994285,0.381921924840857,27.85548631958316,-0.6320305141116894
-1.1308202622433041,11.938187346401046,-4.798154064402624,0.7339281710967036,27.852149527810624,-1.2410393090283456
-1.6701913165539954,11.925822886275464,-4.7888581171401885,1.0837165115964484,27.846739536910285,-1.8463150846899943
-2.2112798866426036,11.908626137389623,-4.775925140496491,1.4345001053128135,27.839215379400823,-2.453467468428745
-2.7003849964964495,11.888944374169593,-4.761117594267566,1.7514486337235724,27.830603145759323,-3.0022319087284717
-2.8995060040412577,11.879804384269816,-4.754236985434429,1.8804370284397498,27.826586081235597,-3.2256217499973023
-2.9074399859231552,11.9396956223124,-4.595486853134059,1.8817983124774347,27.607804484402983,-3.226401420732366
-2.919274994644143,12.076905921280403,-4.2193744822810455,1.8807113401141475,27.094373274717,-3.220631342915313
-2.931844307387465,12.2155577787644,-3.8183247558629048,1.8798220180049963,26.554553897775357,-3.2147260003367815
-2.944534478762145,12.348344440704532,-3.411843659282389,1.8791910705015833,26.015164691897283,-3.2089862135634806
-2.9573470769171024,12.475270767204329,-2.999934404803582,1.8788160679366461,25.476204032232896,-3.2034072823136457
-2.9702560107708913,12.596089951650045,-2.5834940424607375,1.8786947578743327,24.938816075197607,-3.197995996591281
-2.9833378241672603,12.711492107393056,-2.1601040692743547,1.8788249506052919,24.399891474663125,-3.1927169168995873
-2.996528522942598,12.820880545498992,-1.731885544977412,1.8792049121624859,23.862148656489325,-3.1875927686402883
-3.0098883013483926,12.92473054727276,-1.2969364184517747,1.8798351288579964,23.323209700006245,-3.1825968844332015
-3.02263263177148,13.017465114701539,-0.8809426897529155,1.8806584052604667,22.814346017347933,-3.178004559612434
-3.028400467305604,13.057448052231388,-0.6923456963418146,1.8811002852379977,22.585704194441092,-3.175979704167193
-3.032775060813426,13.139394255387282,-0.7655222569984006,1.8836936027485924,22.576798966557064,-3.1802929677967837
-3.051575067522641,13.530799468909283,-1.2497490673660816,1.896632673189199,22.66896451604481,-3.20349541859941
-3.0757374080015807,14.026931717263851,-1.8601448708544916,1.9132243117418577,22.78238027407821,-3.2332000666751646
-3.0917960337524706,14.352475733628415,-2.2585948776787275,1.9242276422314177,22.85471993506156,-3.252871094540172
-3.0942999950677375,14.410696346740183,-2.352646092062951,1.9262915227437596,22.89044809525069,-3.2568333736763173
-3.0795985301557396,14.24435462209625,-2.5423864069332502,1.9222321536626072,23.246812430417005,-3.25420044876691
-3.057930190745288,13.99149943652097,-2.8206842620549772,1.9164383347218883,23.778378820361365,-3.250451636328556
-3.036475627019273,13.731843255418884,-3.09449153077836,1.9109315055969482,24.31224828366083,-3.2469015087239934
-3.0153528787683452,13.466861486645499,-3.362197021290854,1.9057419753757674,24.845332041790453,-3.243571357621921
-2.9944633432820313,13.195384842092341,-3.6249508408887916,1.9008451268584656,25.37995140108098,-3.240447071207978
-2.973956677658662,12.919471615050938,-3.880783236784083,1.896274604120102,25.912075602405096,-3.237551653629487
-2.9536662937789155,12.636992660833132,-4.131686894372312,1.891991969518822,26.445829621588388,-3.234862247188361
-2.9335224480432345,12.346930621075744,-4.378402063670799,1.8879853258797017,26.9829723587288,-3.232373262989799
-2.9149589861704936,12.070871854118348,-4.60350136854807,1.8845175077517962,27.48446439859777,-3.2302467261966763
-2.906384511008769,11.940455526635187,-4.706698927374357,1.8829906523565045,27.718231594883964,-3.2293206377817727
-2.902760453158302,11.88701414817406,-4.763476276289671,1.8825517522600812,27.82850896655683,-3.2293513774783613
-2.914369956652175,12.143442187781671,-5.0889630221448945,1.8912733337070535,27.897151051804222,-3.2449471032515382
-2.9358687421622505,12.61319345303081,-5.6825349900598505,1.9073884854981193,28.020196792623317,-3.2737370440336755
-2.958477279307991,13.100220482538312,-6.294247925356348,1.9242852558200698,28.144062914786662,-3.3038874298888015
-2.9816910306008517,13.593071849462612,-6.9094314588174495,1.9415804750502896,28.2655482340535,-3.334712403616922
-3.0050210512384794,14.081254025748978,-7.514952867898819,1.9589070895633627,28.382031176494433,-3.3655580667558436
-3.021164683211535,14.414986245349377,-7.9266942228429995,1.970864032358655,28.45944474610551,-3.3868246257023333
-3.026051530557196,14.515365787621963,-8.05018540400176,1.9744782667117793,28.482375611932348,-3.393249797405388
-2.788573630554761,14.530322259162983,-8.062946111756297,1.8197222162017972,28.48800673734378,-3.1248473806478505
-2.2726107022014945,14.55106787092931,-8.077817394490754,1.4833241474426022,28.49691347476204,-2.5415680933536637
-1.719953485795794,14.568585986756705,-8.090366951025898,1.1228420486635342,28.50440984647887,-1.9167442132580135
-1.1687701702260254,14.581221003053876,-8.099418745381305,0.7631947021209469,28.509844696317565,-1.293538831992701
-0.6149920311076011,14.589057356160817,-8.105031893725853,0.4017680096488721,28.513219833400335,-0.6673661933150872
-0.06115379215679024,14.592026742223458,-8.107155114555704,0.04025845276128317,28.514472077415576,-0.04110788521355648
0.49293177659996973,14.590128609837256,-8.10579635506749,-0.32141890927023825,28.51366505448436,0.5854317419464754
1.043927504511561,14.5834107741315,-8.100985562585135,-0.6810435549960173,28.510787028184197,1.208463715593024
1.5986597624749854,14.571777399582759,-8.09264899051426,-1.0430269188416512,28.505766848752913,1.8356903865288656
2.1519173593632073,14.555303762866835,-8.080845959687151,-1.4039331233751766,28.498702871215897,2.4612047477025203
2.6858568235165983,14.534785273641791,-8.06613945551261,-1.7520877789724763,28.489905958510445,3.064820178559356
2.9918910729018493,14.52097504236837,-8.056236196129444,-1.95155470983272,28.48397413124856,3.410758418948343
3.0272511922822907,14.523210679528827,-7.961175220237784,-1.972774015012125,28.385533869763666,3.446897658068517
3.0327710755559645,14.538902877810633,-7.512097341986711,-1.9678044826733625,27.920850274814054,3.4349841042972984
3.039277915646243,14.551579943285807,-6.980670252177244,-1.9622332355153183,27.37684494934303,3.4212005732499082
3.0458354461560138,14.558114737809873,-6.442911696511444,-1.9569218980366956,26.832647942081216,3.4075827168932387
3.0524468113993177,14.558498550871047,-5.898570424524646,-1.9518642691825052,26.28801683847074,3.394118477856154
3.05903491255836,14.552818827335278,-5.354036428553869,-1.9471109934567972,25.74925321888933,3.380955159742085
3.065599085782312,14.541271488515495,-4.809441688065034,-1.9426496995949083,25.21629330741522,3.3680804414653647
3.072106867691706,14.524146409319146,-4.267568364365993,-1.9384883085642683,24.691629143822492,3.3555433448562146
3.0786306539480646,14.501426137158331,-3.7224555829083683,-1.9345695243810273,24.16931839370127,3.3431925851077176
3.0851439498813815,14.473313905203959,-3.1763620843173856,-1.9309014164058618,23.651416351511706,3.331069304765677
3.0915451719343223,14.440511049759639,-2.6379008066911473,-1.9275268549006292,23.14583356406367,3.319348176753944
3.0949776064335905,14.420845973082749,-2.348463597277716,-1.925808993944205,22.876101116210293,3.3131393196864027
2.8772676677878266,14.430111782659246,-2.3483972087184415,-1.7903573217938764,22.873692376506625,3.0818701025159845
2.3434355608570985,14.451007286268236,-2.363244844209286,-1.4583381692242614,22.88245514195547,2.515341656136188
1.7658023525053912,14.468790416604556,-2.3758727937970128,-1.098924990696097,22.88988977925745,1.902288166071055
1.189483196620931,14.481545155903337,-2.3849306455793475,-0.7402106405236547,22.895251098055464,1.2905973539357145
0.6102702624365464,14.489348789848966,-2.390472047970404,-0.3796142985429484,22.89853703462471,0.6758132586173379
0.03308479115673264,14.492127329768456,-2.3924421518626247,-0.020239625422023778,22.89968273688651,0.06317027396166698
-0.5460471191234195,14.48990491286165,-2.3908665103709343,0.340350042042827,22.898761458787078,-0.5515396631291196
-1.124212684078405,14.482676159050724,-2.3857340928084807,0.7003000215137889,22.89571656745274,-1.1652134225459931
-1.7003007936540464,14.470492607456876,-2.3770845672817527,1.0588815892998613,22.890608555422315,-1.7766619677213216
-2.2788417340465923,14.453246906203479,-2.3648385074472458,1.4188754935334826,22.883389759381046,-2.390683109669983
-2.854726275457328,14.431082748059616,-2.3490893838911204,1.7770604990769487,22.874083680543485,-3.0018422095259893
-3.432920195420168,14.403804982005123,-2.3297017334568113,2.1364915655714354,22.86267710046817,-3.6154012421773727
-4.0113778534987015,14.37146058864903,-2.306699260522812,2.4958542166863573,22.849164141014175,-4.229177320298939
-4.503058393380847,14.33997948456546,-2.284292124277989,2.801090920284005,22.835989468824422,-4.7508185071626094
-4.6355848697101365,14.318266241852069,-2.2921925998704955,2.883900895099518,22.859149159802005,-4.8928847734530985
-4.612654285883778,14.144781630368529,-2.4900601651424186,2.8775980989914833,23.231159989317675,-4.888808042491409
-4.580071680308094,13.890387402089479,-2.769802423661898,2.86893293312197,23.766226129355218,-4.883217525779245
-4.548097133867817,13.631465976034194,-3.042560405928984,2.860772725193387,24.298810580782742,-4.877972580881786
-4.516532458119919,13.366547818726115,-3.309937600138829,2.8530636399428833,24.831992165808323,-4.8730410321846565
-4.4853410746612985,13.095368740982302,-3.5721403287098026,2.8457970796265313,25.366242536476157,-4.868419960820914
-4.454656373994525,12.819183934525006,-3.8279568269677515,2.839002640965707,25.899091170485175,-4.864130547529676
-4.424387884679354,12.537304796349776,-4.0780599282617045,2.832657821231956,26.431902168470376,-4.860160763309416
-4.394515924951625,12.249632393038462,-4.322523339922724,2.8267577312213668,26.964848839684237,-4.8565098092951136
-4.367002439589751,11.976079321561288,-4.545449423853861,2.821653339422464,27.462068504642296,-4.853392521001864
-4.354732646119878,11.851364923437616,-4.644132214996182,2.8194821051210113,27.685793937216612,-4.852081034489297
-4.354025000064717,11.793199857339085,-4.68900440701222,2.821690833632596,27.788741106969333,-4.857017070309189
-4.614709497757114,11.773977780269677,-4.674513989393848,2.9901758553646105,27.780371414171544,-5.14930877549796
-5.130937059960933,11.732573838288989,-4.643280589052385,3.323592175078912,27.762324264496886,-5.728026220396161
-5.672306104794773,11.684374264708039,-4.606887524102302,3.672886800189245,27.74131033797688,-6.334771803925192
-6.213393063106538,11.631290822264752,-4.566774075970339,4.021598593724607,27.718232781307623,-6.941030773304498
-6.755873998631843,11.57311917822399,-4.522771136058285,4.370765587243333,27.692980613736257,-7.548660615115379
-7.297438703108986,11.510074619914253,-4.475029525966688,4.718861712236092,27.66565629219196,-8.155056467934722
-7.84151532339102,11.4417057681039,-4.423190434793271,5.068045391141738,27.63604458184843,-8.76403466520911
-8.384080792826884,11.368475341614657,-4.367598026263564,5.415702746383597,27.604420447163076,-9.371082911190033
-8.925814356167837,11.290290014261604,-4.308162763206406,5.762230295730255,27.570723675713023,-9.976941510466
-9.46912697326193,11.2067550095361,-4.244567789860784,6.109130317713608,27.53479651634772,-10.584288861449465
-9.914920767903721,11.134355689862499,-4.189372077214076,6.393260604293475,27.503716122643418,-11.08240342829116
-10.061290875690112,11.109821381612994,-4.170648709975528,6.48644390615753,27.493175883848863,-11.245903813550385
-10.084520774522355,11.177164732242167,-3.989129163265988,6.486602758773693,27.243301967202108,-11.240040138311363
-10.12533114786381,11.314475745683927,-3.609020020679427,6.482606471312306,26.724621645645094,-11.219586524845933
-10.168297095647358,11.451964637399323,-3.207107888936487,6.479305750011526,26.18386449560858,-11.19880691685513
-10.211383304130505,11.582736620813519,-2.8023898519967516,6.4768961118077,25.646985552735497,-11.17871142600788
-10.255004930821734,11.708077571063725,-2.3910245315843337,6.4753417606523325,25.1088447952827,-11.159088953539483
-10.299208342247569,11.828037280454462,-1.9726080552301595,6.4746427403608235,24.56898720323265,-11.139912672896326
-10.34384717229283,11.942152074211581,-1.5486147466561047,6.4748339219732465,24.029352331586818,-11.121245828336603
-10.38881468506947,12.050184666322698,-1.1200175465758078,6.475837699414052,23.491161858149372,-11.103100687967206
-10.434283293342675,12.15253359178598,-0.6852727119343952,6.477685427119957,22.952464352954628,-11.085403239355195
-10.47657872795872,12.241686762832527,-0.2797078866152189,6.480130401801425,22.45623238821534,-11.069500481987525
-10.494184090327906,12.277112928395637,-0.11057995601340626,6.481348932560447,22.251042038494887,-11.063034144013615
-10.511695623270748,12.3771945903997,-0.21728455567850735,6.492304132045593,22.25568896731263,-11.082219638489688
-10.57877646252599,12.782364058050632,-0.7256472643778378,6.537907921399336,22.350775291800524,-11.165306723299487
-10.659557650651545,13.263544206650003,-1.3261433318783222,6.5926868314300915,22.46027616720424,-11.264967902372183
-10.705896181184292,13.536321422404116,-1.6649930582743193,6.6240410616315994,22.52069268725722,-11.321944141943785
-10.719976478808112,13.61881835208836,-1.7674627876471982,6.633569430782803,22.538941613483157,-11.339258160439613
-10.68566244656983,13.506465457210469,-1.8976090036077988,6.624345065489034,22.783697965964873,-11.333430059466906
-10.613939397298134,13.265341464324546,-2.168434269577532,6.605594505533883,23.30033959200028,-11.321611816586692
-10.541114892710315,13.011585748901428,-2.441619268127455,6.587312228051592,23.832008541416933,-11.310135397430011
-10.469004548693203,12.75116432627305,-2.710173633046526,6.5699883372938075,24.36562948342213,-11.299316703330774
-10.397650840566815,12.484216302870454,-2.97382821037373,6.553638464367818,24.900791742926103,-11.28917188723192
-10.327679263544171,12.213186570067649,-3.2302120247302035,6.538433703418565,25.43263792297127,-11.27978387479501
-10.25841014642256,11.93560597365584,-3.481701463604917,6.524152715305534,25.966062290123492,-11.271078325978582
-10.189834232581601,11.65141148394882,-3.728241729021396,6.510833195395665,26.501071533659335,-11.263056043474787
-10.124117382483197,11.370027886038834,-3.962062638715339,6.4988621289812185,27.020337697906687,-11.255950950500202
-10.08927553213748,11.217164023273485,-4.085002679076366,6.49284015964678,27.298281010850133,-11.252424333290437
-10.072524600105798,11.14274832558728,-4.143844915550035,6.4900268484032395,27.432564010849553,-11.250789707928899
-10.071322505875772,11.149659482869055,-4.2223431423988265,6.493471595933767,27.503827139795217,-11.258575187046082
-10.124033185705466,11.485924784469859,-4.6549072856023415,6.532604603530827,27.593569833504915,-11.329535028857853
-10.199566249305075,11.961931970298734,-5.264234103389838,6.588530412066143,27.717448404879363,-11.430855565127219
-10.277098512474632,12.443563620474071,-5.877164229463825,6.645750653456571,27.83899947307784,-11.534417539235958
-10.356231455941005,12.928074937984029,-6.49008753982446,6.703957053063903,27.95740411311332,-11.639662901913322
-10.436968809802847,13.415279253780467,-7.102682364013265,6.763139348334464,28.072523535880894,-11.74657403215371
-10.519594565907992,13.906650923716255,-7.716701572975987,6.8234913822867025,28.184596449750376,-11.855501784851642
-10.60420455995277,14.402478701974484,-8.332383178739818,6.885067053669778,28.2935556790513,-11.966543751681668
-10.690411465103848,14.900230510291726,-8.946485534971337,6.947599413305491,28.398728676429023,-12.079180516643824
-10.777987311259217,15.398497548881611,-9.557220985010508,7.010850110074391,28.499780850151087,-12.193063013323389
-10.866775361443732,15.896265670995588,-10.163325194175773,7.074724725645405,28.59647078614075,-12.307985105424844
-10.929796408501472,16.245184135376412,-10.585777390719667,7.1199085314671295,28.661694466693486,-12.389231200722133
-10.945035613664666,16.326400982039278,-10.669440312398843,7.1298021229048105,28.662241055282536,-12.406725664392315
-10.959867613909791,16.34378771116043,-10.34671132691659,7.1163589491038834,28.322920335186865,-12.375396676466233
-10.983571005393706,16.36642334109844,-9.829238696971728,7.09579337612133,27.784045471672083,-12.326178226130937
-11.007713285583549,16.383092854507897,-9.300075694706656,7.075970954698427,27.239424183900127,-12.277081513095279
-11.032058040447426,16.393522634843304,-8.764498740520052,7.057128203603461,26.69459201082852,-12.228614705510658
-11.05657170971965,16.39770364521196,-8.223028951261275,7.0391972838875985,26.150084598784925,-12.180758750200171
-11.081017763858158,16.395697604768426,-7.6810532377493,7.022358762905321,25.61121484667377,-12.133970943551056
-11.10553584693205,16.387631845942202,-7.135532921387165,7.006480032489627,25.074824952082253,-12.087943290053193
-11.129928730015138,16.373731081506165,-6.591040193110455,6.991689050059842,24.54525284384828,-12.043033662700202
-11.154189650335622,16.354216027663902,-6.047564806794375,6.977865773984011,24.022275507240266,-11.999145332434294
-11.17836246392358,16.3292571409744,-5.504319728793997,6.964980709723359,23.504936358522578,-11.956183310312815
-11.195041041665743,16.308890521918592,-5.12850585706116,6.956592135837074,23.150124511616735,-11.926969832919356
-11.195218092082387,16.30266090403236,-5.0363437785429985,6.952259648455079,23.064803211733242,-11.91584494748623
-10.931358303626979,16.237545829378412,-4.937724616567524,6.789541749971298,23.06251078950958,-11.632268564416146
-10.396598859611759,16.102046164042523,-4.734894737690046,6.459423312310632,23.056119440255827,-11.057769022796785
-9.831735575906343,15.953746267626629,-4.516275510190338,6.110258755893626,23.04681376788614,-10.451260296937697
-9.263745001223217,15.799218552276958,-4.291834755884778,5.758727185030735,23.03483053366735,-9.84175099150214
-8.699008132932763,15.640144697307207,-4.063993039417683,5.408816225548489,23.020230169347183,-9.23610974518718
-8.133728033423873,15.47543636913398,-3.831150357474328,5.058217373625607,23.002890003915397,-8.630281972962301
-7.565312098777615,15.304221045064471,-3.592079247842136,4.705360354883366,22.982625311638394,-8.021517877344177
-6.998624965393461,15.127879110508466,-3.3487034859128975,4.353307927997639,22.959616558284157,-7.415044559319401
-6.440193078167776,14.948521782070372,-3.1038394567792027,4.006162021854284,22.93412539199102,-6.817860932416981
-5.883533467462569,14.764146468694733,-2.8546616407453036,3.6599394056944434,22.9058853270879,-6.223045174458191
-5.331290902518581,14.575649284913236,-2.6023174422204156,3.316328335532963,22.875029448350574,-5.633439464626972
-4.829727909121567,14.399567236332656,-2.3685867497754702,3.00416746150163,22.84451269471671,-5.098386183333912
-4.639096802984992,14.331410159096398,-2.278593118232024,2.8855098735106544,22.832263934138716,-4.895144427347147
-4.621702681777372,14.21378683414556,-2.4120650869819364,2.8800630328085273,23.08389758911846,-4.8903996598775645
-4.590101622574331,13.969707567603761,-2.6838646314125443,2.871561073225918,23.600680137759497,-4.884909333486686
-4.558052022958905,13.713089024562422,-2.9578296118196876,2.86327380756752,24.132173096262584,-4.8795760037784275
-4.526260718776921,13.449207749082953,-3.227734137184124,2.8553998508299596,24.66685375712225,-4.874531016558337
-4.495106080635209,13.181295026345227,-3.4902723243171496,2.848031409583239,25.198174453107942,-4.869835906952061
-4.464205864187867,12.906160727797593,-3.7485743875001596,2.8410765004904714,25.732466350127645,-4.865434445478198
-4.433723655375447,12.6252684910253,-4.001163727091264,2.8345738961080404,26.266784759734318,-4.8613537871648695
-4.403758605942066,12.339670054694725,-4.247141671295352,2.82854191109757,26.799176721084415,-4.857607500972016
-4.374419759843715,12.050654853714434,-4.48556778941512,2.8229954901976875,27.327409649343476,-4.854206324780714
-4.357480953318182,11.8794503396974,-4.62206589089618,2.81996061219845,27.635566119561798,-4.852367729980715
-4.349908571769514,11.801867318860964,-4.682800137659372,2.8186444453444626,27.774085516289404,-4.851576254891102
-4.357670904236875,11.920208950841646,-4.850437940743057,2.8249383996236763,27.822942845316504,-4.863016451469594
-4.386289732749874,12.339721432717253,-5.382456948414811,2.8463839820651655,27.933906860070397,-4.9014061661788
-4.419866438773055,12.825321451007273,-5.994821049135643,2.871474079691249,28.058851119075605,-4.946269595095787
-4.454166084604402,13.314246705945948,-6.607600078073301,2.8970251773637563,28.180834684275773,-4.9919040131234045
-4.489222659061621,13.806743740614897,-7.221001290741013,2.923057017668571,28.299815735015773,-5.038344263296563
-4.525025827580385,14.302428900521194,-7.834445188377418,2.949556154254188,28.415598291733065,-5.08556597926354
-4.561677310519894,14.802452554122985,-8.449243693490148,2.9765916658294436,28.528337535922887,-5.133691787127366
-4.598998456977565,15.304151555350387,-9.0620285559533,3.0040257734635185,28.637337559845218,-5.182476212163332
-4.637063425375952,15.808335598758998,-9.673716849638874,3.0319073129110596,28.74270091854582,-5.232006169301185
-4.6762091260465235,16.319165920931436,-10.289222731820965,3.060475671633725,28.845160673885534,-5.282706259865498
-4.713201580809025,16.79496961380157,-10.85866209475874,3.087374880720256,28.936689322314365,-5.330399993307354
-4.731122639276148,17.023113721742607,-11.130377779166194,3.100372110311882,28.979235592173765,-5.353430007674266
-4.770820129015812,17.085463936330704,-11.20576988523181,3.1266787603320645,28.990116119399996,-5.399315343096932
-5.135542942532848,17.05749565885205,-11.186662268948446,3.364953323593244,28.978449439274634,-5.8139786892232586
-5.68638405527533,17.01129452244181,-11.155067407801015,3.724505086840154,28.95913531459003,-6.440134352729302
-6.249606651259151,16.95911049726048,-11.119351457771222,4.0917178796608,28.937393579564468,-7.080220603411875
-6.809522726797797,16.90225116562058,-11.080390618077558,4.456306627664455,28.913716345691505,-7.7163862985460545
-7.3728837420481455,16.84000382856084,-11.037692903268876,4.822631420319087,28.88788352720729,-8.356292655062191
-7.935441126825215,16.772770523828413,-10.991513648290903,5.187877549281783,28.860012496155235,-8.99509291889597
-8.495484916960006,16.700770655577916,-10.941998250324602,5.550905674777705,28.830271675041256,-9.630838471339914
-9.0582598876567,16.623291493683187,-10.888638034435408,5.915070132793359,28.798350541786267,-10.269465808431596
-9.622657332487348,16.540387578429748,-10.831449824442409,6.279599136771919,28.764256517485663,-10.909696026545943
-10.18382908445499,16.452754530888857,-10.770904434507775,6.641332331734355,28.728355932429714,-11.546023137859255
-10.702196064055677,16.367159413719165,-10.71166796545827,6.974801303624753,28.693386665097353,-12.133580345456993
-10.93867946524819,16.32661762311256,-10.683575687065316,7.1267075144842265,28.676848673359622,-12.401550441337681
-10.951874435616716,16.3347267749572,-10.520816003292223,7.123571843737649,28.50567135635197,-12.392249373812668
-10.973755062255904,16.357809716290117,-10.04386129890483,7.1041986317363905,28.006787965815494,-12.346456243276224
-10.996394940286535,16.3760699776158,-9.548493867033917,7.085148926661517,27.494314537395624,-12.299991964775819
-11.005592108854726,16.38188202548945,-9.346727841068738,7.077691500015094,27.287194147344625,-12.281374325374996
-11.02289818411203,16.390341495177655,-8.96625748085564,7.064088709442366,26.899108516763764,-12.246733932559072
-11.047008865173797,16.396818861153672,-8.434569706199104,7.046086467548194,26.36207550825153,-12.19933080641936
-11.07163592175382,16.397188876217108,-7.88935241404466,7.0287209141648646,25.817611772780392,-12.151836165013997
-11.096043131430822,16.391467047635633,-7.347038681453498,7.012530550118156,25.28209429541595,-12.105676285816138
-11.120494375655763,16.379794448034314,-6.801842480626694,6.997294025897656,24.74960988590208,-12.060302714254304
-11.14396956259779,16.363118392702376,-6.276666905605033,6.983560287811502,24.242074732767268,-12.017524164061228
-11.15530684307621,16.353185317736873,-6.022543362874642,6.97726495109061,23.998331110954854,-11.997153893022476
-11.169615697936134,16.338919260637464,-5.7011467999904815,6.969560301499153,23.691763225076922,-11.971655968893696
-11.191703488315918,16.313172760522658,-5.203832432383616,6.95825605672151,23.22104382989528,-11.932801408155626
-11.206394499100906,16.2831724536184,-5.014234931325778,6.958955660502921,23.06087624656477,-11.927331414062872
-11.322832165114292,15.956814517628505,-4.637340739170337,7.0273213764769435,22.99681700574861,-12.043795535826835
-11.498632570180108,15.457555723758313,-4.057738064669347,7.130174792626341,22.895849697486884,-12.218787930794019
-11.674186346753514,14.95096467535844,-3.4658793266849885,7.232427701959012,22.78974534292686,-12.392468375862665
-11.8468126380651,14.444754563018858,-2.8707069398871576,7.332513221250488,22.680063939248818,-12.562158212823682
-12.016115473786371,13.94028195884052,-2.2738482266884232,7.430209425797083,22.56714222404016,-12.727472147391424
-12.14540736440145,13.549537854389852,-1.8089929122930046,7.504498225832435,22.4772088038078,-12.85294336966082
-12.184514412051422,13.43039311240579,-1.6668078713746561,7.526912682296603,22.449359407533024,-12.890758271714136
-12.208171583912312,13.350573168028784,-1.5800483411226292,7.540846101208939,22.439443717920415,-12.914616362827578
-12.159284512420772,13.209290097464525,-1.7436782152274757,7.527879851931634,22.748002928313056,-12.906503268401284
-12.07664192303043,12.963457793763896,-2.018900297228097,7.50663125663334,23.27518466601927,-12.89324635731262
-11.994277585756473,12.709459471756045,-2.291317028878209,7.486319671540251,23.807659842298502,-12.880631302524444
-11.912966726240407,12.449617187083083,-2.558244616692386,7.46714720358056,24.340365694270563,-12.868791266008133
-11.832682054485112,12.1838951447416,-2.819688754375556,7.449123395185008,24.873339140108676,-12.857709138740832
-11.753382761879525,11.912233898332167,-3.075675030914849,7.432204625382179,25.406683557169483,-12.847423943033027
-11.67494968258134,11.63425332459465,-3.3265007288361037,7.416384458682749,25.941078173435553,-12.83790879076378
-11.597594643189808,11.350766053702326,-3.5714002715722413,7.401705594311586,26.474930381030536,-12.829195594643588
-11.525560417547265,11.078187084611018,-3.7970895851911264,7.388911302618787,26.97823799428673,-12.821691312051504
-11.492698807775628,10.951028565377655,-3.89924130891323,7.383348193117462,27.209837069250415,-12.818484258424274
-11.474651643512491,10.880432722292966,-3.9551198693409604,7.380369753020833,27.33756476379418,-12.816779865042149
-11.479713697361698,10.920151129399084,-4.060306123890607,7.387912272020129,27.4018440910918,-12.831865956482305
-11.545029900558253,11.285864966990134,-4.5327345295737524,7.43621304974067,27.49930193613992,-12.919849947380849
-11.631272396076826,11.762644714017952,-5.145539316561835,7.49980595206187,27.62304242058947,-13.035589916324916
-11.71938641989071,12.242798210716716,-5.759115847932508,7.564562862669839,27.743841597862573,-13.153338254623268
-11.809098443208438,12.724640332399153,-6.371233077129729,7.63026862912051,27.861188763784714,-13.272705428846331
-11.900700308918505,13.209546668848523,-6.983562565060183,7.697122478211754,27.97533377436395,-13.39405527800216
-11.994520952483567,13.69900422458738,-7.5978737994299,7.765347340941328,28.086506553281424,-13.517793660784145
-12.090272939151314,14.191260386986507,-8.21185973318182,7.83471650729522,28.194189563664516,-13.643510850816014
-12.187762103119251,14.685128629510222,-8.82396787051217,7.905073391012683,28.298040913604435,-13.770925579090102
-12.287850217423804,15.184717260355761,-9.439181204755005,7.977020870070254,28.398802719227863,-13.901131489897567
-12.386419872793134,15.669580232240696,-10.03240860336794,8.047594021059993,28.492440356696257,-14.028768978436776
-12.446009991449642,15.959355087434858,-10.385127431150718,8.090122640832966,28.54643846977861,-14.105649291491845
-12.47259666170319,16.040669230929744,-10.484825698332987,8.108366365063853,28.56091213779989,-14.138422608898717
-12.765570790720366,15.981472499976576,-10.44354765343417,8.295112938800374,28.537069822967723,-14.469906668497114
-13.293519297581812,15.871032569382795,-10.366405384230005,8.630969331676173,28.492649225210076,-15.06701887007969
-13.84280487618051,15.750947742075304,-10.282346508671472,8.979482062919987,28.444565811098748,-15.687945399788168
-14.390653497806051,15.625856509334776,-10.194579060875354,9.326106580038093,28.39467459923322,-16.306907790777977
-14.939764234256382,15.49508449937728,-10.102599311468497,9.672505586263707,28.34269957663107,-16.926938253803513
-15.486375931402454,15.35948570783177,-10.006987964316206,10.016287077325538,28.28906444051305,-17.543783872377293
-16.03824406486248,15.217027608656583,-9.906275918901956,10.362274947401207,28.232959584662478,-18.166175995375436
-16.5850995708381,15.070287938768027,-9.802249965107816,10.703983996939256,28.175394691530947,-18.78251453284503
-17.04489909329692,14.942562413419344,-9.711471928029969,10.990404305421468,28.125519094378124,-19.300422291944958
-17.197010292098717,14.89942652096746,-9.680766103348947,11.08497676465222,28.10872862836641,-19.471693143849482
-17.21794358098354,14.91345424901443,-9.42696582889437,11.07045477440447,27.841886396570004,-19.43658164757842
-17.253410859423866,14.93869705588052,-8.919275952268071,11.038717940192587,27.31207518972475,-19.360366617432085
-17.290090665754445,14.95844831865036,-8.391956816414176,11.007603010778487,26.76812635802181,-19.283100502902546
-17.327399596999637,14.972050932251253,-7.853358600329974,10.977710069444923,26.21898751200246,-19.206093030482556
-17.36494188233994,14.979282658035881,-7.3090294362838675,10.949277773220043,25.67041205653761,-19.130082598670413
-17.402701281036894,14.980164960891221,-6.759297698795426,10.922327429411357,25.12270162557401,-19.0550948306393
-17.440374461856845,14.974799001243287,-6.208703614222476,10.897064523869943,24.580269063591434,-18.98170566708156
-17.477872957529073,14.96339570680094,-5.658465434636955,10.873403356467533,24.044134958346035,-18.90995241956424
-17.515166557128214,14.946186464124516,-5.109187878287691,10.85132758441371,23.5146688809535,-18.839846217825727
-17.55219401014314,14.9234385396234,-4.561941582840893,10.83083597185489,22.99266824790949,-18.771452947481897
-17.58157109662371,14.901451613238224,-4.12633692122209,10.81550505641972,22.580984751351874,-18.717974550996956
-17.60278222905301,14.955600679348285,-4.131041961649002,10.824123357530636,22.528508863455347,-18.730083459913278
-17.711087493669304,15.326964692934853,-4.586616761180181,10.894384749927456,22.591170761234828,-18.860406002854496
-17.857635132265084,15.822609538929461,-5.191367873023747,10.989136801210025,22.670963889379774,-19.03602255517075
-18.007969645523293,16.323115774073962,-5.798223546765563,11.085957102353152,22.747057802183356,-19.215326001249213
-18.162421536351776,16.829210531324385,-6.407928676527528,11.185028696958582,22.81938980280089,-19.398656311622474
-18.297611489744046,17.265639075319363,-6.930522971046421,11.271412530763083,22.878017123356976,-19.558398903968225
-18.34912123301326,17.43035448430174,-7.12699068880315,11.304244811864667,22.899237442520104,-19.619087773559627
-18.376898664716496,17.51882513668604,-7.2323418531803325,11.321931497705679,22.91042941938799,-19.651775203993207
-18.37780018506342,17.521692667896236,-7.235754653206748,11.322505321162962,22.910789969319715,-19.65283564993148
-18.37780018506342,17.521692667896236,-7.235754653206748,11.322505321162962,22.910789969319715,-19.65283564993148
-18.37780018506342,17.521692667896236,-7.235754653206748,11.322505321162962,22.910789969319715,-19.65283564993148
-18.37780018506342,17.521692667896236,-7.235754653206748,11.322505321162962,22.910789969319715,-19.65283564993148
-18.37780018506342,17.521692667896236,-7.235754653206748,11.322505321162962,22.910789969319715,-19.65283564993148
-18.37780018506342,17.521692667896236,-7.235754653206748,11.322505321162962,22.910789969319715,-19.65283564993148
-18.377503279013627,17.521564324386723,-7.235407361154869,11.322322387515726,22.91003470567406,-19.652518164770548
-18.04635655684522,17.378419607341897,-6.848063874231724,11.118291928389278,22.067670325409807,-19.298419046706456
-17.717343129322956,17.23619704908063,-6.463215709567728,10.915575862723387,21.230732577215925,-18.946601085912548
-17.362732270824537,17.08290949524833,-6.048426139759651,10.697088372353901,20.328680598268395,-18.56741148854011
-16.686621154602758,16.790647099327018,-5.257576586456036,10.280513928977502,18.60880272154797,-17.844437851960667
-16.011379448673992,16.498760523192093,-4.467743985433437,9.864475158067037,16.89113643326746,-17.122393886120445
-15.333756241691502,16.205844496147176,-3.675125734242778,9.44696906551069,15.167412130442578,-16.397803352954206
-14.658704297152841,15.914039948124493,-2.88551509778636,9.031047212875288,13.450228553374581,-15.675962301219368
-13.98427066675448,15.622502678612305,-2.096627705556998,8.615506324052857,11.734617831396891,-14.954782420129169
-13.30825994681437,15.33028368096846,-1.3058955861375512,8.198993738149507,10.014995340721146,-14.231916138484607
-12.632840049795247,15.038320078212097,-0.5158545543691307,7.782845177808729,8.296875773524228,-13.50968163079777
-11.956613973569137,14.746007988556281,0.27512946805634125,7.366199903767562,6.576705463853923,-12.78658506612204
-11.281246415491708,14.454067010342147,1.0651092787803664,6.950083591181601,4.858719035405586,-12.064406525086403
-10.604293174398475,14.161440589297316,1.8569438685113382,6.532990286790841,3.1366989783525043,-11.340532394392655
-9.92958914263459,13.869786433449358,2.646147550170067,6.117282794734666,1.4204004148126175,-10.619063369914812
-9.25338916297083,13.577485624548519,3.437101047354671,5.700653599649567,-0.29970351094657754,-9.895994710602757
-8.576903936455873,13.285061512057252,4.2283881987855025,5.283848654535502,-2.020533041916223,-9.172621033449133
-7.902758404431216,12.993648778762466,5.016938601332719,4.868485272659464,-3.735410905037784,-8.451749219367345
-7.2272281609131905,12.701637476550532,5.807108705789444,4.452268724187363,-5.453811169442124,-7.729396716860312
-6.551342828513983,12.40947268015001,6.597694158960794,4.03583339369929,-7.173114701809915,-7.006664513600578
-5.8741663105054105,12.116749743244597,7.3897899164858165,3.6186025210087447,-8.895702726195372,-6.282551630252756
-5.19912519769799,11.824949877451868,8.179387883028069,3.202687342161577,-10.61285874972302,-5.560722161016619
-4.523621962557856,11.532950250145198,8.969526395690078,2.7864874344452875,-12.33119031075819,-4.838398538888433
-3.845414707005312,11.239781756559914,9.762827810549622,2.368621490228264,-14.056400304604066,-4.113183475658276
-3.171627818129232,10.948524053856064,10.550958706943124,1.9534790802700128,-15.770365858488168,-3.392695162949477
-2.496218477662696,10.656565014378248,11.340987390674808,1.5373370241707895,-17.488458572138658,-2.6704719435095448
-1.8213277280860924,10.364830146064547,12.13040947681653,1.1215144890883495,-19.205232104700034,-1.9488032594597209
-1.1439024113600123,10.071999660995026,12.922796255077472,0.7041303232707238,-20.928453018265586,-1.2244243326920277
-0.725571064754813,9.89116766649825,13.412119904190648,0.4463825305221137,-21.992595894935803,-0.777097661537088
-0.39613984998488855,9.748764511440013,13.797456756069304,0.24340905230085239,-22.830596401938383,-0.42483295588347914
-0.06568626381851156,9.605919416134562,14.183989479370267,0.03980565721358658,-23.67119759676337,-0.07147501636831421
-0.0035215497455460642,9.579047489552055,14.256703764309972,0.0015039187252278543,-23.82933094774894,-0.005001550214696053
-0.0035215497455460642,9.579047489552055,14.256703764309972,0.0015039187252278543,-23.82933094774894,-0.005001550214696053
-0.0035215497455460642,9.579047489552055,14.256703764309972,0.0015039187252278543,-23.82933094774894,-0.005001550214696053
-0.0035215497455460642,9.579047489552055,14.256703764309972,0.0015039187252278543,-23.82933094774894,-0.005001550214696053
-0.0035215497455460642,9.579047489552055,14.256703764309972,0.0015039187252278543,-23.82933094774894,-0.005001550214696053
-0.0035215497455460642,9.579047489552055,14.256703764309972,0.0015039187252278543,-23.82933094774894,-0.005001550214696053
-0.0035215497455460642,9.579047489552055,14.256703764309972,0.0015039187252278543,-23.82933094774894,-0.005001550214696053
-0.0035215497455460642,9.579047489552055,14.256703764309972,0.0015039187252278543,-23.82933094774894,-0.005001550214696053
-0.0035215497455460642,9.579047489552055,14.256703764309972,0.0015039187252278543,-23.82933094774894,-0.005001550214696053
-0.0035215497455460642,9.579047489552055,14.256703764309972,0.0015039187252278543,-23.82933094774894,-0.005001550214696053
-0.0035215497455460642,9.579047489552055,14.256703764309972,0.0015039187252278543,-23.82933094774894,-0.005001550214696053
-0.0035215497455460642,9.579047489552055,14.256703764309972,0.0015039187252278543,-23.82933094774894,-0.005001550214696053
-0.0035215497455460642,9.579047489552055,14.256703764309972,0.0015039187252278543,-23.82933094774894,-0.005001550214696053
