Joint0,Joint1,Joint2,Joint3,Joint4,Joint5 
-0.005018996067379551,0.0022085973821901264,0.0009188647647404763,0.0014339149946580095,0.0033613701366001394,-0.0020745847751258185
-0.005018996067379551,0.0022085973821901264,0.0009188647647404763,0.0014339149946580095,0.0033613701366001394,-0.0020745847751258185
-0.005018996067379551,0.0022085973821901264,0.0009188647647404763,0.0014339149946580095,0.0033613701366001394,-0.0020745847751258185
-0.005018996067379551,0.0022085973821901264,0.0009188647647404763,0.0014339149946580095,0.0033613701366001394,-0.0020745847751258185
-0.005018996067379551,0.0022085973821901264,0.0009188647647404763,0.0014339149946580095,0.0033613701366001394,-0.0020745847751258185
-0.005018996067379551,0.0022085973821901264,0.0009188647647404763,0.0014339149946580095,0.0033613701366001394,-0.0020745847751258185
-0.005018996067379551,0.0022085973821901264,0.0009188647647404763,0.0014339149946580095,0.0033613701366001394,-0.0020745847751258185
-0.005018996067379551,0.0022085973821901264,0.0009188647647404763,0.0014339149946580095,0.0033613701366001394,-0.0020745847751258185
-0.005018996067379551,0.0022085973821901264,0.0009188647647404763,0.0014339149946580095,0.0033613701366001394,-0.0020745847751258185
-0.005018996067379551,0.0022085973821901264,0.0009188647647404763,0.0014339149946580095,0.0033613701366001394,-0.0020745847751258185
-0.005018996067379551,0.0022085973821901264,0.0009188647647404763,0.0014339149946580095,0.0033613701366001394,-0.0020745847751258185
-0.005018996067379551,0.0022085973821901264,0.0009188647647404763,0.0014339149946580095,0.0033613701366001394,-0.0020745847751258185
-0.005018996067379551,0.0022085973821901264,0.0009188647647404763,0.0014339149946580095,0.0033613701366001394,-0.0020745847751258185
-0.005018996067379551,0.0022085973821901264,0.0009188647647404763,0.0014339149946580095,0.0033613701366001394,-0.0020745847751258185
-0.005018996067379551,0.0022085973821901264,0.0009188647647404763,0.0014339149946580095,0.0033613701366001394,-0.0020745847751258185
-0.0050167293128546425,0.0021917364401376808,0.0009398634942276872,0.0014339151178417986,0.0033611980664273516,-0.0020722978934411824
0.022013690564737537,-0.19939449619616145,0.2523010560091244,0.0014129713770261703,0.0010014653199752887,0.02519876488516448
0.0829144617411462,-0.6574796014242655,0.8257592174258174,0.0011996629166802974,-0.006616442390379365,0.08664613970265138
0.14722036248371756,-1.1471755858248227,1.4422522925126726,0.0007210295702945278,-0.018220517739494863,0.1515352314409789
0.20988347644657157,-1.6304595999011842,2.0541645728741957,-4.974694658063171e-07,-0.033176232990678234,0.21477172046681722
0.2710499901663615,-2.1081763131408104,2.662419444119955,-0.0009522543808498083,-0.051377369691053706,0.27650178893863786
0.3322946794277237,-2.592591498902795,3.282629162272227,-0.0021547729761534607,-0.07330062082386171,0.33831350780061636
0.39230453603286464,-3.073322292959392,3.901514634933887,-0.0035797547371327967,-0.09850531488388303,0.39888045890921026
0.4513131123498319,-3.5520763009600307,4.521196780944118,-0.005223487059937876,-0.12701702540481044,0.45843701328686454
0.5095277926301106,-4.030435571989911,5.143680553099481,-0.007085059905356129,-0.15890108999979163,0.5171911155821118
0.5669844358328956,-4.508628862167539,5.769239658892031,-0.00916031914993169,-0.19416311120618016,0.575177551320098
0.6236000155318384,-4.9858897516349465,6.39684234646112,-0.011440593075215883,-0.23273161490712696,0.6323110908990539
0.6792914893800577,-5.461410570504823,7.025380205928793,-0.013915634333142534,-0.27450851806527743,0.6885064936185297
0.7342193967336372,-5.9364655635871015,7.656497194870782,-0.016586128446167355,-0.3195790492829426,0.743924286990097
0.7882352727787302,-6.4096705953924245,8.288312338205413,-0.019438306521165565,-0.36778312282689396,0.7984132134535393
0.841315174780227,-6.880683329926008,8.920309730085076,-0.022463183750456427,-0.4190393708679774,0.8519477002671278
0.8939649211000542,-7.353938835222616,9.55842230938743,-0.02568481152902654,-0.4738269034084346,0.9050363300937476
0.9457260045700511,-7.825266668824352,10.197011032036617,-0.029070526993079354,-0.531661638418906,0.9572151818504292
0.9968117443529694,-8.296514593901723,10.838540604342095,-0.03262803029592323,-0.5927446842012958,1.0086977894835765
1.0470809770659415,-8.766296327393311,11.481090426252841,-0.03634165001953998,-0.6568763214287918,1.0593403647553454
1.0966371373359465,-9.235482464616748,12.125812118361539,-0.04021279356152869,-0.724149100098395,1.1092456186214503
1.1456396178735628,-9.705532241808458,12.774694364054136,-0.04424929344574466,-0.7947703540622506,1.158572428512303
1.1938016046058821,-10.173617634785971,13.42380369662712,-0.04842200198746627,-0.8682991493783185,1.2070305371737018
1.2411954655419024,-10.640320651087855,14.073896581111846,-0.0527302037611285,-0.9447877023566426,1.254691393499424
1.2882879191365693,-11.110218441786657,14.731346810370963,-0.05721275433199328,-1.0250003007971327,1.302022569504533
1.3343971336286145,-11.57644160030192,15.386519039361882,-0.0617996548362568,-1.1077540027948598,1.3483372110964889
1.3799691966567909,-12.043387059720146,16.04554620351501,-0.06652866234879325,-1.1937947466769132,1.3940820542990495
1.425043117539103,-12.511434519391493,16.708961198516125,-0.07140020592652573,-1.2832057097464113,1.4392944733764776
1.469263014001535,-12.976801180006653,17.371368756401623,-0.07637011228585612,-1.3752433622869857,1.4836160719248053
1.5128895891293845,-13.442119698091172,18.03647239826348,-0.08146128130971979,-1.470395724303178,1.5273068890556933
1.5560511400279686,-13.908728455372625,18.70617730071532,-0.0866847673854259,-1.568944417210043,1.5704936974814017
1.598538804648391,-14.374317851592348,19.37715126188599,-0.09201073627952679,-1.6703988640033276,1.6129659414095932
1.6405620799244343,-14.841132128516707,20.052611337894675,-0.09746089620080982,-1.775245560073638,1.6549314759526217
1.6820239656609142,-15.308063756169991,20.730946980824744,-0.1030187410877158,-1.8832438154168012,1.6962917370869022
1.722781372759445,-15.773414689968604,21.409659494802092,-0.10865957531978435,-1.9939813741312142,1.7369027092032068
1.7630715031238975,-16.23982516765198,22.09257575025409,-0.11441125923925012,-2.108076188597077,1.7769993571758809
1.802622281537693,-16.70406577632554,22.77493863998888,-0.12022970898500954,-2.224722263063225,1.8163096593685697
1.8420523707666607,-17.173401961164608,23.467432726026754,-0.1262029245026911,-2.345769379299807,1.8554466049718663
1.8805906767136047,-17.638618168356913,24.156449543224166,-0.13221001515619038,-2.468845371375851,1.8936432831734398
1.918750563274486,-18.105808017339566,24.850976864511704,-0.13832519894916678,-2.5955360066861064,1.9314075370266541
1.9563447599616073,-18.572655565470328,25.547566135734282,-0.144514761335121,-2.7252245633051557,1.9685524104607648
1.9934022626500096,-19.03945385357924,26.24663200725627,-0.1507786799701344,-2.857983461379652,2.00510534588583
2.0300549644450316,-19.5078399339023,26.950619882034037,-0.15713551333929662,-2.9942891776765155,2.041194863349934
2.0660975359135265,-19.975140812229643,27.65549668652437,-0.16354533419436212,-3.133363399337367,2.076617480171894
2.1019169339229644,-20.446376917295424,28.36883923973746,-0.1700738632025894,-3.2767240057353044,2.1117516829840244
2.1370519754098622,-20.915460359849096,29.081426909084378,-0.17663339765099753,-3.4225316918807023,2.1461435692108854
2.1717686291962215,-21.38586420228226,29.798509998960732,-0.1832686438997378,-3.5718533065616005,2.180052560470136
2.2019611396061096,-21.800743363357586,30.433004896710447,-0.1891653384400309,-3.7061248084140916,2.209479946067508
2.2161279853249236,-21.997315918155568,30.734300795653038,-0.1919730825145302,-3.770585165181276,2.2232667606938237
2.2258454152508547,-22.132868210925807,30.942317544003032,-0.19391424267264815,-3.8153510219055073,2.2327155033617005
2.2259466534370604,-22.12699771997585,30.774575791745985,-0.19394664861427985,-3.6519577403426684,2.2333692823657434
2.224691209339542,-22.09166110521322,30.257541648249294,-0.1937397235651937,-3.17025877558591,2.2337595068229015
2.223315312276438,-22.058705704836612,29.697355189115747,-0.19352900911409077,-2.6430261317055423,2.2341809997515414
2.221920582374678,-22.031433021029045,29.136318400888612,-0.1933324169885598,-2.109260409197723,2.234602144777424
2.2205286222683522,-22.010345393285057,28.583167760138398,-0.19315315244489495,-1.5771957708334,2.235016790164364
2.2191397291817223,-21.995385260662538,28.037912293432573,-0.19299102793388492,-1.0468988053402208,2.235425347916383
2.2178276464661453,-21.98681281114216,27.528880847212992,-0.19285313779688404,-0.5464382593213003,2.2358069725405674
2.2172793141182505,-21.98482719881271,27.317886953430314,-0.19279988847730542,-0.33742932820890215,2.2359652998439543
2.2167800848162824,-21.983836350997425,27.126672503189724,-0.19275364362103753,-0.14720513324050266,2.2361088895038055
2.216391863687187,-21.98360346020654,26.97855762283003,-0.19271915217533386,0.0006773177898716519,2.236220195498301
2.215203297133008,-21.98581217862939,26.528243900039172,-0.19262153767179527,0.4532011752996241,2.2365591378486105
2.213809350757269,-21.994003819240373,26.006134686261134,-0.19252234298278667,0.9835036969495907,2.2369534182731123
2.2130740009802374,-22.000757019506565,25.733307541596822,-0.1924766445191198,1.2630849238911261,2.2371601440007662
2.217869401088437,-21.78407108756414,25.452653554010038,-0.19289924795417307,1.327036487934271,2.242162128218138
2.2284637128769824,-21.31000402104063,24.841655238314672,-0.19383343908884937,1.4639311931758374,2.253201310452385
2.240269335684731,-20.788971589292903,24.173805602581897,-0.19487532159410684,1.61070749014858,2.265488280035672
2.2523726211252066,-20.262466769524178,23.502868059841493,-0.19594431176006064,1.7550980720963811,2.278069752740954
2.264742026163226,-19.73213648097365,22.831057589739835,-0.19703755629642072,1.8965349737805253,2.2909123257381827
2.277333794604868,-19.200054282466212,22.161076708012132,-0.19815110947278894,2.034389378331573,2.303970103133856
2.289908198328061,-18.676284211995537,21.50553507941657,-0.1992636714677776,2.1661164962455794,2.3169945456012364
2.302675351129037,-18.151981670875255,20.85328544513449,-0.20039373461450632,2.2940182401232416,2.330203399527253
2.3156463112068635,-17.626798534109913,20.20392250242276,-0.20154219404757615,2.4181517374064336,2.3436078123347532
2.3288256819451862,-17.10066229020755,19.557388093297405,-0.20270937382034754,2.538502606581355,2.357212227033183
2.342215513033158,-16.573607590664963,18.913757173771323,-0.20389537173249578,2.6550305238060865,2.371018435003636
2.3558605523186054,-16.044023119504416,18.27111202232448,-0.20510406768301093,2.768041719727594,2.3850721764419895
2.3697040945215235,-15.514245941918109,17.632330556709853,-0.2063303543385425,2.8769955340646627,2.399314671843082
2.383706801788161,-14.985835549474952,16.999289307291445,-0.2075706631355257,2.981575060735899,2.413705241260208
2.3939515255329713,-14.603856789534877,16.54422562541417,-0.20847800934360514,3.054622251999463,2.424223968559184
2.396941828499093,-14.493083142620181,16.41265818579821,-0.20874283226479914,3.075405003537715,2.4272927189677183
2.139540287345408,-14.475534154924175,16.392907486848085,-0.1862945415206328,3.07849693805433,2.169673306787539
1.6739256976071017,-14.45182300065595,16.36641014041158,-0.1456779907937279,3.08263739541818,1.7036558546450598
1.206589653438126,-14.433854315203433,16.346335516085922,-0.10490118610899701,3.0857708574887472,1.2359088322626801
0.7369906515313691,-14.421675028230068,16.332731440572815,-0.0639195809811608,3.087893284226874,0.7658920567018366
0.26927663672758445,-14.41539494084159,16.325717404811332,-0.02309798038064284,3.088988374301203,0.2977590195702763
-0.20172731435226365,-14.4149685036707,16.325240890368576,0.01801244120126912,3.0890655579695925,-0.17366797827803893
-0.6676920187485549,-14.420370452728413,16.331273575176137,0.058681868329568086,3.0881292737881063,-0.640050424752401
-1.1356739799594113,-14.431627914227676,16.343847155520418,0.09952338691192945,3.0861735874072123,-1.108449310294026
-1.6036021492130725,-14.448732244209818,16.362954905898945,0.14035341144986338,3.0831973588538686,-1.576789869573552
-2.0718298305653513,-14.47170765596124,16.388628333525634,0.1811999410757154,3.0791923684036373,-2.0454238405361207
-2.3876252830086377,-14.490517847277628,16.409653280699242,0.2087419601918329,3.075907774767043,-2.3614887665807003
-2.3955077461340895,-14.56394031862165,16.63585030734009,0.20940008109483077,2.923105608051959,-2.3688194989779263
-2.3909944902282096,-14.751981913020579,17.214268193681566,0.2089386541637801,2.532748332783711,-2.36287929156062
-2.3859735537726663,-14.96590699108262,17.865539953003157,0.20843661957665577,2.0954227663153846,-2.356267079073754
-2.3810309669766063,-15.18146431246217,18.514864747990654,0.20795419564847425,1.6616760366012449,-2.3497536750659664
-2.3760979294552964,-15.401631844780967,19.17127744026658,0.20748452394713718,1.2254515403114234,-2.343248052290727
-2.371223444525218,-15.624232390847974,19.828307026200125,0.207032209193637,0.7910428802568159,-2.336814449102789
-2.3663749689425337,-15.850736335183164,20.490346803630377,0.20659411554450596,0.35552728101731584,-2.330409553046737
-2.3615808382679946,-16.07981251747407,21.15354787455499,0.206172712177799,-0.07857763620897049,-2.3240704312928266
-2.356846881818771,-16.311120550564638,21.81703202174346,0.20576830061405327,-0.510734063515793,-2.3178044972961467
-2.352117333613576,-16.54740599110157,22.488682101233294,0.20537610034979425,-0.9460790668266275,-2.311537543556301
-2.3474622910162686,-16.785164356656367,23.15857080990504,0.2050018598875808,-1.3781901147819362,-2.305362092668747
-2.3427978575377844,-17.028704354290017,23.8388432180563,0.2046388331634527,-1.8149032213107665,-2.2991664449008513
-2.3383942736456444,-17.263619927070906,24.48961105724906,0.204307337768701,-2.2307372900696625,-2.2933096482712796
-2.3357668699246728,-17.406145721096802,24.88194345235861,0.20411484628862048,-2.4805330455524817,-2.2898114387158226
-2.3347183164492322,-17.463882728557792,25.041876299625155,0.20403948841242675,-2.582724546010531,-2.2884069164002256
-2.339600953912342,-17.26662276042012,24.799468622997843,0.20445792530660067,-2.5375943405269417,-2.2934128788087653
-2.3516384408008735,-16.784930009430976,24.2099186433086,0.20549046135119628,-2.4297804047888,-2.3057448617995004
-2.3652045593544067,-16.24974943858448,23.558883292229016,0.2066556110646303,-2.3139746571639246,-2.3196269889474186
-2.379012239681014,-15.71313287424748,22.910314580383226,0.20784299736699285,-2.202072678955999,-2.3337395157505014
-2.393209931718685,-15.16959504342187,22.2576906813373,0.20906535269961757,-2.093038474824487,-2.348233521266203
-2.406059001170953,-14.684658708265285,21.679097368703275,0.2101727399073511,-1.999428677930383,-2.361336194902218
-2.411811807980516,-14.469635618482366,21.423654920426628,0.21066886809645471,-1.9590305181085697,-2.367198160009299
-2.37379057836677,-14.488711944228477,21.446453150254662,0.2073564645194502,-1.9626148302156952,-2.3294213035682727
-2.1273519682088238,-14.845557752778424,21.871827819323457,0.18588936487718827,-2.0303046113625656,-2.084432980493194
-1.8268136784025208,-15.287783308151361,22.401420958776736,0.15970341022979692,-2.1167732126285466,-1.7857220655065658
-1.531052595316496,-15.730738503617513,22.934599857728497,0.13392732990709494,-2.206245574872897,-1.491827183802564
-1.2382508238426702,-16.17706166915993,23.4745792263923,0.10840327350308597,-2.2992882284729554,-1.2009445785080664
-0.952232458791097,-16.620756030184175,24.014111993767138,0.08346515713188662,-2.394652428353204,-0.9168750719996555
-0.6697231995085262,-17.06670670376548,24.55913574105416,0.05882799541198801,-2.493378473671595,-0.6363681005288497
-0.39216761267537736,-17.512509282168416,25.106731889637196,0.03461814593265239,-2.594948520792504,-0.3608599842227248
-0.11869946216629544,-17.959403502462308,25.65843217531592,0.010760377237254919,-2.6996481349349666,-0.08949248558854762
0.15034484828968267,-18.406705884129973,26.213406539265893,-0.012715714852237638,-2.8073255466421645,0.1773988879567308
0.41469602136451295,-18.85380559455365,26.77089873732705,-0.03578643326898899,-2.917829738665517,0.43954575408497915
0.6755699935129914,-19.302635682384768,27.333335576604156,-0.05855772398226369,-3.0316782927335506,0.6981438976667058
0.9323206587852888,-19.751973026999,27.899198219636972,-0.08097312735195354,-3.148513888794514,0.9525680263231407
1.185558087023417,-20.202778965746248,28.469717622635148,-0.1030859851701335,-3.2686306487935513,1.203412640373871
1.4333509979506756,-20.651442327615737,29.04031616710846,-0.12472768278108833,-3.391053876771952,1.448764070650736
1.6789133858468936,-21.10366294286299,29.618253905796674,-0.14617903162753854,-3.5173457275997837,1.691803395181889
1.920044752330819,-21.555314335919867,30.198283704813708,-0.16724798913845174,-3.6463766527717976,1.9303509591085741
2.0965262500788797,-21.89077848662182,30.6309233973175,-0.18267132674144027,-3.744085086074765,2.104871117831401
2.155322281144222,-22.003480795274285,30.776621160983208,-0.18781035543000904,-3.7772684539592616,2.1630000253443193
2.2101547586490344,-22.109014482080912,30.913210370101698,-0.19260325079602944,-3.8085038925088073,2.2172040452606585
2.22619724074684,-22.13464131066388,30.87829356602724,-0.19398993812544102,-3.7480141481288594,2.233298213404564
2.225110816290695,-22.10289986269999,30.429573592144006,-0.193807628775619,-3.3310343818253147,2.233637161506766
2.2237372162376614,-22.068162089071066,29.868285208796504,-0.19359215880417685,-2.804482193085344,2.2340598303960566
2.2223494623648423,-22.039156469342604,29.307995004120173,-0.1933913738558211,-2.273196001419168,2.234480643141982
2.2209486348703726,-22.016059396337283,28.749267509309416,-0.1932057933512995,-1.7375639469499282,2.234899571660855
2.219561264516513,-21.999281116449573,28.202613500706796,-0.19303880031323775,-1.2076865913650114,2.2353091535268135
2.218179974568601,-21.98858250339006,27.664922461373298,-0.19288904453542652,-0.6806925363548834,2.235712130763285
2.217323257432167,-21.984949220986834,27.334696804165638,-0.1928043933918601,-0.35409914718343444,2.2359598513761436
2.2168207021810202,-21.983885664210995,27.142141857964507,-0.19275765963848782,-0.16260716132457226,2.2361044266071874
2.216552962030182,-21.98364102465694,27.039904980816534,-0.1927336426026324,-0.060614605569093406,2.2361812361152262
2.2155656205977654,-21.9846711671908,26.66497266257047,-0.19265035655057342,0.31534903083555754,2.2364632577105534
2.214142945453471,-21.99149260536311,26.130466499812478,-0.19254491934977475,0.8566783318111868,2.236866473559118
2.2131440291200235,-22.000040436137596,25.75919299573376,-0.19248113597119723,1.2365008642457993,2.237147578262896
2.1004848609991873,-21.993450673174507,25.724010492271862,-0.18266886038062802,1.2654629117223843,2.124796598430014
1.6828126222302755,-21.969666840048273,25.69479554977879,-0.14627752887524204,1.272095734429518,1.7079235829276682
1.232003919910107,-21.949898920582523,25.670519738196937,-0.10699011483179965,1.2776035995910064,1.257966269322891
0.7802653945351041,-21.936228520273804,25.653735142072602,-0.06761479858275726,1.2814104021295374,0.807072280799099
0.33101745400023286,-21.928721537102014,25.644519028366894,-0.028452231706408013,1.2835010722300049,0.35865880606765294
-0.11936041142021647,-21.927286617364302,25.642757237706554,0.010810696484180525,1.283902852293154,-0.09088479384938024
-0.5708407542850722,-21.931968335327863,25.648504110903996,0.05016911237499672,1.2826036867941877,-0.5415280086440598
-1.0212590551891134,-21.94275035978044,25.661744007056335,0.08943003385963004,1.2795757721311423,-0.9911122460453257
-1.470778311255838,-21.959595297861192,25.68242754783137,0.12860858257007776,1.2748893680888347,-1.4397870118530587
-1.920654805729274,-21.98254987401317,25.710619737045068,0.1678102120285258,1.2684962177436854,-1.8888081565382497
-2.2085335249455,-22.000442900987075,25.732600820603295,0.19289020468540752,1.263507597276023,-2.1761327281639704
-2.212604160838066,-22.05269215280302,25.98527670947928,0.1932310357756149,1.0630684691480767,-2.179520311679609
-2.210891617085258,-22.17248955164992,26.55599231050193,0.19305953095229,0.6121585576748638,-2.1762935186123027
-2.2090540043937392,-22.306326656798294,27.176498455211185,0.192888792682912,0.1254984159777764,-2.172824480265725
-2.207226092729038,-22.445000858061626,27.802281109016953,0.19273281535647185,-0.3616011830037675,-2.1693664078168933
-2.2054087434959815,-22.588471947494764,28.43314016267034,0.19259167125505494,-0.8489803411907888,-2.165920440813529
-2.203615089010055,-22.73566523486333,29.064513874949977,0.1924662276522403,-1.3331520703260358,-2.162511080875983
-2.2018338963064683,-22.887458206839078,29.70034296757631,0.19235553634282254,-1.8171795501102386,-2.159116591406172
-2.2000645238696928,-23.043919896446965,30.340935277605826,0.19225954532876044,-2.301301580521363,-2.155735276023254
-2.1983173059790118,-23.204105842630284,30.982556928837372,0.19217869775984384,-2.782728795699944,-2.152386486408292
-2.196573750290616,-23.36972466965599,31.632076543739423,0.19211213301945385,-3.2666211030452494,-2.1490343053007512
-2.194854731785806,-23.538796401080354,32.28177879840551,0.19206062305250585,-3.747243255701259,-2.145718414013117
-2.193442119489166,-23.682135601642578,32.822813993597784,0.1920290242669327,-4.144932363943237,-2.142984956326575
-2.1928796882622135,-23.740332767319888,33.040061390811076,0.19201918526209957,-4.303979851538475,-2.1418943670700172
-2.195528174554875,-23.613790576284472,32.88154086050226,0.19224245966047118,-4.2720104360153695,-2.1446228800275375
-2.204436817253429,-23.185386954750165,32.317863081454405,0.19298702883796526,-4.136766534946938,-2.1538960201553246
-2.2154576462858335,-22.662835365847105,31.633840735558614,0.19391064045024856,-3.97533335650723,-2.165352735394907
-2.2232981265526286,-22.29592723439279,31.15588138877289,0.19456930611857526,-3.8643089757511495,-2.173493497762006
-2.2262568117718997,-22.15849326235199,30.97734519402886,0.1948181864430369,-3.8232169010656145,-2.176563425777774
-2.2262450831085863,-22.127822328053504,30.78589811566619,0.19478139386425106,-3.6624416407972347,-2.177099016373692
-2.2250123538136823,-22.09291429441752,30.277141561417174,0.1945774243206342,-3.188591703343426,-2.1774886124748005
-2.2236341478999253,-22.05964491754222,29.71478349777995,0.1943654459717642,-2.6595014212846784,-2.177918020557168
-2.222244216248353,-22.032221891522678,29.15445189173664,0.19416869605685955,-2.126591221171187,-2.1783449598729026
-2.2208494925845437,-22.010865646362827,28.598992530400654,0.19398832652150308,-1.5924864688226856,-2.1787676720698586
-2.2194662827918776,-21.995758170080947,28.054784147635065,0.19382620418368268,-1.063383930088345,-2.1791817212879074
-2.2181498542525944,-21.98697730520404,27.542958532122444,0.1936873123364163,-0.5603376178508006,-2.1795714085393834
-2.217578058450143,-21.984859204625344,27.3224875816092,0.19363164185458628,-0.3419840873197301,-2.179739441203123
-2.217076692139284,-21.983845832329468,27.130086399582403,0.19358514298420773,-0.15059567973274912,-2.179886199377425
-2.2167032968928813,-21.983602936879855,26.98734779351681,0.1935519155450439,-0.008099523220289399,-2.1799951605502548
-2.215535245079901,-21.985659884242086,26.543870547920925,0.19345568706485172,0.43743606794492274,-2.180334249699853
-2.2141441774562853,-21.99366934502387,26.02169130168784,0.1933562926449808,0.9676264462910772,-2.180734874327695
-2.213373835860962,-22.000700299444016,25.735296235610793,0.19330834150643253,1.2610533949687261,-2.180955377017552
-2.217890562008019,-21.796372550135377,25.46854844776077,0.19370655051587277,1.3234578912710961,-2.185674402131827
-2.228368701670114,-21.327288597871213,24.863874127535983,0.1946304998848956,1.4590121259925934,-2.196593910022099
-2.2402178627400837,-20.804076193530207,24.193110063014885,0.19567622954791536,1.6065227400562347,-2.2089277390861723
-2.2522882033828555,-20.278752571659616,23.523559987979727,0.19674232047758516,1.750707178712793,-2.221476476055973
-2.2646349304809563,-19.749128873533653,22.85251877795933,0.19783357484749253,1.8920815025248625,-2.2342970232288257
-2.277255071450671,-19.21558639068258,22.18057467494129,0.1989496564926427,2.03043875681761,-2.247385714072868
-2.289866330391507,-18.6900474688201,21.52270820154147,0.2000655041883449,2.1627217497773574,-2.260449724445328
-2.302594371818983,-18.167122998836067,20.872064052313316,0.2011921340517504,2.290396230551665,-2.2736194650365484
-2.3155529099528236,-17.642202950563185,20.222910443309917,0.2023395252217381,2.41458353944564,-2.2870123927645722
-2.3287163769988655,-17.116457694363483,19.57673754330598,0.2035053313485921,2.5349639571067395,-2.3006017258768874
-2.342096781248128,-16.589526422169445,18.93313558462566,0.20469053221471675,2.651586388033677,-2.3143995317875645
-2.3557243002745456,-16.060370828501007,18.29088645078617,0.20589771722658995,2.764630520946452,-2.328436529917014
-2.3695491371912363,-15.531052278469836,17.652529407341124,0.20712239076899638,2.8736186229033334,-2.342661068861863
-2.3835831929838656,-15.001210221821996,17.017648372517876,0.20836552263576932,2.9786061698301745,-2.3570850989753644
-2.3942080356809026,-14.604954670356154,16.545528273304328,0.20930656889913457,3.054431594375462,-2.367994850307725
-2.39724066652229,-14.49276150685578,16.41538802482342,0.20957453232028983,3.0723675040202543,-2.371095694861454
-2.3949663127858303,-14.58625705356859,16.70479450009451,0.20933897447920338,2.876466169472733,-2.3681032270005833
-2.3902446388768834,-14.78357946044044,17.310905253045462,0.20885767268189254,2.4676977124102413,-2.361888279751526
-2.3852466928925966,-14.997262299258868,17.960411911726844,0.20835969234426427,2.0318949037979683,-2.355305758339745
-2.380308979941289,-15.213337551629724,18.61030709677849,0.20787946968376164,1.5980956880153778,-2.348798141300623
-2.3753864145593866,-15.433774992224794,19.266553146810004,0.2074125236965055,1.162307692038,-2.3423056317153446
-2.370519656993909,-15.656758382557264,19.92377018514629,0.2069626388621106,0.7280943854643781,-2.3358814769402914
-2.3656871306652603,-15.883252563215935,20.58486522804844,0.20652768703240876,0.29351368469490585,-2.3294968461034884
-2.3608954197335144,-16.112950004099762,21.248971893257444,0.20610819010598988,-0.14087558388613486,-2.3231600647278565
-2.3561293850469878,-16.346592763938155,21.918248308178686,0.20570279171819913,-0.5764894243106679,-2.316850720300609
-2.3514349858091674,-16.58189449278982,22.586216270800985,0.2053152617926077,-1.0091361736766362,-2.3106293292569107
-2.346770722199561,-16.820896599109336,23.25874682270038,0.2049420280083634,-1.442645290933835,-2.3044405790623164
-2.342145386563,-17.063163736646366,23.93462926438762,0.2045837748292248,-1.8762414576920052,-2.298295750861936
-2.3378457929077254,-17.293186430532803,24.571150681217045,0.20426157594708058,-2.282722416642323,-2.2925762740855475
-2.3356329580616393,-17.413418645662322,24.9019133251472,0.20409989327267833,-2.493243712372537,-2.28962973924007
-2.3348680666411212,-17.457787062528396,25.03437817160622,0.2040470783848154,-2.581336891181981,-2.288556935999212
-2.341023621081449,-17.20932367947121,24.72916338934603,0.20457464723907126,-2.5246075641960384,-2.2948675010443944
-2.353554392098411,-16.708829511070427,24.117089798643253,0.2056496790846634,-2.413073236897215,-2.3077028889520266
-2.3671799789220316,-16.172454714710767,23.465203857008195,0.20682015046692842,-2.2976113748434024,-2.3216434729976196
-2.3810321890660995,-15.635271345107286,22.816561778521585,0.208011570206214,-2.1862030344143393,-2.3357990835153246
-2.3952503485742915,-15.092123447598265,22.16502604402452,0.20923588135433313,-2.0778671752978366,-2.350311525768131
-2.4074201247621727,-14.633641210867628,21.618429768782764,0.2102848510110459,-1.9897978509022172,-2.362719780752061
-2.412242378963867,-14.453566497299349,21.404594193595162,0.21070075172868774,-1.9560547645336337,-2.3676331825784818
-2.307552857764767,-14.522349994222967,21.48666020331429,0.2015803792245383,-1.9689635419403801,-2.263606485762483
-1.898319344894346,-14.875930670718715,21.90888219704227,0.1659229821895053,-2.0363027265067424,-1.8569558416329903
-1.4565476396556047,-15.266661198580586,22.377235900363104,0.12741829850374792,-2.112804336051535,-1.4180599954562427
-1.0169252274206495,-15.665043295701958,22.85669339773918,0.0890901771324035,-2.193056414301258,-0.9813967490324608
-0.5850579381007743,-16.06592525439409,23.341147145123298,0.05142940912655493,-2.2761037570818705,-0.5525383368667991
-0.16702752395270273,-16.463199649523,23.823224715107607,0.0149685062474936,-2.3606676394501953,-0.13752395417224125
0.24102655294087102,-16.859993732340218,24.306705172420273,-0.020627346533391558,-2.4473749566819447,0.26748052284455953
0.6377434186695962,-17.254518690202453,24.789401614023518,-0.05523787769125339,-2.535807779972834,0.6611253694282674
1.0244640685010833,-17.647635134830754,25.272351202711,-0.08897877406810809,-2.6261242455776816,1.0447426429617817
1.402705877889408,-18.040504483150073,25.75698197604847,-0.12197731235164344,-2.7186049579503875,1.419827644533135
1.7694256728993427,-18.429517253338755,26.23881410386989,-0.15397504734459883,-2.812299993288102,1.783385452524053
1.99630783967531,-18.674286064807976,26.542989662035037,-0.17377143288929897,-2.8723499226673392,2.008253264374204
2.0867251884396887,-18.772718580625487,26.665531586990948,-0.18166067854098347,-2.8967372498115314,2.0978549901878263
2.265848501902472,-18.969231618128834,26.910554132449963,-0.19728974456863063,-2.9458336629703563,2.2753402432669896
2.297111942186186,-19.000735093618363,26.899607739595822,-0.2000084213961207,-2.9034914885167247,2.3064932296498766
2.2959993138646753,-18.977977179256285,26.47841254818369,-0.19984555416828212,-2.50505279707336,2.306782751239185
2.2945210244488212,-18.9529410067697,25.924316909139485,-0.19964431166549462,-1.9759914426424472,2.30716291604565
2.293014376195822,-18.933518237183264,25.366025682617483,-0.19945689966992938,-1.437121052258533,2.307545524994246
2.291521002938462,-18.920324854514927,24.819010199919653,-0.19928866932397574,-0.9032970273368517,2.307920405903095
2.290277569484743,-18.913933598992482,24.368339080925665,-0.19916185192950678,-0.4590155552894165,2.3082295699144577
2.2897814097896014,-18.91254712058805,24.189719429722423,-0.19911460087135083,-0.28178173926120864,2.30835224312911
2.2893422198192015,-18.911873751911465,24.03218288874769,-0.1990743689142698,-0.12491799697396724,2.3084605221700856
2.2887497505375416,-18.91178851854521,23.82051634869192,-0.19902246239126825,0.0866640795123558,2.3086061531513384
2.287341512723288,-18.91537910932549,23.321316434034156,-0.1989099801862179,0.5894564184591733,2.3089504365256768
2.285818523202967,-18.92526826410972,22.787601981849015,-0.19880555956486978,1.1330620137228165,2.309320163560543
2.2842921491346364,-18.94143702906587,22.25908894907812,-0.198718833216916,1.6777458089764579,2.309688441692339
2.28320043446249,-18.956842742897678,21.884980789364995,-0.19866779868561915,2.0672611137294994,2.309950706509014
2.1769619829384137,-18.95131869596662,21.84973100966894,-0.18941306315942247,2.097347358397197,2.2038809784340474
1.7587769332788978,-18.92777431867052,21.82185961894442,-0.15296339066752362,2.1029276017245366,1.7859644744538394
1.3032285073205612,-18.90782982203577,21.79825597810007,-0.11324747137842023,2.1076495583477075,1.3306990727113177
0.8492493818166715,-18.8938627948139,21.7817298385144,-0.07366092497028352,2.110954054588289,0.8769946440844466
0.39476469097218997,-18.885782836754665,21.772170585317085,-0.03402543198234268,2.1128657627165772,0.4227801736664282
-0.06055884460097308,-18.883606854169052,21.769596125607933,0.005685505117228809,2.113382576470424,-0.032274875146710846
-0.5166448781958021,-18.887365668293157,21.774042356094903,0.04546263744619281,2.1124977233749402,-0.48809163928120447
-0.9724004606751909,-18.897060369186086,21.78551154856355,0.08520803965671063,2.1102100537949764,-0.9435752384465067
-1.4247706286456616,-18.912557245545205,21.803848006000344,0.12465276252289292,2.1065488949514712,-1.3956700201673329
-1.8817884711610195,-18.93416517974614,21.82942445752268,0.1644932013195575,2.1014063510641994,-1.8524048218432068
-2.2460094923863747,-18.955671331457406,21.85488415212909,0.1962374775447312,2.096312421931465,-2.216390103057846
-2.2823811882949707,-19.007565559088516,22.008807942019452,0.19939444229363676,1.994158534507297,-2.2523843879458814
-2.2787047027831617,-19.186269752584252,22.55134469057118,0.19903400764642357,1.6303409013911954,-2.2474473809561513
-2.274255121471299,-19.40734553599544,23.216004365712596,0.19860843581069065,1.1867750414375287,-2.2414670245086055
-2.2698355260003877,-19.632249132185763,23.88513323536498,0.1981974712649346,0.7425676487011301,-2.235520855938177
-2.2654739360253475,-19.859528119053238,24.554477715035265,0.19780357975101168,0.3005197739293851,-2.2296462287877774
-2.26116224581229,-20.089541456734743,25.225207385645874,0.19742581476549104,-0.14017916903559643,-2.2238319329733747
-2.2568605616050257,-20.32444520828697,25.903608177562244,0.1970606706565927,-0.5836588851811632,-2.218023764917973
-2.2526257182250964,-20.561132236676443,26.580743156661896,0.19671289840819908,-1.024089804750112,-2.212298101704243
-2.2484036414708495,-20.802618543344092,27.265280196371215,0.1963779825340631,-1.4671235806814322,-2.2065814740728316
-2.244239279393265,-21.046345000034407,27.949983624485544,0.19605945732026647,-1.9080838480616387,-2.2009343591902044
-2.2400782501443097,-21.295529438631284,28.643887083990077,0.19575318552949683,-2.3527861984361387,-2.195282589426424
-2.235993898081283,-21.545776019807725,29.334784631600332,0.19546451093121792,-2.7934208201446022,-2.1897254286512617
-2.2319343898151454,-21.800214698577136,30.031396034565986,0.19518963054565738,-3.235577316314587,-2.184192067486824
-2.2285679532122877,-22.01565696489196,30.616809694214783,0.1949710131702715,-3.605535264527291,-2.1795953652500955
-2.2270607965023146,-22.11344534887882,30.881227985483708,0.19487593563488284,-3.772159155861698,-2.177534941386178
-2.2273805361569963,-22.106433389623795,30.90978676924135,0.19491183391042416,-3.807730766750051,-2.177730481546916
-2.234670326553139,-21.77066880700367,30.474990179659372,0.19552592883085101,-3.7087238249863033,-2.1852885731005602
-2.2460325050243273,-21.253810983180006,29.808842232870532,0.19648504703033748,-3.559472914326062,-2.1970557970253797
-2.257987341057311,-20.718250787605733,29.122633122702606,0.19749660575931358,-3.4088654480842164,-2.2094200439371794
-2.270145490816222,-20.181960018257897,28.439620892332456,0.19852771213732928,-3.2621863414163927,-2.2219775387200853
-2.282502924336921,-19.6452315490349,27.760202439623797,0.19957795393228947,-3.119539614874447,-2.2347238582673032
-2.2926252533888634,-19.211649996963146,27.214391784563865,0.20043979180785698,-3.0073461017406786,-2.2451523601932792
-2.2967026635888077,-19.038503366801383,26.99718770731987,0.2007873246822568,-2.963303030704193,-2.249350025678062
-2.297520049704716,-19.003895449972845,26.953825645951117,0.2008570183974709,-2.9545517708417286,-2.250191309981901
-2.297520049704716,-19.003895449972845,26.953825645951117,0.2008570183974709,-2.9545517708417286,-2.250191309981901
-2.297520049704716,-19.003895449972845,26.953825645951117,0.2008570183974709,-2.9545517708417286,-2.250191309981901
-2.297520049704716,-19.003895449972845,26.953825645951117,0.2008570183974709,-2.9545517708417286,-2.250191309981901
-2.297520049704716,-19.003895449972845,26.953825645951117,0.2008570183974709,-2.9545517708417286,-2.250191309981901
-2.297520049704716,-19.003895449972845,26.953825645951117,0.2008570183974709,-2.9545517708417286,-2.250191309981901
-2.2975120703585414,-19.003829543841814,26.953732194826667,0.20085630353072875,-2.9545415080191306,-2.250183504742357
-2.2142549114430263,-18.316159513694263,25.978655421789977,0.19339732473101875,-2.8474583669661344,-2.1687429888315677
-2.131143459146389,-17.62969296053657,25.0052851102948,0.1859513997346734,-2.740562629886862,-2.08744500027059
-2.0479852963325422,-16.94284059763956,24.03136774265477,0.17850128995996029,-2.6336068149840335,-2.0061013204000644
-1.930061326097327,-15.968836905668054,22.650286213349766,0.16793652405370743,-2.4819361442247687,-1.8907504112494178
-1.7834446000354327,-14.757842803245829,20.933165836149435,0.15480118451505825,-2.293361614873533,-1.74733281248475
-1.6367255606121485,-13.546003634366519,19.2148472030446,0.1416566787593116,-2.1046554928009975,-1.6038151328015793
-1.4900328704740378,-12.334382099789961,17.49683716293397,0.1285145336265079,-1.915983260477496,-1.4603232274711055
-1.343331608711952,-11.122689767110346,15.77872673516234,0.11537162056500781,-1.7273000035594592,-1.3168229375465883
-1.196623686407585,-9.910942421079675,14.060538301605277,0.10222811078793011,-1.5386081800292792,-1.173316132410566
-1.0493869104343252,-8.694826960364713,12.336156131250208,0.08903722120164684,-1.3492361589910404,-1.029292013013561
-0.9027820959340435,-7.483931242562379,10.619175257814,0.07590294881550076,-1.1606769499732017,-0.8858860659042661
-0.7562406272827948,-6.273558735526325,8.902936267320534,0.0627743515610928,-0.9721992146997895,-0.7425420824590364
-0.6095516877455416,-5.061968179376587,7.184970152847394,0.04963254244326541,-0.7835318062992501,-0.5990538458925798
-0.4623723405577874,-3.84632705690682,5.461260566995318,0.036446797881135695,-0.594233648635871,-0.4550859022044337
-0.31594991782192033,-2.636937820370091,3.7464157978339907,0.02332886590729447,-0.4059090270491932,-0.31185836713303794
-0.21879207302670378,-1.8344538186376285,2.608539379612065,0.01462452967972244,-0.280947193927207,-0.21682047359967704
-0.1356130914186382,-1.1474295010278397,1.634378190023873,0.007172554756753805,-0.1739646024455607,-0.13545642919397066
-0.05276898795525745,-0.46317113972560253,0.6641389682872529,-0.00024941855417057353,-0.0674127223173878,-0.0544199560052699
0.0035318695074889493,0.0018508818404643064,0.004764337576145332,-0.005293392041738918,0.004999941525798165,0.0006524358191817452
0.0035318695074889493,0.0018508818404643064,0.004764337576145332,-0.005293392041738918,0.004999941525798165,0.0006524358191817452
0.0035318695074889493,0.0018508818404643064,0.004764337576145332,-0.005293392041738918,0.004999941525798165,0.0006524358191817452
0.0035318695074889493,0.0018508818404643064,0.004764337576145332,-0.005293392041738918,0.004999941525798165,0.0006524358191817452
0.0035318695074889493,0.0018508818404643064,0.004764337576145332,-0.005293392041738918,0.004999941525798165,0.0006524358191817452
0.0035318695074889493,0.0018508818404643064,0.004764337576145332,-0.005293392041738918,0.004999941525798165,0.0006524358191817452
0.0035318695074889493,0.0018508818404643064,0.004764337576145332,-0.005293392041738918,0.004999941525798165,0.0006524358191817452
0.0035318695074889493,0.0018508818404643064,0.004764337576145332,-0.005293392041738918,0.004999941525798165,0.0006524358191817452
0.0035318695074889493,0.0018508818404643064,0.004764337576145332,-0.005293392041738918,0.004999941525798165,0.0006524358191817452
0.0035318695074889493,0.0018508818404643064,0.004764337576145332,-0.005293392041738918,0.004999941525798165,0.0006524358191817452
0.0035318695074889493,0.0018508818404643064,0.004764337576145332,-0.005293392041738918,0.004999941525798165,0.0006524358191817452
0.0035318695074889493,0.0018508818404643064,0.004764337576145332,-0.005293392041738918,0.004999941525798165,0.0006524358191817452
0.0035318695074889493,0.0018508818404643064,0.004764337576145332,-0.005293392041738918,0.004999941525798165,0.0006524358191817452
0.0035318695074889493,0.0018508818404643064,0.004764337576145332,-0.005293392041738918,0.004999941525798165,0.0006524358191817452
0.0035318695074889493,0.0018508818404643064,0.004764337576145332,-0.005293392041738918,0.004999941525798165,0.0006524358191817452
0.0035318695074889493,0.0018508818404643064,0.004764337576145332,-0.005293392041738918,0.004999941525798165,0.0006524358191817452
0.0035318695074889493,0.0018508818404643064,0.004764337576145332,-0.005293392041738918,0.004999941525798165,0.0006524358191817452
0.0035318695074889493,0.0018508818404643064,0.004764337576145332,-0.005293392041738918,0.004999941525798165,0.0006524358191817452
0.0035318695074889493,0.0018508818404643064,0.004764337576145332,-0.005293392041738918,0.004999941525798165,0.0006524358191817452
0.0035318695074889493,0.0018508818404643064,0.004764337576145332,-0.005293392041738918,0.004999941525798165,0.0006524358191817452
0.0035318695074889493,0.0018508818404643064,0.004764337576145332,-0.005293392041738918,0.004999941525798165,0.0006524358191817452
0.0035318695074889493,0.0018508818404643064,0.004764337576145332,-0.005293392041738918,0.004999941525798165,0.0006524358191817452
0.0035318695074889493,0.0018508818404643064,0.004764337576145332,-0.005293392041738918,0.004999941525798165,0.0006524358191817452
0.0035318695074889493,0.0018508818404643064,0.004764337576145332,-0.005293392041738918,0.004999941525798165,0.0006524358191817452
0.0035318695074889493,0.0018508818404643064,0.004764337576145332,-0.005293392041738918,0.004999941525798165,0.0006524358191817452
0.0035318695074889493,0.0018508818404643064,0.004764337576145332,-0.005293392041738918,0.004999941525798165,0.0006524358191817452
0.0035318695074889493,0.0018508818404643064,0.004764337576145332,-0.005293392041738918,0.004999941525798165,0.0006524358191817452
0.0035318695074889493,0.0018508818404643064,0.004764337576145332,-0.005293392041738918,0.004999941525798165,0.0006524358191817452
0.0035318695074889493,0.0018508818404643064,0.004764337576145332,-0.005293392041738918,0.004999941525798165,0.0006524358191817452
0.003533018108419749,0.0018423049498877532,0.004775017834566511,-0.005293389564552425,0.004999853193029534,0.0006535968809777252
0.030596341691147957,-0.20077572581283373,0.2573899155424825,-0.0052574167954482914,0.0026075775476384427,0.028011291105506365
0.0909437016756265,-0.6564576072758375,0.8277610392540622,-0.0053403008929002824,-0.005011381291114333,0.0890203943833196
0.15457952363422897,-1.1428924291312217,1.4400447602427038,-0.0056752155424506755,-0.016561395460534277,0.15336143128512317
0.21714190126190772,-1.6272170409946498,2.0531634231646025,-0.006256786231727746,-0.0315638316402787,0.2166237310336784
0.2788710139438249,-2.11118908524562,2.6692986461899326,-0.007080494336791689,-0.05004414066288822,0.2790489313035987
0.3395630064065729,-2.59310846759228,3.2862425284871275,-0.008136887502245711,-0.07190814717598162,0.34042960546982526
0.3994102014707956,-3.074395965504971,3.9057678773431257,-0.009422413803721915,-0.09718842956473459,0.40095893991524123
0.45807629468654487,-3.5522140039689494,4.5241612819740835,-0.010921923445827514,-0.12568880129021848,0.46029543993624006
0.5164356393572991,-4.033630953957069,5.150553915389838,-0.012653015129361714,-0.15782873533876382,0.5193220717374905
0.5735749023322656,-4.511049519794761,5.775038184549665,-0.014583466328429748,-0.19309299028861993,0.5771136469771391
0.6297668156568501,-4.986581434905695,6.40029798399626,-0.016713342536781386,-0.23157184081894772,0.6339445907329797
0.6852723056901058,-5.4623471893104725,7.029085725971361,-0.019046484522003342,-0.27341494689268486,0.6900773379484398
0.7403275415693692,-5.940364115523362,7.664074453808645,-0.02158981225827323,-0.31882219295182174,0.745749173811109
0.7939961123760821,-6.412374236124678,8.294237955741057,-0.024292558790004852,-0.36696542275514854,0.8000117405649065
0.8469297971121702,-6.883930502502767,8.92690679300642,-0.02717817414060499,-0.4183392289448358,0.8535226380880834
0.8994452380587742,-7.357835464410195,9.565841051398106,-0.030260480480880987,-0.4732643805969126,0.906600335981917
0.9510121977565141,-7.829246399990965,10.204491339547102,-0.03350348128489171,-0.5311736598644131,0.9587073376959936
1.0018137048120042,-8.299714258170043,10.844906201919938,-0.03691152800312544,-0.5922171966656724,1.0100271255264512
1.051927904869904,-8.76988401830264,11.487932861391535,-0.04048427725503052,-0.6564614811415618,1.0606370891698866
1.10138548674606,-9.239981346015126,12.133857396672905,-0.04421891626752302,-0.7239289153442712,1.1105666198969273
1.149868048192627,-9.706860077857982,12.77830636879308,-0.048084470759781076,-0.7941291750804063,1.1594928524748471
1.1979684403240884,-10.17615884823228,13.429036521995968,-0.05212296602894416,-0.8678973362241711,1.208012486896166
1.2453090132269093,-10.644160227446307,14.080884764971408,-0.05629872248078525,-0.9446558380509548,1.2557428794108543
1.2920136080961657,-11.112004036764153,14.735405783994258,-0.060616990920979684,-1.024571764451182,1.3028073727747391
1.338148238005541,-11.58030159108559,15.393438174647473,-0.0650793372145491,-1.1077475316126335,1.3492708379739704
1.3833601515268568,-12.045361838426526,16.049750873150604,-0.06964521225565894,-1.193494533136097,1.3947766416052105
1.4282612129733765,-12.5134179452855,16.713118873410387,-0.07437155801810533,-1.2829546048671094,1.4399390355414703
1.4724327125022398,-12.980081438876883,17.377317607751774,-0.07921061059991935,-1.3753001418791047,1.4843351137595735
1.5159428733564382,-13.44597392573357,18.043193240768954,-0.08416385865640592,-1.4706274900904828,1.528032086521536
1.5589251758067433,-13.912464535640245,18.712681497634623,-0.08924171613237666,-1.5692097601845516,1.571162455409849
1.6014229528039017,-14.380000324835299,19.38641904365195,-0.09444561157360253,-1.671152843071413,1.6137679413611534
1.6432471094218,-14.846444271086867,20.06130690691134,-0.09974772925475123,-1.7759856874311652,1.6556574230400443
1.6843662917848696,-15.3113351595349,20.73663505406545,-0.10513790239022723,-1.883572704049826,1.6967983349733033
1.7249074306717622,-15.776015276488396,21.41431887523944,-0.11062716114119178,-1.9942018553670746,1.737316430607328
1.7651481003268727,-16.243667013589246,22.099004220480392,-0.11625007169513735,-2.1086536987169557,1.7774872365146401
1.8047332610272475,-16.71014422317164,22.784616642193768,-0.12195342616360441,-2.225926313958894,1.8169545987809326
1.8438035761715457,-17.177030045988424,23.473456774303,-0.12775244015620685,-2.3464046473817874,1.8558574582618412
1.8822699232732725,-17.643196378742726,24.16383872308484,-0.13362916964861504,-2.4697900017815075,1.8941057187158656
1.9204071164270737,-18.11195496422549,24.86066331853351,-0.1396220238790204,-2.5969725035686606,1.9319709309515094
1.9578177158172458,-18.57836717150364,25.556571627984322,-0.1456641129008021,-2.7266093914131497,1.9690571104900692
1.9947865810168177,-19.045900800287352,26.256708767486014,-0.15179627522863223,-2.859647900476121,2.0056455594129554
2.031271004560674,-19.513992589751215,26.960225486747248,-0.15800776142408948,-2.995939168540935,2.0416924146714255
2.0673197139596113,-19.983246426453846,27.668024292058096,-0.16430323701431954,-3.135671419749046,2.077244223515482
2.102929101145193,-20.4536049189379,28.380017481883748,-0.17067868549276255,-3.278844997199197,2.1122957455159725
2.1378969997054544,-20.922327089799445,29.092032735076717,-0.1770931604409514,-3.424615818875897,2.146646925063779
2.1725696118135946,-21.394022615944134,29.81106365762575,-0.18360631627562735,-3.5744257609896497,2.180636431964823
2.2023685059192517,-21.805122469347424,30.439754607656024,-0.18932734856855138,-3.707534694872045,2.209787947168566
2.216330988353706,-21.999613298797566,30.73784253551777,-0.19204770262715226,-3.771333481920487,2.2234270305339816
2.2258921878008975,-22.13349640710447,30.943282907289873,-0.1939252721456093,-3.8155586851450036,2.232759163220918
2.22592920920573,-22.12647240148294,30.76735322804487,-0.1939436776964199,-3.6452604763598684,2.2333747421474666
2.2246768241014996,-22.09128537419945,30.25165009216681,-0.1937374339040125,-3.1647429351130816,2.2337639456111997
2.2233004071007656,-22.058381900555634,29.69132370965038,-0.1935268186639342,-2.637318440395808,2.2341855313082566
2.221901803984646,-22.031107809026654,29.128811233361137,-0.19332988627641157,-2.1020784329223123,2.234607774659889
2.220508122220204,-22.01008032674036,28.575071358428854,-0.19315063780796946,-1.5693644127661392,2.235022856534765
2.2191149889136934,-21.995173707706865,28.028259802880186,-0.19298829103775506,-1.0374578397098928,2.2354325809853868
2.2178129124885726,-21.986747378465502,27.523198261884065,-0.19285167394081879,-0.5408210903374556,2.23581123491742
2.2172725539407248,-21.984808434473784,27.315291915942943,-0.19279924769117454,-0.33485304815265204,2.235967247410282
2.216774151058483,-21.98382920410324,27.124404793537074,-0.19275310668496326,-0.1449445645423998,2.236110592683848
2.216380890374697,-21.983603832409266,26.97437859653157,-0.1927181963237875,0.004856728233996063,2.2362233367384396
2.215183078110243,-21.985887762413736,26.520624409234227,-0.19261998097511887,0.46089627291648194,2.2365648805318767
2.2137933067029527,-21.99413347807011,26.000163188973634,-0.19252129778653065,0.9896048711841764,2.236957937151988
2.2130913889266184,-21.999939875284955,25.73192993385383,-0.19247820066075622,1.2636453247044794,2.237179384175204
2.2179846971101873,-21.778877718843262,25.4459426660705,-0.19290941021881947,1.3285536091955064,2.2422823331486663
2.2286145258992396,-21.303300253197104,24.83303790897192,-0.19384674323959214,1.4658442322244203,2.253358367229354
2.2404482933399414,-20.78113125001575,24.163785687810016,-0.19489112177277765,1.6128864429269953,2.2656744187020927
2.2525471151116876,-20.254931576474085,23.49329448717409,-0.19595972912488957,1.7571358415526421,2.2782510294627407
2.2649290635491863,-19.72417650555037,22.821004908422726,-0.19705409249027428,1.8986270224731614,2.291106398697863
2.2775048980326154,-19.19287731344163,22.1520676713895,-0.19816624509766126,2.0362208415925642,2.3041474310960237
2.2900846760625813,-18.66898551909256,21.496427818580443,-0.19927928929924846,2.1679244377946896,2.31717723313094
2.30282768918135,-18.145770679660412,20.845582754314727,-0.20040722093495877,2.295509396110376,2.3303609158643432
2.315833544969534,-17.6192719849512,20.19464548306693,-0.20155877408566153,2.4199015362871252,2.3438011910908005
2.329053430086409,-17.091635522930567,19.54633091460472,-0.20272954531597204,2.5405321974134054,2.3574471854592622
2.3424339939154115,-16.565068753767374,18.90336288226357,-0.20391472461437138,2.6568851870564414,2.371243582935637
2.3560293891946977,-16.03751687310544,18.263242231275505,-0.2051190237518061,2.76940464932084,2.3852459729633693
2.3698524204812266,-15.508609469431521,17.62555625063171,-0.2063434931168012,2.878132824290104,2.399467188546184
2.3838736693791343,-14.97958313664376,16.991823503407538,-0.20758544291876785,2.9827878372993024,2.413876636551065
2.394004545839221,-14.601889858406215,16.54188789223739,-0.20848270498991947,3.0549928572811593,2.42427838549181
2.3969614348898705,-14.49235782238875,16.411797261925564,-0.2087445686405923,3.0755405336377097,2.427312837291366
2.1324169627784793,-14.475127695621767,16.392453196782558,-0.18567324825156378,3.0785679704739772,2.162543877519507
1.666759918460398,-14.451503388973396,16.36605302906573,-0.1450528192081558,3.0826931596726177,1.6964838189040068
1.1982689970457119,-14.43358729715498,16.346037238791972,-0.10417510351174136,3.085817396597538,1.2275808095205776
0.7297650580586907,-14.421533608649433,16.332573489063876,-0.06328896552049619,3.087917927409539,0.758660006962217
0.263288355626449,-14.415352303943429,16.325669785422942,-0.022575312626538266,3.088995824298947,0.2917653624187073
-0.20501111911478087,-14.414986285121142,16.32526074636855,0.01829905910662195,3.089062486768288,-0.17695473220438268
-0.673382945675783,-14.420472175996448,16.331387181826674,0.05917855398291395,3.0881116178660775,-0.6457464416136515
-1.1416205635453527,-14.431808532112223,16.344048905922072,0.1000423167291831,3.08614218476148,-1.1144011671186302
-1.6097581604584463,-14.448996225838421,16.36324984223603,0.1408905087475905,3.0831513862859405,-1.5829512682939129
-2.0783513188593314,-14.472069080147834,16.389032263072092,0.18176877116317725,3.079129303434192,-2.0519509340697986
-2.3891978276528434,-14.490618092519844,16.409765343037364,0.20887909376363709,3.0758902558374692,-2.363062643220781
-2.3954590818360946,-14.56594653428391,16.64205205784534,0.20939505436524536,2.9189102773453004,-2.3687554650169975
-2.390912537798844,-14.755433504951217,17.224832199625748,0.20893036418063526,2.525636262651024,-2.3627713996946884
-2.3859064246311985,-14.968801522827217,17.874304117591105,0.2084299889886995,2.0895534143819487,-2.356178645755573
-2.3809434708519817,-15.185325152537285,18.52643389757091,0.2079457613231273,1.653968092849583,-2.3496383300655355
-2.3760099713633336,-15.405604009368767,19.183058905414452,0.20747625814700993,1.217642606731193,-2.343132007923212
-2.3711551674112687,-15.627386344783703,19.837570170794866,0.20702595708215404,0.7849339736904298,-2.3367242948375573
-2.366309932758008,-15.853809493622053,20.499285747387315,0.2065883195113786,0.3496617657623868,-2.33032359954341
-2.361518794696682,-16.08281073220411,21.162187310500165,0.2061673355707659,-0.08421860029108102,-2.3239883522660345
-2.3567787919521717,-16.314485248750987,21.826638846589464,0.20576256983407015,-0.5169759083584234,-2.317714323966499
-2.352031750533901,-16.551730459102373,22.50091860471356,0.20536911399631624,-0.9539907483902645,-2.3114240741300303
-2.3473805476702787,-16.78938622231508,23.170413784164975,0.20499539379037868,-1.385810885928694,-2.305253583806972
-2.3427551566226197,-17.03095855585888,23.8451129910852,0.20463556525588106,-1.8189186172872984,-2.2991096895283216
-2.3383419951338307,-17.266438813982422,24.49738826751276,0.20430346948026548,-2.2356953986389163,-2.293240070646383
-2.3357562121655646,-17.40672760307337,24.883541328939362,0.2041140736986914,-2.4815489972826024,-2.2897972429128433
-2.3347323652104643,-17.463313564143224,25.041176043678842,0.20404069191131455,-2.5825935058965555,-2.288421323670056
-2.3397057267589947,-17.262402099527705,24.794288279400433,0.20446690658966163,-2.536635034875648,-2.293520273169769
-2.3518034713931812,-16.778371025293282,24.201914342291047,0.20550462586928675,-2.428335683941952,-2.3059138374557806
-2.3653418703315743,-16.24437295987977,23.5523640305187,0.20666741169090555,-2.312832372849594,-2.319767415039893
-2.379230098141401,-15.704730379252334,22.900192853461608,0.20786174325686363,-2.200354241847896,-2.3339620507947547
-2.3933847003979345,-15.162955361879066,22.24974539635207,0.20908040784378118,-2.0917335126749452,-2.3484118312073576
-2.4061525085161337,-14.681153771988578,21.674928306168404,0.21018080241790424,-1.998764896982988,-2.3614314976388244
-2.4118619425410217,-14.467767363369191,21.421438473170056,0.21067319246399782,-1.9586825120128535,-2.367249234383803
-2.371776377948324,-14.491607872468556,21.449898161498066,0.20718102813933004,-1.9631566855730023,-2.3274187902934806
-2.1235615961155676,-14.85108635288103,21.878431922986724,0.18555915125963585,-2.03136792480113,-2.0806652434506843
-1.8218558929791961,-15.295144310088853,22.410259066821244,0.15927138179592462,-2.118236632986379,-1.780794992363834
-1.5261951535207359,-15.73807883303279,22.943458164228005,0.13350394478889488,-2.2077523167023236,-1.4870009835992193
-1.2351762781299718,-16.181790267926193,23.48031484850671,0.10813522966769903,-2.3002894985975773,-1.1978905832634839
-0.9475987252475175,-16.628008098723345,24.022953123221633,0.0830610965232123,-2.3962348239257527,-0.9122735443277281
-0.6667247132266239,-17.071481778067948,24.564986563712157,0.058566476241966973,-2.4944511867873964,-0.6333912987049586
-0.3880177513156557,-17.51923358548997,25.1150127067869,0.034256138502459954,-2.596502577582836,-0.35674136893416586
-0.1144554700230334,-17.966399904888263,25.667091341709142,0.010390090514087295,-2.701310136273278,-0.08528177474101936
0.15337763832678095,-18.41179221113411,26.21973318417393,-0.012980372324523095,-2.8085665506520976,0.18040689825717943
0.41864301372667534,-18.860539471032475,26.77931644414613,-0.036130930609647706,-2.919516037335386,0.4434591361761971
0.6788010408999802,-19.30824268093088,27.340379301572305,-0.05883978215239187,-3.033118304407055,0.7013462680237527
0.9361665415934003,-19.758762342885124,27.90776966759787,-0.08130892089448559,-3.15030142656395,0.956378311218879
1.188797432443856,-20.208595879361987,28.477097726081226,-0.10336887501891796,-3.2701996276878895,1.2066207160829023
1.4367209322268002,-20.657596404699053,29.04816204060698,-0.12502203585559837,-3.3927529458206225,1.4521000937132804
1.6824113292827925,-21.11016074980233,29.626578807778877,-0.14648463200858142,-3.5191816688599973,1.6952646195643293
1.9238997196022507,-21.562597423952603,30.20766008496823,-0.16758485865640996,-3.648481088594009,1.9341637281565391
2.097952580378419,-21.89350704125038,30.634448755806943,-0.18279599043748107,-3.7448863895576427,2.1062813444456197
2.15592208105026,-22.004633001078528,30.778111614126452,-0.18786278227728112,-3.777608646539495,2.163592982827243
2.2104948826395465,-22.109670360724092,30.91405971980663,-0.19263298185099365,-3.808698494308434,2.2175402520718355
2.2261869811615593,-22.134323794852257,30.874036126229207,-0.19398816686861267,-3.7440742135731533,2.233301434047822
2.225091819076498,-22.102378446015923,30.42176500914813,-0.1938045347093903,-3.323747194862995,2.2336430505984444
2.2237207004038324,-22.067780807786903,29.861577029131904,-0.19358966921357848,-2.7981552767566726,2.2340648741195444
2.222329647588552,-22.03878651609153,29.30004401940234,-0.19338862936431978,-2.2656149480394276,2.23448660841608
2.2209249363341783,-22.015721933324414,28.73987394258824,-0.19320280080335384,-1.7285078166397356,2.2349066107906155
2.219540532417288,-21.999076324032245,28.1944949227889,-0.19303643120664946,-1.1997727825901343,2.2353152359086965
