Joint0,Joint1,Joint2,Joint3,Joint4,Joint5 
0.0018105975234777897,0.003797086734800237,0.0023995791083537147,0.005536516616637318,-0.004927461935551987,0.0015471898267210484
0.0018105975234777897,0.003797086734800237,0.0023995791083537147,0.005536516616637318,-0.004927461935551987,0.0015471898267210484
0.0018105975234777897,0.003797086734800237,0.0023995791083537147,0.005536516616637318,-0.004927461935551987,0.0015471898267210484
0.0018105975234777897,0.003797086734800237,0.0023995791083537147,0.005536516616637318,-0.004927461935551987,0.0015471898267210484
0.0018105975234777897,0.003797086734800237,0.0023995791083537147,0.005536516616637318,-0.004927461935551987,0.0015471898267210484
0.0018105975234777897,0.003797086734800237,0.0023995791083537147,0.005536516616637318,-0.004927461935551987,0.0015471898267210484
0.0018105975234777897,0.003797086734800237,0.0023995791083537147,0.005536516616637318,-0.004927461935551987,0.0015471898267210484
0.0018105975234777897,0.003797086734800237,0.0023995791083537147,0.005536516616637318,-0.004927461935551987,0.0015471898267210484
0.0018105975234777897,0.003797086734800237,0.0023995791083537147,0.005536516616637318,-0.004927461935551987,0.0015471898267210484
0.0018105975234777897,0.003797086734800237,0.0023995791083537147,0.005536516616637318,-0.004927461935551987,0.0015471898267210484
0.0018105975234777897,0.003797086734800237,0.0023995791083537147,0.005536516616637318,-0.004927461935551987,0.0015471898267210484
0.0018105975234777897,0.003797086734800237,0.0023995791083537147,0.005536516616637318,-0.004927461935551987,0.0015471898267210484
0.0018105975234777897,0.003797086734800237,0.0023995791083537147,0.005536516616637318,-0.004927461935551987,0.0015471898267210484
0.0018105975234777897,0.003797086734800237,0.0023995791083537147,0.005536516616637318,-0.004927461935551987,0.0015471898267210484
0.0018105975234777897,0.003797086734800237,0.0023995791083537147,0.005536516616637318,-0.004927461935551987,0.0015471898267210484
0.001815473153435084,0.003810861066480083,0.002396255989656322,0.005536509524819338,-0.0049293500614485215,0.0015521148362444088
0.08626188677187067,0.2411833524817725,-0.05422092095344695,0.00519540990183361,-0.03788473470668648,0.08685020476665771
0.2613076055338242,0.7256531383522672,-0.16570112332192313,0.0031107644351200097,-0.10774973206307657,0.26363078865772377
0.44512054855577304,1.2236109021629753,-0.2745074535538975,-0.0010418431919393348,-0.183222957322241,0.44920247224217236
0.6334582373600552,1.722646863002796,-0.3775674326843182,-0.007336900541904438,-0.26261438493909334,0.6392514317704088
0.8251097405333049,2.2191306742949193,-0.47404513455918385,-0.015814480363605343,-0.3453618386215026,0.8325254076013332
1.0216875231805114,2.716795127024088,-0.564571006860344,-0.026631034146260904,-0.43210694782179315,1.0306173714519633
1.2226607980178643,3.213769652635026,-0.6486681550942003,-0.03985805814733703,-0.522567607784132,1.2329555688166776
1.4282642740700986,3.710148747809727,-0.7262415903422447,-0.055604756962717286,-0.6167879261719618,1.4397370706269088
1.631163032468065,4.188365354862301,-0.7947706429646018,-0.07328806184696961,-0.7112596270569944,1.643556242870176
1.841157835912508,4.6714580147025355,-0.8576726727607459,-0.09377845404789004,-0.810426393813614,1.8542244431110126
2.05650635177256,5.1546829346174965,-0.9140803414656377,-0.1170473069533169,-0.9134228946083158,2.0699421013792034
2.274819394119396,5.63231052726818,-0.9632769401560131,-0.1429106223217973,-1.0190173019891964,2.2882706040338308
2.4989965068950744,6.11028786296293,-1.0058142700295574,-0.17179198853035638,-1.1285209231066375,2.5120607513661657
2.7271100824526764,6.584044483548906,-1.0411904511717887,-0.2035357503054484,-1.2409029889621086,2.73933468980059
2.9602775356664766,7.055525052517808,-1.0695035310685808,-0.2383751243559319,-1.3566138003785946,2.971152139264175
3.1388931299993645,7.408198193734311,-1.0860683123351762,-0.2666604198523712,-1.4457337996644846,3.1483811254716416
3.2100146579760596,7.546615210607317,-1.09146894618518,-0.2783018599501955,-1.481320093796913,3.2188626149490673
3.22215022430732,7.575887103144452,-1.2414429492134684,-0.2803555029264857,-1.3429396693111477,3.2315907426489185
3.2195039816121587,7.586656783121141,-1.7277077707580057,-0.2800800819895566,-0.8674373522031853,3.2312867389810838
3.217506050408668,7.59172978336147,-2.092919649345162,-0.2798849257569901,-0.5072930635027032,3.231059830710186
3.21645411819543,7.59333507472588,-2.284541043220312,-0.2797866200668937,-0.3172741150706053,3.230941344406079
3.215812067679692,7.5939519630275765,-2.4012714787075504,-0.2797281308477545,-0.20115883181926733,3.230869376403997
3.214892355599873,7.594353702335465,-2.5681832297528358,-0.27964635342847255,-0.03464633453519318,3.230766765249003
3.212382509704158,7.592549571134157,-3.0218765125681646,-0.27943524509265344,0.42085785426608563,3.230489771765519
3.2093916644691567,7.584803988697146,-3.5590610069184714,-0.27920690044566354,0.9657959875136788,3.230165947420872
3.2064337230605338,7.571086040137314,-4.086615437068828,-0.27900615895925757,1.5070763146308463,3.229853039370497
3.2035060298872104,7.551499900102893,-4.605106666018219,-0.27883232318418144,2.04516153007765,3.2295512263429367
3.2005777869321674,7.525853720610266,-5.120018195100804,-0.2786834860598694,2.5857270643809493,3.2292579100247085
3.198137659955266,7.49979947279506,-5.5462687069026835,-0.278578810598483,3.038038327072093,3.229020530297865
3.1969849095406366,7.485995918437333,-5.746735583158175,-0.27853554003095227,3.25231182378394,3.228910744159122
3.1953935982811257,7.465352415188705,-6.0225162741902585,-0.27848237501495543,3.548740244023775,3.228761782237658
3.199978595493119,7.562219533134753,-6.123672797409319,-0.2788834139102969,3.553007272562251,3.233375022609846
3.2227842758328906,8.036811801022342,-6.528300511635343,-0.28085064898162515,3.4829320400237593,3.255873335266298
3.251213002862105,8.620195681251916,-7.021101514674038,-0.28330206084843107,3.392210161598654,3.2838954706177867
3.280018712542322,9.202239888263058,-7.507747595240462,-0.2857851242896477,3.296670021867962,3.312263201796703
3.309438195018694,9.787507696018709,-7.992040610445324,-0.28832035163766306,3.1955489760256777,3.341208943806584
3.339153030933588,10.369486536089841,-8.468603978622493,-0.29088041807024034,3.0899845374756305,3.370418755537264
3.3697599809632828,10.959565671583935,-8.946714290842738,-0.2935168583128844,2.977860967435919,3.4004782548022283
3.40075446468896,11.547681227574,-9.41815023219371,-0.29618634157601886,2.861023294524384,3.430890776006719
3.432469862797318,12.139912079394994,-9.887770993378401,-0.29891773410148464,2.7382500613669385,3.4619825870945817
3.4644376614479704,12.72732680763919,-10.348516909905698,-0.3016708523578151,2.6114153680005656,3.4932937236218633
3.497007565193745,13.316228677240927,-10.805389541304903,-0.30447599181552976,2.479215636681432,3.5251662230904324
3.5301313251871815,13.90549386434724,-11.257507901284198,-0.3073291892332865,2.341893878071556,3.5575520069618554
3.56381337445894,14.494975837079387,-11.704767273403572,-0.3102310324471125,2.199491806457224,3.5904546249374967
3.5905871832949647,14.956737816529396,-12.05162069724305,-0.3125382271434177,2.0844394453721335,3.6165884348519795
3.512095166719739,15.040691290189525,-12.114005635095598,-0.3057016670471619,2.0632954344805627,3.538031326917541
3.0469117744491685,15.068972932434715,-12.133321399279543,-0.2651971091969679,2.0566516606108736,3.0731172849288177
2.4759684414759646,15.098181077819834,-12.153258392103709,-0.21546087063155242,2.0497814516249866,2.50252552962412
1.9037638587865997,15.121380696125264,-12.169085753489478,-0.1655939018758025,2.0443187022796643,1.930692410364367
1.3317585628275088,15.138505514383743,-12.18076409546103,-0.11572822168577979,2.040283856236461,1.3590731773517823
0.760893731950474,15.149556017935154,-12.188298074805894,-0.0659507167311357,2.037680380793497,0.788603929407183
0.18926920254960095,15.154577707057362,-12.191718367001158,-0.016101595812950127,2.0364689479143743,0.21738114290533742
-0.38385718083392156,15.15354814253212,-12.191017197938452,0.03388100696651696,2.0367177487397905,-0.3553406816907653
-0.9550094871650116,15.146478242100807,-12.186198616536378,0.08368833752471233,2.0383930292572527,-0.9260927609375915
-1.5272098904170779,15.133342487675966,-12.177243449642475,0.13357915173223528,2.0414993636810554,-1.4978995659958658
-2.0997231590182768,15.114129843796274,-12.164140854462753,0.18348450838355676,2.0460365918482126,-2.070030819788221
-2.6711173929708765,15.088892976893199,-12.14692191701623,0.2332748250371366,2.0519882619946697,-2.6410599518566533
-3.234400882536709,15.058073528177527,-12.125878777093792,0.28233386936959537,2.0592142802811595,-3.2040046894157705
-3.5836235303966353,15.036001824584426,-12.110802587265406,0.31273800002841534,2.0644041903425423,-3.553028478538237
-3.591309517077834,14.954425406168562,-11.907574795210362,0.31338370044170955,1.9427128494803823,-3.560043899468021
-3.580298930589141,14.735211835534347,-11.359623465284713,0.3123696482686424,1.614039924807346,-3.5472505454537475
-3.5682667851783485,14.491749100278394,-10.754396589372504,0.31127331483613424,1.252346390828686,-3.5332697455279014
-3.5563334192966294,14.246186990131328,-10.147365068698761,0.3101982848712237,0.8909467573870133,-3.5194028451103487
-3.544536786489534,13.999360200110475,-9.540520346034334,0.30914775426660274,0.5309975586887872,-3.5056935819473853
-3.5327786867708837,13.749236464601807,-8.928820556860366,0.30811285348333467,0.1694897744387733,-3.4920274670401383
-3.5211174891835864,13.497058774570638,-8.315277622556323,0.30709866303557415,-0.19180799868798235,-3.478471970815313
-3.509568010027075,13.243186856798625,-7.7007106394653695,0.30610630692518453,-0.5524364695593496,-3.465043969446952
-3.4981933493344073,12.989089259702316,-7.088588924705127,0.3051409234324464,-0.9103952237982598,-3.4518165162797807
-3.486854213826938,12.731694561299019,-6.471459561345716,0.30419053358800374,-1.2700649487833096,-3.43862730140537
-3.4756041747760658,12.472213453135588,-5.85220486560755,0.3032596086809398,-1.629774322027372,-3.425538281281688
-3.464810469370726,12.219340612684555,-5.251397847593177,0.3023778533887246,-1.97764709070205,-3.4129765829746908
-3.458736143028544,12.075319300383388,-4.910358536761154,0.30188661231520286,-2.1746306165206044,-3.4059055934050955
-3.4557519052928543,12.004106752794714,-4.742028809733569,0.3016465982314927,-2.2717308825999156,-3.402431232766246
-3.4676843814564804,12.216620671848824,-4.9096428370786125,0.30269501985679004,-2.3166924822366632,-3.414039937336989
-3.4981736914201624,12.753590747445326,-5.330448707814853,0.30537531667142065,-2.433015275193694,-3.443686825068465
-3.532503146281139,13.347976751740667,-5.791333701591268,0.3083958074117212,-2.5666964165488433,-3.4770401616019617
-3.566189771823627,13.92100289163491,-6.230777364747404,0.3113625364443533,-2.7004572656868686,-3.509741213164051
-3.601073351921835,14.504010599181214,-6.672971541386385,0.3144377185236801,-2.8414571921794005,-3.5435759561990383
-3.627099997027605,14.932290015358346,-6.994664411395945,0.3167341962160327,-2.9481839247348285,-3.5688017647662074
-3.5434737366509177,14.908027755448057,-6.976169554072871,0.3094484822081779,-2.941964048098699,-3.4858997925182673
-3.1089875995392906,14.505905593543043,-6.6724656776921485,0.27156997586608317,-2.841365203613823,-3.055477197907066
-2.610530839881599,14.034238439778807,-6.313531657031835,0.22810477390626438,-2.726480045008887,-2.5615203402380846
-2.114145005357529,13.553249587469478,-5.9444751423575966,0.18481236964821637,-2.6127762360722766,-2.069443737579427
-1.616800874355823,13.059714810657749,-5.562592459708564,0.14143125173884621,-2.499721465428661,-1.576245499345485
-1.1271602607316547,12.562131563197541,-5.174275501676761,0.09871962732648226,-2.3894384769537713,-1.0905196227895937
-0.6461958940474758,12.061735780430464,-4.780399947931705,0.056764921389159326,-2.282271700625856,-0.6132407250542949
-0.1781957550982997,11.563439811159117,-4.3848065529676,0.01594345166290734,-2.179275188926358,-0.14867638392836957
0.27907323435096404,11.065402040769166,-3.986038824401271,-0.02393761676849955,-2.0800374730733346,0.30537667131834473
0.7340478190521369,10.558585897604136,-3.576753832004738,-0.0636105861181857,-1.9828802565152646,0.7572976585113935
1.1634641812785522,10.069629181949601,-3.1785457613405463,-0.10104865920926458,-1.892744935914787,1.1839436583142202
1.5909661168488076,9.57232070942056,-2.7701476827963245,-0.1383107546653998,-1.8047220743890942,1.6088016924904673
2.0104144952599294,9.073877856971693,-2.3573746453378956,-0.17486045465257094,-1.7201916982368821,2.0257632477709584
2.4194715060604803,8.577479486337834,-1.9428547264600053,-0.21049318993186333,-1.6396807514466814,2.4324937242228986
2.821682016644615,8.079188227432898,-1.5232882434098483,-0.245517011530438,-1.5625473700419152,2.832507735061391
3.13676649598618,7.681583950151641,-1.186001661848578,-0.27294444096628767,-1.503647283044592,3.1459318348552747
3.222952859828404,7.571725921317335,-1.0937241652472813,-0.2804450430803014,-1.48648067382122,3.2316793038843388
3.221662909053295,7.578225020524074,-1.3315373772728278,-0.2803055527708166,-1.255163060253022,3.2315300700989766
3.2189090987131124,7.588449713909022,-1.8369240708827312,-0.28002304968427355,-0.7599935947433493,3.231214417038929
3.21739641165466,7.5919359402980175,-2.1131993465754797,-0.27987677253379,-0.4872004498132919,3.2310428793289008
3.2162566967944985,7.593557435454622,-2.3207271685482107,-0.27977075404187873,-0.28129103975994335,3.230914574521189
3.215666662635874,7.594055656249986,-2.4279522466721146,-0.2797172894005306,-0.17456258712901773,3.2308484821040824
3.2144329097901236,7.594343066408758,-2.651689015426118,-0.2796086349213978,0.04889010516996974,3.2307110424894265
3.211705251002516,7.591330262799156,-3.144078323056642,-0.27938357572224093,0.544299576405214,3.2304110436911087
3.208720432881763,7.582219484938823,-3.6793022498128267,-0.27916141489656354,1.0886423172946227,3.230089379296516
3.205769280457904,7.5671639035119185,-4.204780374505534,-0.27896680029849324,1.6291839493359843,3.2297788223212125
3.2028486493994883,7.546267614124571,-4.7211675880368,-0.278798995959132,2.166475275272142,3.2294794903097737
3.199922547409299,7.519272798832285,-5.234847640597617,-0.27865591891437813,2.7071579582694545,3.229188287968663
3.19776931965636,7.495488844521722,-5.610483445742223,-0.27856682893328566,3.106583453277921,3.2289799678131774
3.1964867386591633,7.479727600364562,-5.833274129875256,-0.2785203517173611,3.3451387914725648,3.228858418755844
3.1953017311815444,7.464100431507267,-6.038477003026982,-0.278481814164588,3.565971979504684,3.2287478655973225
2.909223284448046,7.481718016729849,-6.053534240510831,-0.25353494205636606,3.564743750755194,2.942194728255754
2.382172347042565,7.5099689964708665,-6.075874984483021,-0.20755834758327465,3.560961612404781,2.4142683653524437
1.8437618421265802,7.53300508024066,-6.094083398745729,-0.16057326177783088,3.5578712571935935,1.874974081028711
1.3056565271275165,7.550156062721051,-6.107635219337487,-0.11360104678984138,3.5555673472645957,1.3359937423946404
0.7687103470892618,7.561424976005542,-6.116537210385423,-0.06672027697687079,3.554053224627037,0.7981802644732096
0.22767958562332027,7.566876425679214,-6.120840138432854,-0.019477520580149506,3.5532917276755303,0.2562816160592667
-0.31435868972993325,7.566402958240016,-6.120466773523268,0.02785518874476651,3.5533604287587734,-0.2866276379992108
-0.8588157566068677,7.559944105702441,-6.115366103413396,0.07539680840414442,3.5542364253803695,-0.8319610053329285
-1.4029038812473673,7.547496732352857,-6.1055339740691785,0.12289977842888851,3.5559186732027994,-1.3769287650013073
-1.9441033825096,7.529167183079803,-6.091051199277876,0.17014008194131777,3.5583900725428887,-1.9190095889534824
-2.4898517085781675,7.5046662974023155,-6.071681333115135,0.21776095677693943,3.5616542148096526,-2.4656532645568032
-2.9977056134641185,7.47643465638918,-6.049354787047103,0.26205974532922255,3.5654410849645974,-2.9743526435757355
-3.19544370045114,7.461319505492403,-6.025056787038058,0.279299203743043,3.555327477289701,-3.172365551748575
-3.192896116895715,7.395171128258021,-5.674099553438338,0.2789943100086309,3.2705343745686326,-3.1684253833291827
-3.188801531544058,7.285112318886527,-5.105723976805442,0.27851891691622305,2.812242886729455,-3.162096112030363
-3.184673682804187,7.169473240817913,-4.527292705326543,0.2780579066693799,2.3494761287993025,-3.1557193335189795
-3.1805419348958415,7.048993389705505,-3.9427642658970505,0.2776147806740286,1.885452951861116,-3.149339878850423
-3.176460753367957,6.925318700238291,-3.3598523278768946,0.2771950643181876,1.4262407578390723,-3.1430412088416007
-3.17241229782212,6.798028177037079,-2.7760918757396995,0.2767963790600397,0.9697956389073348,-3.1367951367358056
-3.168372836243842,6.666421504909965,-2.188057235876272,0.2764161372760979,0.5133923841393729,-3.130564447847284
-3.16436168080927,6.531164912983981,-1.598546214300141,0.27605594893873336,0.059162454223644016,-3.124378343891127
-3.1603805841186925,6.392388242386848,-1.0078450444106648,0.27571564390266085,-0.39273776704913715,-3.1182389455811457
-3.156395604893162,6.248922783638067,-0.4108772225707289,0.2753922147257076,-0.8462158651130026,-3.11209334027234
-3.1534083985550647,6.138371830949177,0.040412873172753584,0.27516110297665,-1.1869368419335873,-3.107486003216063
-3.1526366783081508,6.106892378066084,0.1777462455424789,0.27510487873866507,-1.2927858681946933,-3.1062106255410917
-3.1660514586462907,6.390196718238897,-0.07040402276238097,0.27627646963332303,-1.3280035894987579,-3.11937861786247
-3.1924251263935077,6.940617706756348,-0.5491017799474456,0.27858050364198483,-1.3998526978611434,-3.1452502204261648
-3.2168041917303083,7.4418476365337405,-0.9810916566866591,0.2807111179581159,-1.469209981921208,-3.169145655400757
-3.2229584347853892,7.572862779131457,-1.1326747408423397,0.28124424898490363,-1.4486722282091857,-3.1753636819795457
-3.2208016764039638,7.582830267138584,-1.5302331588525455,0.281014728699501,-1.0610754391619306,-3.1751200702452316
-3.21823425836862,7.59070035370088,-2.000975420982119,0.2807582530960328,-0.5981962981339332,-3.1748334064341357
-3.217248216711928,7.592559612959789,-2.1810398960813715,0.2806646156955678,-0.4199884099998174,-3.174724359647343
-3.2162378196094354,7.593790674402159,-2.3651312571494167,0.28057147940120386,-0.23712537381566204,-3.174613263550586
-3.2155784039401394,7.594224875574739,-2.4850448535230565,0.2805122356477507,-0.11764419363466491,-3.1745411231750107
-3.213679950038491,7.593837991474842,-2.8292584779023424,0.2803484918704865,0.22696144928374196,-3.174335114570334
-3.2107310483542624,7.588381233619591,-3.360927009664516,0.28011433999921076,0.7640947002199834,-3.174020420253332
-3.2077527157570542,7.57680562550834,-3.8941700714889844,0.27990302370159226,1.3089213920580625,-3.1737097518064257
-3.2048268401771733,7.559423564729947,-4.414344832596257,0.27972033732888374,1.8464860744511946,-3.1734122613801845
-3.201899689828586,7.535996210579757,-4.931074058811979,0.2795625678050587,2.386650497167958,-3.173122980937291
-3.1991276617457145,7.508171503959883,-5.417008055041967,0.2794364950143676,2.900416605368469,-3.1728573596732454
-3.197786466539036,7.492719930096163,-5.650919880774354,0.2793837293355474,3.149783580005452,-3.1727319358614925
-3.1959903290880023,7.46997670711167,-5.962944824647628,0.2793215543122305,3.484556526131625,-3.172567287496382
-3.196277666823729,7.479330826765677,-6.052662559651493,0.2793706857740615,3.5649177925704563,-3.173247334859225
-3.2131293406630532,7.831370750324147,-6.353558588790869,0.28082445477818474,3.5136922828485297,-3.189875314625441
-3.2408592341281124,8.403625425942833,-6.838749589394714,0.28321590148515036,3.4264934306621937,-3.217217074651936
-3.269565431614874,8.987020160996648,-7.32838909071704,0.2856906540548421,3.3325971116220066,-3.245495699350461
-3.298713717785317,9.570271955090806,-7.812876398062844,0.2882027334176949,3.2336881712328083,-3.274183571058233
-3.3283437988977718,10.153988844988485,-8.29272375481534,0.29075567244918704,3.1296705623673344,-3.3033190947518087
-3.3586984126758144,10.742642734535458,-8.771549837262269,0.29337050076537735,3.0196897686532234,-3.3331399236753656
-3.389602118296876,11.33249610551147,-9.246247163600206,0.2960322342111168,2.9043766289824378,-3.3634725935899867
-3.420951454467833,11.921375247353067,-9.715077055006498,0.29873211064038974,2.7841666362637865,-3.3942148433532497
-3.4527308772781873,12.5088480697445,-10.177740079425272,0.30146895337429325,2.6591924705953103,-3.4253508929924217
-3.485232743449309,13.100061005208918,-10.63827345279824,0.3042681144389063,2.5283433257053045,-3.457166296729093
-3.5180869412210307,13.68806344385681,-11.091270508109755,0.3070979055587253,2.393165002077727,-3.489297995387704
-3.5516556663277132,14.279130979755715,-11.541583182512658,0.309989724765109,2.2522318620993853,-3.522099489952386
-3.583040470517691,14.823085626325621,-11.951545771335166,0.3126940152886396,2.118071683011448,-3.552741039679221
-3.5952470231600087,15.032018846979879,-12.102237969857391,0.3137448995522247,2.05976497983098,-3.5646215448847736
-3.5889491448700706,14.907738459659823,-11.790633609014868,0.31316152606811115,1.8724781599457039,-3.5573040271887666
-3.5772686445131643,14.674304275491188,-11.207891514395026,0.31208844482623194,1.52323897257663,-3.543732231372545
-3.5650551906241956,14.42608703131025,-10.591752091767704,0.3109788551827701,1.1553883970732668,-3.5295405847216617
-3.5533150338678308,14.183441712870891,-9.992793274563178,0.3099243975630731,0.799143480974833,-3.5158979307470255
-3.541568251184665,13.936622466034464,-9.386789420104165,0.30888138768278817,0.4400272548660703,-3.5022462440250415
-3.5298189157030917,13.685642288905585,-8.773802892509154,0.3078503476700048,0.0780890618086931,-3.488589862600795
-3.51816282006583,13.432524777100081,-8.158766793277653,0.30683969898545643,-0.28376214422908813,-3.4750397468273646
-3.506699486809691,13.179511541120926,-7.547041270862526,0.305857786284222,-0.6424083910378167,-3.4617112697247996
-3.4953095786039063,12.924039546118237,-6.932352096518909,0.30489413660572867,-1.0015601761181512,-3.4484653628856288
-3.4839888509683714,12.666017674359658,-6.314452462254463,0.30394834115631203,-1.3613731602108776,-3.4352967391313975
-3.4727576607323445,12.40592196932482,-5.694449770230063,0.3030220318653226,-1.721216095564389,-3.422228736130771
-3.4626273841695716,12.167743779312783,-5.129123412737321,0.3021969369605813,-2.048306672285869,-3.410438332132732
-3.457938261884089,12.056329901856355,-4.865452472992403,0.30181840244766617,-2.2005371351869063,-3.40497959504546
-3.456307762505899,12.01403911884687,-4.749789695842467,0.30169150173452175,-2.273899608162017,-3.402974374025024
-3.4742951300298652,12.333799585788961,-5.001832639073205,0.30327204139941083,-2.341710243744341,-3.4204727563895383
-3.507030065097043,12.907971013933725,-5.450651360299552,0.3061503371337636,-2.4672335739211153,-3.4522968972473618
-3.540533270749266,13.485497156578493,-5.89723252544329,0.3090988130254747,-2.5983547433379295,-3.4848405722539737
-3.57499946575089,14.069239052399686,-6.343679142325853,0.31213492732453746,-2.7358329291684056,-3.518291477850874
-3.609194311857094,14.638267421618036,-6.774102671478895,0.31515014907043726,-2.8746208901397763,-3.5514514716569
-3.6298093859657343,14.976565980437298,-7.027770429695648,0.3169694335904474,-2.959362884831433,-3.5714296815577895
-3.4353627748809994,14.882495822914468,-6.956625090070199,0.3000252367257963,-2.935401378443606,-3.378717853453923
-2.9247437532368843,14.602709218504161,-6.744736666180447,0.2555157595782825,-2.8650517377753593,-2.872623496860298
-2.3846640355608724,14.299071172039397,-6.513863118910563,0.2084226553025974,-2.790121402486281,-2.3372171740110823
-1.8456563028982997,13.987975285365065,-6.276298648016055,0.16141093727521746,-2.7148664848131165,-1.802756005088195
-1.308268998420957,13.669630052725296,-6.032104222157697,0.11453246650616206,-2.6394333155895153,-1.2697824330187157
-0.7718865870018915,13.343557938664224,-5.78081111267193,0.06773750191244952,-2.5638086555626702,-0.7376848597329914
-0.2458014671775588,13.015492284383036,-5.52675905138177,0.021843184749916193,-2.489415581803949,-0.21567647852113137
0.2772580385668662,12.681040277911142,-5.266482909156937,-0.023786178546820108,-2.415248542553274,0.3034407100542468
0.7972352318501404,12.340201467418888,-4.99988398456616,-0.06913984010748145,-2.3414269079341317,0.8196165340243244
1.3162811694562409,11.99147737370256,-4.725683227203712,-0.11440201972237371,-2.267728388601851,1.3349857938581928
1.8299479917219967,11.637823535794105,-4.446104624683645,-0.15918164959268657,-2.1948701185486055,1.8451305037360235
2.3429355466588837,11.275961602936068,-4.158452011247625,-0.20388534343941458,-2.1222740324439475,2.354716441693926
2.850396085656297,10.909268599480818,-3.8653012416538064,-0.24808340842813226,-2.050746996343067,2.8589330189173223
3.2862854449333647,10.587213458607096,-3.6064502363262494,-0.28603327026417835,-1.989560262392554,3.292119748829665
3.37412738944493,10.522855497329916,-3.592363598755863,-0.2936722436919794,-1.9397307325481823,3.379619730122396
3.371794879034245,10.536640109502672,-3.9868042490883315,-0.29340942609847254,-1.5590678273483956,3.3792548335375967
3.3686034964549245,10.550685005859851,-4.523655566291426,-0.2930707894436351,-1.0362520250091702,3.378760256603547
3.366699234288437,10.556386728355,-4.842423305706292,-0.29288034643753896,-0.7231804186565352,3.3784679760078604
3.365247505326669,10.55937597538813,-5.0846487236289315,-0.29274103255094724,-0.4839399911172724,3.378246685715436
3.3641686634072054,10.560831689850593,-5.264212764451764,-0.2926408090583671,-0.30582850408648327,3.3780831371513327
3.3634564028495846,10.561433480601977,-5.382554578572677,-0.2925761904077775,-0.18808639527986398,3.3779755969084793
3.3622546290210376,10.56179812110938,-5.581853066002606,-0.29246996566804156,0.01085096799063972,3.377794958614454
3.3593424644134986,10.559267586108357,-6.062832313159351,-0.2922272506771027,0.49436925832064044,3.3773616655788943
3.3560784909960004,10.550624666038004,-6.598590444740101,-0.2919801527972178,1.0387798232378695,3.3768840317876343
3.3528582602695103,10.535999311497426,-7.123695016588156,-0.2917625068579471,1.578519110033921,3.376421817726741
3.3496520534206096,10.515332684938862,-7.6430551403606914,-0.29157194161680305,2.1185551531183653,3.375971270671224
3.346995187858805,10.493528462592499,-8.0707933148915,-0.29143403937398293,2.568105228890703,3.3756057620333797
3.345730938692784,10.4816481549318,-8.273484400861623,-0.29137485554274734,2.782680269231115,3.3754344716584215
3.344066390233547,10.464513606146959,-8.53951804262061,-0.2913033159111328,3.06585325376412,3.375211644083829
3.1267580721356483,10.477863121780855,-8.555901344658777,-0.2723676287729473,3.069958668334329,3.1577316755516875
2.603583619249064,10.507193794523328,-8.577827534213387,-0.2267602778157431,3.064839869923457,2.6340751980472676
2.0479193991025766,10.53246552971489,-8.596709753638576,-0.17830072171386496,3.060422067443664,2.0779136603016988
1.4945589734925373,10.55162291179457,-8.611017613733885,-0.1300259354299946,3.0570692082337687,1.5240698492330913
0.940354730726281,10.564806116168668,-8.62086075899086,-0.08166573133199122,3.054760961154434,0.9693901617912457
0.3840445802532866,10.572003134654098,-8.62623358931028,-0.03311426109296527,3.0535023025623174,0.41260826296280895
-0.17030174170341997,10.57315920973557,-8.627093936367574,0.015268111372003637,3.0532734151956245,-0.14220492750833338
-0.7248069613335882,10.56831396871758,-8.623477945207894,0.06366365099455917,3.0541295385972993,-0.6971790695005535
-1.2797143527754054,10.557451382481629,-8.615369274863665,0.11208867871076084,3.0560414647703666,-1.2525599302656498
-1.832561501233972,10.540641839347922,-8.602817702071226,0.16032399763079916,3.0589944603971544,-1.8058861786803975
-2.3886167562533815,10.517700040658367,-8.585680515543336,0.20882486872033398,3.0630173702330423,-2.3624339690969145
-2.941472058285594,10.488878008995515,-8.564136969553454,0.257025867937048,3.0680299732541894,-2.9157923420556084
-3.3181150287980974,10.465806430138175,-8.54688562913336,0.28985214409174564,3.072059484436192,-3.292787780636306
-3.3413605971569478,10.401497536868323,-8.377628281725316,0.2918494093749098,2.96699485068765,-3.315518432952631
-3.3321813340548116,10.202253876945155,-7.845315386124715,0.2909668512309184,2.6339764904343492,-3.3046401152545846
-3.321801948962137,9.973010474968236,-7.237057381445629,0.2899808120072656,2.255019231646897,-3.2923396892848036
-3.3114674362425576,9.740529266255255,-6.624600657397032,0.2890116987777204,1.875100620216721,-3.2800922146705096
-3.3012523948244783,9.506521723045884,-6.012388268494029,0.28806632513188596,1.4969518332319438,-3.2679857011861313
-3.2910961674320887,9.26963928709358,-5.39682021543264,0.28713887862468085,1.1183217683793658,-3.2559478705940084
-3.2811395954494853,9.033258899086805,-4.786552891233647,0.2862418786125128,0.7444891155596153,-3.244145297207591
-3.271135202975622,8.791529725005551,-4.166428238763322,0.28535289167532674,0.36614800591661495,-3.232284246617035
-3.261262078405016,8.548759815415814,-3.547486636876398,0.2844878268057384,-0.009970202371471561,-3.220576657064451
-3.251494521263011,8.30439596984067,-2.928218661666929,0.28364414751894446,-0.38482158640936903,-3.2089917213410417
-3.2418437536547797,8.058788481651456,-2.3094236843582694,0.28282257154975304,-0.7579571223481875,-3.1975424275378437
-3.232285745871849,7.81138721712347,-1.6896365098246429,0.28202083088871643,-1.1302917360597209,-3.1861999523400253
-3.2259662373422904,7.64550495488312,-1.2759827549171454,0.2814973497753355,-1.3780293985622933,-3.1786986331201814
-3.2233668985113066,7.576735113155298,-1.1049329509240575,0.2812835732212433,-1.4802954655115665,-3.1756127031116548
-3.2308848434549318,7.7281054896287955,-1.226127525501798,0.2819418666376135,-1.5105075610505228,-3.1829367235195494
-3.2564144925540948,8.24119893769024,-1.662287053919525,0.28417447964344755,-1.5875656518746137,-3.20792928633612
-3.2855468481275967,8.817583806620883,-2.1475865957922102,0.2867234005947828,-1.678793797279436,-3.2364249523756494
-3.3152864250334675,9.396230445517176,-2.6298376058022406,0.2893269013540078,-1.775336457189212,-3.2654889809262824
-3.345450623139927,9.973354444855486,-3.1058851981259745,0.2919691623836843,-1.8765632697806076,-3.2949421948179545
-3.370016160172494,10.436270486282362,-3.4841717418105653,0.294122247464092,-1.9613162055088187,-3.3189099442042806
-3.374566568467569,10.521333187380034,-3.553339778328832,0.2945212019977011,-1.9772338286106137,-3.323347800789022
-3.374566568467569,10.521333187380034,-3.553339778328832,0.2945212019977011,-1.9772338286106137,-3.323347800789022
-3.374566568467569,10.521333187380034,-3.553339778328832,0.2945212019977011,-1.9772338286106137,-3.323347800789022
-3.374566568467569,10.521333187380034,-3.553339778328832,0.2945212019977011,-1.9772338286106137,-3.323347800789022
-3.374566568467569,10.521333187380034,-3.553339778328832,0.2945212019977011,-1.9772338286106137,-3.323347800789022
-3.374566568467569,10.521333187380034,-3.553339778328832,0.2945212019977011,-1.9772338286106137,-3.323347800789022
-3.3745498903311995,10.521281169373392,-3.553322186412473,0.29451976374761474,-1.9772240375780736,-3.3233313649145004
-3.0946438420423235,9.648272677517115,-3.258080339203764,0.27038188112072353,-1.8129029667960601,-3.0474911519955987
-2.814875201933079,8.77569275270468,-2.9629834286444194,0.24625584797880132,-1.6486625625782358,-2.771786351304328
-2.534823354722375,7.902229523633406,-2.6675877943229813,0.2221053922857556,-1.4842558993801236,-2.495802457297124
-1.9872765739442428,6.194467250434703,-2.0900414212511187,0.17488733462694256,-1.162814208960307,-1.9562091847822558
-1.4371685122145177,4.478716510982986,-1.5097934369636659,0.127448403216519,-0.839868898196764,-1.4140918357518872
-0.88718783582822,2.7633630780104608,-0.9296798173472545,0.0800204569651759,-0.5169983700117392,-0.8721000217018038
-0.5876377217523181,1.8290860413996304,-0.6137176237755206,0.054188555373061116,-0.3411450942474845,-0.5769010870889215
-0.30825759758684007,0.9577178721751982,-0.31903051559668527,0.03009602615971297,-0.1771327714029848,-0.30157915886970393
-0.0286005063059437,0.08548586079657428,-0.024051265524982393,0.005979612504551775,-0.01295785281160802,-0.025984286680338007
-0.0030051310123005693,0.005655574455144774,0.002946457203382458,0.003772378440100352,0.0020681157268720852,-0.0007607025030812806
-0.0030051310123005693,0.005655574455144774,0.002946457203382458,0.003772378440100352,0.0020681157268720852,-0.0007607025030812806
-0.0030051310123005693,0.005655574455144774,0.002946457203382458,0.003772378440100352,0.0020681157268720852,-0.0007607025030812806
-0.0030051310123005693,0.005655574455144774,0.002946457203382458,0.003772378440100352,0.0020681157268720852,-0.0007607025030812806
-0.0030051310123005693,0.005655574455144774,0.002946457203382458,0.003772378440100352,0.0020681157268720852,-0.0007607025030812806
-0.0030051310123005693,0.005655574455144774,0.002946457203382458,0.003772378440100352,0.0020681157268720852,-0.0007607025030812806
-0.0030051310123005693,0.005655574455144774,0.002946457203382458,0.003772378440100352,0.0020681157268720852,-0.0007607025030812806
-0.0030051310123005693,0.005655574455144774,0.002946457203382458,0.003772378440100352,0.0020681157268720852,-0.0007607025030812806
-0.0030051310123005693,0.005655574455144774,0.002946457203382458,0.003772378440100352,0.0020681157268720852,-0.0007607025030812806
-0.0030051310123005693,0.005655574455144774,0.002946457203382458,0.003772378440100352,0.0020681157268720852,-0.0007607025030812806
-0.0030051310123005693,0.005655574455144774,0.002946457203382458,0.003772378440100352,0.0020681157268720852,-0.0007607025030812806
-0.0030051310123005693,0.005655574455144774,0.002946457203382458,0.003772378440100352,0.0020681157268720852,-0.0007607025030812806
-0.0030051310123005693,0.005655574455144774,0.002946457203382458,0.003772378440100352,0.0020681157268720852,-0.0007607025030812806
