Joint0,Joint1,Joint2,Joint3,Joint4,Joint5 
-0.00045074334009788484,9.58161281624201,14.248451177951997,0.0029196598084679907,-23.82543558893271,0.005641591883385503
-0.00045074334009788484,9.58161281624201,14.248451177951997,0.0029196598084679907,-23.82543558893271,0.005641591883385503
-0.00045074334009788484,9.58161281624201,14.248451177951997,0.0029196598084679907,-23.82543558893271,0.005641591883385503
-0.00045074334009788484,9.58161281624201,14.248451177951997,0.0029196598084679907,-23.82543558893271,0.005641591883385503
-0.00045074334009788484,9.58161281624201,14.248451177951997,0.0029196598084679907,-23.82543558893271,0.005641591883385503
-0.00045074334009788484,9.58161281624201,14.248451177951997,0.0029196598084679907,-23.82543558893271,0.005641591883385503
-0.00045074334009788484,9.58161281624201,14.248451177951997,0.0029196598084679907,-23.82543558893271,0.005641591883385503
-0.00045074334009788484,9.58161281624201,14.248451177951997,0.0029196598084679907,-23.82543558893271,0.005641591883385503
-0.00045074334009788484,9.58161281624201,14.248451177951997,0.0029196598084679907,-23.82543558893271,0.005641591883385503
-0.00045074334009788484,9.58161281624201,14.248451177951997,0.0029196598084679907,-23.82543558893271,0.005641591883385503
-0.00045074334009788484,9.58161281624201,14.248451177951997,0.0029196598084679907,-23.82543558893271,0.005641591883385503
-0.00045074334009788484,9.58161281624201,14.248451177951997,0.0029196598084679907,-23.82543558893271,0.005641591883385503
-0.00045074334009788484,9.58161281624201,14.248451177951997,0.0029196598084679907,-23.82543558893271,0.005641591883385503
-0.00045074334009788484,9.58161281624201,14.248451177951997,0.0029196598084679907,-23.82543558893271,0.005641591883385503
-0.00045074334009788484,9.58161281624201,14.248451177951997,0.0029196598084679907,-23.82543558893271,0.005641591883385503
-0.00043593514149546566,9.581643709348517,14.248376282889547,0.0029196772415660895,-23.825246840250774,0.005656494542713924
0.01798987677829882,9.619998609721758,14.155294465430796,0.0028779690693536654,-23.590550826558815,0.024174239873908272
0.058698057115187,9.70413438967171,13.950421422705313,0.0023398138369471674,-23.073180710142385,0.06490872791876263
0.101578488505378,9.791872826208067,13.735748244012893,0.001118162718104505,-22.529864413053648,0.1075657674585562
0.14464887819989233,9.879094693817038,13.521271024943518,-0.0007740572989344745,-21.985805442829086,0.1501674450196655
0.187991167323447,9.965961971527433,13.306578020909532,-0.0033403702308379335,-21.439943995339434,0.1928058505431408
0.23125725522230692,10.051781007433592,13.093379876657892,-0.006554466304845972,-20.89662529861076,0.23515149697027507
0.2748771617494786,10.137406070130384,12.879547402485743,-0.010444760841378404,-20.350415471447864,0.27763747723390214
0.3182407290108264,10.22164578737332,12.668055435294162,-0.014949891127219209,-19.808913047166847,0.3196826008338735
0.36197318143536517,10.30572049168101,12.455839217056196,-0.02012851568902713,-19.264270006519727,0.36190593348752187
0.4061813340681966,10.389818802933252,12.242392382103953,-0.02600336236457985,-18.71515284809684,0.4044189067880168
0.45064505469127447,10.473508486274916,12.028785593441931,-0.03255305728696003,-18.164286552003585,0.4470190542404163
0.4950067133808009,10.556120196290472,11.8167240065017,-0.03972062326639454,-17.6160649129198,0.48937607005950867
0.5396510964471124,10.638373233962014,11.604356628087906,-0.04756488659966352,-17.065697697284683,0.5318694341636829
0.5841623116939607,10.719504625743221,11.393649738349843,-0.056009268823323834,-16.518276678815166,0.5741152501274881
0.6290628188944074,10.800466580358506,11.18212202046138,-0.06515196831974696,-15.967346206293387,0.6166208706659022
0.6739218591590651,10.880479483493932,10.971798045709079,-0.0749065511597664,-15.418165909880873,0.6589895557125475
0.7187957382264463,10.959651441271992,10.76239695446275,-0.08527923710893104,-14.870005919290124,0.7012866450805623
0.7638757505478991,11.038320236960695,10.55301780391597,-0.09631366697814954,-14.320499591537885,0.7437037479008908
0.8092855827296715,11.11669261481262,10.343088463599026,-0.1080463788516738,-13.768121947200893,0.7863678163144784
0.854391652981601,11.193680608777758,10.135523926352663,-0.12030977283574631,-13.220543718004768,0.8286951675066547
0.8997240200415789,11.270197043822737,9.92786820106884,-0.13324242954256876,-12.67129085561404,0.8711948421379895
0.9452915749152037,11.346249537751149,9.720081001994783,-0.14685253175076782,-12.120236095097725,0.9138860155327636
0.990763678038069,11.421287722604685,9.513660770057056,-0.16104088782836437,-11.571347645599092,0.9564700909874695
1.0364341378666275,11.495798774288158,9.307263613319481,-0.17589832377168915,-11.02104788348208,0.9992333969361245
1.0821258725118157,11.56949269321442,9.101683458513023,-0.19136900980700886,-10.471443705985783,1.042021216268831
1.127878935079976,11.642436566207461,8.896729963705093,-0.20746593653235518,-9.922022700301705,1.0848821267017452
1.1736348738685671,11.714539999147604,8.692654617534487,-0.2241679386649236,-9.37345619253057,1.127772361698125
1.2195723156675833,11.78608374318688,8.488654164859495,-0.24154233947803883,-8.823575968619275,1.1708704617703531
1.2656296019865985,11.856967646898392,8.284999430269716,-0.2595705756777254,-8.273096967562129,1.2141298884999152
1.3116750397573715,11.92699005318123,8.082264437318026,-0.27820236317753455,-7.723565087771264,1.2574380127171376
1.3583044771831392,11.997045208058303,7.8778306086209895,-0.2976896164105686,-7.1678530662476945,1.3013674642109825
1.4039034496104152,12.064723282870442,7.678753085896123,-0.31734862065642067,-6.625160678096008,1.3444069386256554
1.4502215350924241,12.13263300147612,7.477374350111269,-0.33792754945706177,-6.074628394435482,1.3882177838344694
1.4964334627150455,12.199550981194237,7.277288966403664,-0.3590723189301303,-5.5260507148172575,1.4320320397069908
1.5427371944007755,12.265767339971477,7.077629470454492,-0.3808739895515399,-4.97704877602294,1.4760481991922378
1.589223264403406,12.331407014144563,6.8780030773925676,-0.4033817666220762,-4.426526830721204,1.5203642790098935
1.6356539140519422,12.39613361233937,6.679424649475172,-0.42648447369107845,-3.877275398322692,1.564765087056573
1.6822736457176217,12.460286913402095,6.4808427382006935,-0.4503082440379549,-3.326377293943845,1.609496092458067
1.7287086491038743,12.523354789449671,6.283840773943226,-0.4746642192469868,-2.7782229188630962,1.6542096860702802
1.775346580901549,12.585865561745534,6.086765755009799,-0.49975847110647653,-2.2282097168475183,1.6992903752651127
1.8220740038842775,12.64766141338647,5.89009589446425,-0.5255386808802712,-1.677654177481084,1.7446413838946275
1.8686030398505669,12.708366492368992,5.695031789765847,-0.5518468410947881,-1.1299205229275757,1.7899939253819224
1.915328729840719,12.768497948382292,5.499909233957903,-0.5789097385589246,-0.5803328366326227,1.8357444440425448
1.9621319527234253,12.82789683000399,5.305224480603899,-0.6066677828510795,-0.030270959022923153,1.8817896434706762
2.0089846995855174,12.886525699306151,5.111089407647696,-0.6351111105246863,0.5199592051374926,1.9281145337532246
2.0557259958512097,12.944186122639621,4.918162024087944,-0.6641451194171429,1.0684926465486788,1.9745712410570706
2.102701429978923,13.001302273814085,4.72501157929121,-0.6939919458924013,1.6194079239334578,2.0215161856110813
2.149627826182315,13.05752600093931,4.532799663503344,-0.7244807636721374,2.169406040290101,2.068679987573595
2.196481413537497,13.112833019442593,4.341613828275996,-0.7555989836544507,2.7182335320769284,2.1160499250280553
2.2434808195978886,13.1674801969802,4.150556963947236,-0.787499317030254,3.2684741556422354,2.1638601342214474
2.2905350691122464,13.22135703521931,3.9599969835109934,-0.8201307141435469,3.8190843139291326,2.212032613181941
2.337335017646549,13.274115448878245,3.771174879301267,-0.8532809128829189,4.366471193901324,2.260261627840261
2.384446851666284,13.326392439087773,3.5818014825901394,-0.8873593805537336,4.917279427394961,2.309144318199271
2.4313147831986854,13.377569823229672,3.3941063256643935,-0.9219729066206019,5.465032985541635,2.3581178491692927
2.4784093887813827,13.428161957719407,3.2061986707224106,-0.9574765053019467,6.0152540037225055,2.4076872506519895
2.525561679214289,13.477979766609781,3.018753357948055,-0.9937575658503012,6.5659886711552575,2.4576916722341737
2.572485021731219,13.526724845818515,2.8329005538194125,-1.0306001442529016,7.1139118260296925,2.50783903609814
2.6196874670695367,13.574923338702984,2.6466237265824377,-1.0684134599810895,7.664977482184319,2.5586872427693375
2.6667661792589774,13.622159453618776,2.461510707235072,-1.106887980869899,8.214503642538453,2.609818867158698
2.7138000344726056,13.66851623992788,2.27724274381647,-1.146094095170575,8.76343272395792,2.6613322110458473
2.760912544584689,13.714113986345223,2.0933317050455313,-1.186145923952096,9.313227211621374,2.7133781410229236
2.80807494939717,13.75892065117747,1.90988785239518,-1.2270331538528017,9.863572184060963,2.7659422773062636
2.8552106227710445,13.802861991236435,1.7272050783655717,-1.2687012985368926,10.413594199367342,2.818955437804559
2.9022882495348328,13.845910103415608,1.5453985218006507,-1.3111323672647164,10.962948380924894,2.872397337523482
2.9493825406885144,13.888133302193067,1.3641745052819412,-1.3544050048676004,11.512526846792953,2.926368749090382
2.9965260891990178,13.929557933942098,1.1834047168072062,-1.3985637114388554,12.062730190242032,2.980925073157303
3.0435202492617868,13.97001071995819,1.0038448636775776,-1.4434332299927422,12.611259822809474,3.03585218573717
3.0910263412436754,14.010049847836783,0.8229714578525793,-1.4896689204633582,13.165855780167833,3.091947404764529
3.1386762547311338,14.049345700224816,0.642195540896632,-1.536945758846386,13.722242780389273,3.148806785314334
3.186059063266332,14.087561054749928,0.46306988702149304,-1.5848680769469403,14.275642169326876,3.205956963509506
3.2337569642207247,14.125162437655515,0.2833908500807272,-1.6340422892923565,14.832873806436824,3.264120989565026
3.28115475242069,14.16166253281749,0.10547278297987814,-1.683851437617716,15.386770315879062,3.322569351656221
3.3287485249541997,14.197444231337608,-0.07255196355361825,-1.7348312988010066,15.943148219242351,3.3819326884942287
3.3760474639225793,14.232139137795729,-0.248852629226372,-1.786471229333973,16.496288492035585,3.441618137781502
3.42355232291122,14.266114761505994,-0.4253005131428516,-1.8393341286154017,17.05206589027662,3.5022778204558382
3.470971273760859,14.299156817612051,-0.6008123017515751,-1.8931186099282138,17.60708613826449,3.563564540476631
3.518307843653467,14.331270015736283,-0.7754071637513393,-1.9478435755053933,18.16140807588584,3.625502304547396
3.565807523697121,14.362616069180183,-0.9499916505812575,-2.003816810713209,18.717925998781872,3.6884385453210506
3.613083094659918,14.392938543054633,-1.12314630586182,-2.0606019063822436,19.272121184167336,3.751883493141241
3.660596299257292,14.422530537382352,-1.2965645784415953,-2.1187768635309947,19.82942517927725,3.816482894458078
3.707661583547207,14.450968118384282,-1.467750590946423,-2.1775185373844357,20.381812863607067,3.881325362082023
3.7550743604081456,14.478731742094697,-1.6396015278668696,-2.2378408095126328,20.938636835191357,3.9475313317684826
3.8022554567135107,14.505476080281603,-1.810018066617144,-2.299036436137224,21.493114442971766,4.014323266554917
3.8482906906429992,14.530718284332595,-1.9757258776590483,-2.359894358119119,22.034502923928265,4.080395221967216
3.8741081324948277,14.544504947589386,-2.0684123085328077,-2.3945306777645317,22.338293196932504,4.117850015177457
3.885401149314821,14.550451787731435,-2.1088996223185,-2.409797116341065,22.47121577553397,4.134325562091234
3.876235094839503,14.463841802278651,-2.2148451702033873,-2.40800777606267,22.67070867527145,4.133608946689152
3.8504109005988414,14.232073059690563,-2.4821492299544228,-2.4008196771274504,23.17040174827558,4.1289433703505205
3.823196754957391,13.978866728203569,-2.7622706679105073,-2.3935199387290167,23.704378211386082,4.12421774927008
3.7964291421736256,13.720541613836234,-3.036059468493715,-2.386626034579148,24.237125104232568,4.119770454593068
3.7736428608279082,13.493158650314736,-3.2676383283901917,-2.380989354725645,24.696621713251464,4.116149054738506
3.764257359329242,13.397451968977418,-3.36259824933944,-2.378731415223669,24.88750749088434,4.114702995937496
3.757445221763075,13.32722513728423,-3.4313589209886883,-2.3771163292646804,25.02665366886032,4.113670488638586
3.735257518559474,13.093980654256125,-3.654328584162307,-2.3719969819537376,25.483382239124268,4.110409365085864
3.709683127047921,12.81637675053183,-3.909337581317045,-2.3663714553380797,26.01658347262524,4.1068504227447455
3.6844230154496067,12.532694444434018,-4.158946605637882,-2.361115139098348,26.550450954756027,4.103555130935664
3.6604575533970087,12.254558553517457,-4.393512821300187,-2.356414516442288,27.06369503500697,4.100640361955341
3.6487655819880525,12.115605330723334,-4.507104501714633,-2.354225613672204,27.316502676637572,4.099296024699702
3.6432831436475417,12.050465454393642,-4.564565608356028,-2.353300697421332,27.43922341269219,4.098851676361722
3.6560674906653237,12.275154987194503,-4.849079083956769,-2.362823741392562,27.498475069026263,4.1159003968177075
3.68257021231104,12.736200841010707,-5.430391580594009,-2.3825244244155592,27.617550324159122,4.151138263390815
3.711182921286601,13.226940270840531,-6.045452985814406,-2.4037310072406393,27.74057850442868,4.189023973608259
3.7402444305794007,13.718149476625326,-6.657271337341284,-2.425203437239876,27.859865564460986,4.227338448587545
3.7700077527255385,14.21390252397678,-7.2708403236919565,-2.4471243568030454,27.97631917275564,4.266407383265727
3.8004248025589256,14.71312912780863,-7.8847189926802965,-2.4694532691988864,28.089570328349428,4.3061580025567565
3.831421974959949,15.214403943538525,-8.497067096112119,-2.492131420934176,28.199207027474184,4.34648545901668
3.8631157233207127,15.719385021144923,-9.109818877805086,-2.5152390639168045,28.30549955143555,4.387532180159549
3.8956570271299267,16.230167205924722,-9.725378761718703,-2.538880247453994,28.408749797674584,4.429482232719417
3.9287127486671345,16.74128266511625,-10.3370602404011,-2.5628075443352443,28.507754161596008,4.471896244500795
3.9625892061574195,17.25724709313313,-10.95018161372948,-2.5872373211748316,28.603300214743054,4.515157541965364
3.9969952319524737,17.773408184503943,-11.559131041431614,-2.611954161777405,28.694441694223357,4.558884458042786
4.0315969676368955,18.28475752026486,-12.158039851437238,-2.6367153588730354,28.780334042721993,4.602648571187384
4.056009842291522,18.640990816931293,-12.572695478144016,-2.6541273971977266,28.837573605108112,4.6333996146954775
4.036932337010752,18.711869404767107,-12.654217261237056,-2.6419463054837182,28.849083699136763,4.612326542842627
3.675413567235392,18.732928506011447,-12.668147067666082,-2.4057174621506734,28.85782134166127,4.201915069458219
3.1124722278914443,18.761765305294052,-12.687205440335786,-2.037651250703085,28.869741679597716,3.5627698346754184
2.5397980740696413,18.786172127970246,-12.703331179432325,-1.6629879039642967,28.879870993767437,2.9125023689145086
1.966905143862625,18.805625150331906,-12.716174996057344,-1.287987215792894,28.887922847560358,2.261925461937035
1.393939813113305,18.820126401888867,-12.72574829581061,-0.9127895743752814,28.893945672027385,1.6112201620147302
0.8209799154420729,18.829679416126563,-12.732052734030727,-0.5374892234894689,28.89790846256518,0.9604878548498056
0.24788739984069072,18.83429019176594,-12.735097480998267,-0.1620389852740394,28.89983933183,0.3095854645291395
-0.32607614902013565,18.83395267549103,-12.734873240669774,0.2139999552028828,28.899683189121145,-0.34231201361885444
-0.8984499319561021,18.82867901199946,-12.73139568126721,0.5889737543109052,28.89750929657668,-0.9923964183908572
-1.4727173023074385,18.818429049810092,-12.724629589691226,0.9651176747800675,28.89323835681675,-1.6446095391449658
-2.0471687705902437,18.803202961616293,-12.714580792146572,1.3412713583382474,28.886936934997138,-2.296997359648655
-2.620101572306297,18.7830540649595,-12.70127381652152,1.716271959603136,28.878566767671686,-2.9476108479697993
-3.19361475203127,18.757912343978916,-12.68466624444209,2.0914552797558987,28.86816779579468,-3.598822387109957
-3.7400453975864143,18.729316968981745,-12.665762871575435,2.4486920677682256,28.85631665645457,-4.219210424159382
-4.038814180542677,18.711763765546362,-12.654158131528458,2.643913231959321,28.84908450207457,-4.558384991974573
-4.063097678847739,18.716544983290365,-12.532891094222329,2.656551918812372,28.722056585711726,-4.579255077889666
-4.071339163729445,18.736898057372372,-12.06909120743897,2.6497525868048064,28.238043319044518,-4.563066209293311
-4.08067376558431,18.753850791552573,-11.541993276932978,2.6424573986073496,27.6941447453127,-4.54510932778454
-4.090095427743268,18.76454509846619,-11.008124033653136,2.6355154712100406,27.149728402368947,-4.527375948138441
-4.099605802035478,18.768961134906448,-10.467402790111718,2.6289213502665287,26.604733600882827,-4.509856279924944
-4.109117223656422,18.76712389345501,-9.924851220304317,2.6227262949349663,26.064155917185932,-4.492700225192601
-4.118610076892459,18.75920657892067,-9.381654041750654,2.616927409074595,25.529006879540596,-4.475925987359354
-4.128113694508384,18.745339604957675,-8.836193258448414,2.611492545416925,24.997538757036374,-4.45946594796388
-4.1375748554161795,18.725773019696657,-8.29158751435924,2.6064373304726063,24.472619721936912,-4.443396079880242
-4.14697448279914,18.700777573804185,-7.749013663370702,2.6017540263703878,23.955155956204432,-4.427729935877735
-4.156056933130815,18.671488400817402,-7.223365538058501,2.5975390842575794,23.458903534518257,-4.412863597380703
-4.1602877664713205,18.65670637558237,-6.980356146985232,2.595711018827569,23.230722631972355,-4.406112524449421
-4.176508280374252,18.883996913660543,-7.242067821600201,2.606477282357545,23.264387598722642,-4.425083960810516
-4.212176080899195,19.378182569351644,-7.808234143251543,2.6300998267837885,23.334697561453016,-4.466664141818055
-4.250985490308389,19.90736170707393,-8.410139772559607,2.6557227705642026,23.405593826844296,-4.511696314263301
-4.290617042918227,20.438861030728127,-9.010141558020115,2.6818028404647927,23.472214034564132,-4.557460063177616
-4.331260778929592,20.974905062368315,-9.610649293462693,2.708459843779995,23.53473354906464,-4.604163321157773
-4.360719193484373,21.357879879409374,-10.036829077077535,2.727724785587537,23.576520630483564,-4.637870869427325
-4.3447238231589225,21.41218712837129,-10.096485270967435,2.7178583343208165,23.58260968323035,-4.621054057066418
-3.998996495261133,21.168789916753408,-9.817021875362862,2.5014437229472666,23.562031898294023,-4.249797151357207
-3.4791752506385647,20.79637778121682,-9.389150976827121,2.1760175799577643,23.52741150721834,-3.691912390115707
-2.958110670684327,20.415118573596168,-8.950706844418937,1.84981301861823,23.48819705513698,-3.133123709370658
-2.433363268256113,20.022896635324535,-8.4991472588425,1.5213517109394465,23.44400676467238,-2.5708781596812704
-1.9152426186486677,19.627264505722863,-8.043063943709269,1.197135590718904,23.395608655728346,-2.016277151713238
-1.4068330028203864,19.230745058895085,-7.585284042078765,0.8791380036723929,23.343375259559604,-1.4726560049072879
-0.9002699122383614,18.82725748724269,-7.118697908199748,0.5624827076614646,23.286516301403463,-0.9316466282692759
-0.39741324381259485,18.418187759953234,-6.644805155886164,0.24837686741922585,23.225171585775968,-0.3952877883163507
0.1031898691026469,18.002263926732248,-6.162027290077389,-0.0640434803741129,23.159098321459794,0.1379176165948643
0.5286843970348938,17.641740867171503,-5.742735198095366,-0.32933466159737856,23.09888945297943,0.5904828836107234
0.7255671996271333,17.472697144681774,-5.545863298017288,-0.452003441503977,23.06975642524001,0.7996844640236304
1.1662765096739294,17.089092403075348,-5.098432016638166,-0.7263625797837019,23.00148907556592,1.267445189668526
1.6618396714570343,16.6489432966616,-4.5838513726102015,-1.0344698506744523,22.91961001630231,1.7925254961077617
2.154673643503161,16.20171095804685,-4.059619792566132,-1.3404112773896462,22.83263184730931,2.3136927252358546
2.6344515063039475,15.756940506767798,-3.5368461946141445,-1.6377504128761906,22.742457986293495,2.8199982534469554
3.1026617453116367,15.313691765502755,-3.01439030394429,-1.9274017358010065,22.649045578613364,3.313017655492893
3.5603463518783003,14.87135820967407,-2.491502503389839,-2.2100114715918737,22.55242062212924,3.7938634478150592
3.8555922523684414,14.581136456830425,-2.1475801187186225,-2.3920081325382476,22.487168529767334,4.103423453197069
3.881677439588857,14.51164008392135,-2.158361731099881,-2.409559603681505,22.56630997690048,4.134622766765465
3.858480687347572,14.305361027507685,-2.398788416722638,-2.4030443820657283,23.013573947576393,4.130391543994842
3.8311449600262772,14.053773741951835,-2.6806527503427056,-2.395627458375471,23.547678676789626,4.125585841354133
3.8043293122473933,13.7977458507011,-2.95546011981802,-2.3886358853964653,24.079149556791364,4.121070427004166
3.778668585863796,13.543900477450174,-3.216701020191516,-2.382219189676544,24.59483927690259,4.1169430910908575
3.765870040640024,13.41397108758368,-3.3463148382115007,-2.379122047772227,24.854681675047708,4.114958186710204
3.75938739003096,13.347300754333004,-3.4117837138842373,-2.3775800924937354,24.98697196944837,4.113972024090268
3.7426730299364066,13.172698532503775,-3.579994569483735,-2.373688999430629,25.330173156863427,4.111490319901078
3.7171143931595365,12.8980138598777,-3.8354806389327023,-2.3679804119541754,25.860933313774172,4.1078704926622684
3.691703900548048,12.615437468795665,-4.08725288001935,-2.3626042336748028,26.39586298256171,4.104490434222095
3.6667888313805514,12.328895118101046,-4.331776332809096,-2.3576339333554084,26.927493583797943,4.101398288505583
3.6503698696191003,12.134792242065675,-4.491561171245502,-2.3545270900494333,27.281750787823334,4.09948582142829
3.6436614744271427,12.054256851550349,-4.556520355601205,-2.353297209065498,27.42739569860395,4.098733937230198
3.4749291242652456,12.057812536150028,-4.568823729810978,-2.244697918158032,27.44285922688316,3.910791538180993
2.992919414120092,12.083225987364298,-4.58787403230743,-1.9336572392579354,27.453929546863083,3.3723699988764917
2.4481887821420627,12.107368359452577,-4.605963928317246,-1.5819437216158798,27.46445812097886,2.763804259627468
1.9059464867052858,12.126586049340501,-4.62035455240973,-1.231663017429695,27.47281460400917,2.157944488445943
1.3611324384088028,12.141067396470325,-4.631198419685118,-0.8795867742208551,27.479140828600304,1.5491569215512326
0.8189628216265513,12.150680254048588,-4.638395552532247,-0.5291230882482366,27.483344412094333,0.9432841365802197
0.27652075705718143,12.155512492595546,-4.642013717569695,-0.17842538231720803,27.485462602650188,0.3370827675865667
-0.26733772243532106,12.155552896292063,-4.642041667518606,0.1732070633959063,27.485458135206674,-0.2707106591224301
-0.8109475983115945,12.150788057300595,-4.638476949193251,0.5246604118564403,27.483387907876672,-0.8782173555196128
-1.354479042036164,12.141217040315935,-4.631314122863752,0.8760058379677771,27.479220895215036,-1.4856126144398034
-1.8965822283714764,12.126879401415328,-4.620577116206166,1.22633091195262,27.47294460445037,-2.0913723888799636
-2.440333899899874,12.107685118409163,-4.606203312466795,1.5775888022533873,27.464585442870373,-2.698918009140516
-2.985560719345764,12.083589879580641,-4.5881517583198645,1.9296261890991606,27.454095154589574,-3.308039638450688
-3.462704308131811,12.058510829983708,-4.5693539901715585,2.237530874039258,27.44317874044609,-3.841027286999011
-3.6433442368628612,12.048462202035005,-4.560369843058218,2.3540164345388113,27.437052644753297,-4.042716876753898
-3.650500917716618,12.114564003237795,-4.378725029644777,2.353369863655993,27.189223655048643,-4.039243573815114
-3.665595745151475,12.249038100871243,-3.994482374401509,2.352238176036455,26.670330392656222,-4.032112898613455
-3.6814216787963425,12.382973733229047,-3.590079538357662,2.351379594114036,26.131802978343696,-4.024910684996364
-3.6974731105467433,12.511639098366661,-3.178392384582347,2.3508391089598564,25.591254929359632,-4.017879195217143
-3.713657123080076,12.634244729697519,-2.7618508822178565,2.350618587835382,25.05190685404781,-4.011055483610935
-3.7299167043275983,12.75041593260721,-2.3419899406852354,2.350713134371804,24.515669158011434,-4.0044562832142425
-3.746483223716233,12.861754937313217,-1.9128816662705674,2.3511235012537215,23.97500882863216,-3.997984444695501
-3.763162237290356,12.966884338468349,-1.479605966886486,2.351845350506533,23.436385705434937,-3.9917134705996813
-3.7799945809300306,13.066092066912157,-1.041164238326616,2.3528766247505537,22.898512796266335,-3.985622054495913
-3.7956857638942547,13.152512696987253,-0.6314551138676368,2.354102456874039,22.4021717770132,-3.9801482090212397
-3.8020102154590885,13.18572759325933,-0.4660643739110154,2.354666733652064,22.203480209513867,-3.9779956774626783
-3.8074471126685703,13.265203954900661,-0.5329776772940596,2.357815676138968,22.19070979469313,-3.983160731428475
-3.831035993006621,13.655426655977587,-1.0148352950161093,2.3739426558027428,22.281316946165596,-4.012086915390961
-3.8613163178235994,14.149455139443935,-1.6215135515777044,2.3945975372352013,22.392640189276467,-4.0490746195942835
-3.8804941879165646,14.458439527309213,-1.9990369128966161,2.4076519286531437,22.46033482246191,-4.072418003622616
-3.8859670833141684,14.548251206519726,-2.114773468862798,2.411491064791604,22.48601217326622,-4.079375602043893
-3.8708786661923322,14.41555069524696,-2.2714417760249046,2.4072089810325603,22.77574496335003,-4.076596331601074
-3.843868644259177,14.17108201740981,-2.5507375464539788,2.399755535699111,23.300157103541558,-4.071767308046674
-3.816791709133446,13.91683956105145,-2.8290935608291674,2.3925655438853117,23.833399811898722,-4.0671226250788015
-3.790147807577056,13.657398656717465,-3.1012358391811663,2.385776745029726,24.365611879220825,-4.062753735419224
-3.7694197773747877,13.449008011092701,-3.3116326593522545,2.3806987436785048,24.784885061364463,-4.05949955819103
-3.761405183929046,13.366859374831353,-3.3926535186180473,2.378784330388992,24.94824151980096,-4.058276421659569
-3.752693649514329,13.276556648540625,-3.4805021505481477,2.3767350109180705,25.126595561265514,-4.05696963848014
-3.7290014779570524,13.025551604033577,-3.7182182765649476,2.371331298740673,25.615865089941497,-4.053538383547831
-3.7035271895498934,12.746615918782982,-3.971730300279675,2.365806047943192,26.1488976512855,-4.05005655060679
-3.6783757045855383,12.46172684464706,-4.219737017175995,2.3606514272508745,26.682365947646197,-4.046839716987829
-3.6560562732852806,12.200721638251704,-4.4378075278856945,2.3563701753298574,27.161938372996087,-4.04417550502762
-3.6464756674589083,12.08630581481721,-4.530765830411393,2.354595276094158,27.369527543925877,-4.043090320547962
-3.644517178181346,12.06952389684143,-4.5887379625901294,2.354925271897154,27.444298271706252,-4.044364507989914
-3.662127282183778,12.378458723544421,-4.9796293943418695,2.3680384214254366,27.52546604693982,-4.067836765657011
-3.6896659540511965,12.85593210894303,-5.580814992526135,2.388495601152093,27.64793871426707,-4.104417436709114
-3.7183835722645187,13.346715681848666,-6.195000160114987,2.409764399796389,27.770039963789603,-4.142403146423748
-3.747611453403137,13.838970805490188,-6.807176797425307,2.43134352577514,27.88862995268217,-4.180897008117391
-3.777512336193315,14.335227360276399,-7.420405926750624,2.453348720225339,28.0042319520633,-4.220105232653901
-3.8080627704524095,14.834839849965704,-8.033780717777091,2.475757733814902,28.116585179131846,-4.259987664780414
-3.8392682949517543,15.337658069976193,-8.64701657864079,2.498569632553444,28.2255544690184,-4.3005422529779604
-3.871155915172252,15.843873045094837,-9.26024511603999,2.521798971076008,28.331078607297332,-4.341794485316308
-3.903776456060071,16.354027552299133,-9.87401222938022,2.5454772099895058,28.43315775672429,-4.383799749080693
-3.9371872176879052,16.868725389974486,-10.488917897746262,2.569639885377766,28.531784762513425,-4.426620463056755
-3.9712911094637824,17.386200810208628,-11.102739431168448,2.5942108023195627,28.62650664314894,-4.47012111551739
-4.005518159492618,17.89777257478738,-11.705199975834718,2.618776056287225,28.71575460312045,-4.5135697325952195
-4.039433693391573,18.397246108589528,-12.289214779879144,2.643024613778689,28.79865944849665,-4.556418727240516
-4.058946927520434,18.681347340798,-12.619545882751064,2.656934039142949,28.843943071890127,-4.580980618468751
-4.0625483369594155,18.7150104008833,-12.563615744470846,2.657000141643828,28.75428018232225,-4.580323280649502
-4.070427804261171,18.734900855691244,-12.12031625140065,2.6504706638250353,28.29122422665945,-4.564818623212964
-4.07958430625232,18.752202881430417,-11.603471607052354,2.6432702721538233,27.75722741000067,-4.5471631103626216
-4.085412295373436,18.760026068869823,-11.273582585463515,2.638897409209174,27.419607430339454,-4.536120903213189
-4.089641702554028,18.764175734582995,-11.03374047174853,2.6358236797943047,27.17568109813402,-4.528199724734882
-4.093117466708923,18.766635096366198,-10.83636382557396,2.6333593075130524,26.97589796218517,-4.521746860959594
-4.0961829212464425,18.76809915851592,-10.66208617814661,2.63123132510483,26.800202212429003,-4.516097552604299
-4.09793939403554,18.76864237746217,-10.562142870432572,2.6300310130323834,26.699741740959904,-4.512877985626391
-4.101825512193782,18.769084388398483,-10.340807368563478,2.6274240080096765,26.478021161730798,-4.505799336994837
-4.1105273347628755,18.76632548898076,-9.844134420763805,2.6218247895745366,25.984231128039273,-4.490166055914229
-4.119956173762142,18.75759589791254,-9.304360012797156,2.6161193842892887,25.45331547166579,-4.473554122767157
-4.129348498804285,18.743103600880435,-8.765070573785069,2.610797086183616,24.928641848604872,-4.457330716767678
-4.138789290739502,18.722845432459696,-8.221437952964022,2.6057978259719787,24.405386628765985,-4.44133550371487
-4.148250784247419,18.696973063980316,-7.675423910880661,2.6011651009993466,23.885357193135693,-4.425640365691946
-4.156999350719757,18.66817611088503,-7.168945725541562,2.59714023646213,23.407778100986373,-4.411351027239138
-4.160788694613597,18.663699902585435,-6.988418354710303,2.596061264613953,23.23173946382316,-4.406704358344931
-4.181028849854803,18.94700397872834,-7.314466881937151,2.609492674402686,23.27353991528972,-4.4303695838397354
-4.217261586479545,19.44797563359393,-7.887873813057733,2.633479670828314,23.344276522694575,-4.4725828601548825
-4.256175149866017,19.977415397088592,-8.489479896230174,2.6591603115213065,23.414605983298433,-4.517707090109041
-4.296029866062767,20.510721816558302,-9.090910788176421,2.6853756377506053,23.48083579120843,-4.563698637781686
-4.336258127928723,21.04014878522993,-9.683418356375595,2.7117487522927495,23.541990286828238,-4.609895375278472
-4.362702296170301,21.383448464399105,-10.065194312095311,2.729037480211719,23.579192970177456,-4.640141256372459
-4.313620179953574,21.405773506446288,-10.088488258061968,2.698441039303933,23.58244240652913,-4.587737376399417
-3.906834984884121,21.23860263284324,-9.892087635772953,2.444045994872431,23.57113058226768,-4.151564196201361
-3.336052142646859,20.998819207810275,-9.611677687367417,2.0869982164345298,23.552661384705363,-3.5398059532059274
-2.7648846307702035,20.75267627941378,-9.325280549139352,1.729643276278042,23.531078723002494,-2.927967445609719
-2.16165528451535,20.48585669097389,-9.016312376299362,1.3522080952068287,23.504821980373972,-2.282181721990806
-1.617293771374497,20.238912870524086,-8.731601411961641,1.0116323553300341,23.47806843369452,-1.6997930223652666
-1.0534127469975152,19.976829401567084,-8.430600409695122,0.6589160643519916,23.447211971190423,-1.096931900514881
-0.49380440661593744,19.71028563309201,-8.125575661991315,0.3089893505215304,23.413365619009937,-0.4990848873066619
0.06432811721123305,19.437918107467482,-7.814899413430739,-0.03985100049014673,23.376314567386785,0.09670374865016768
0.6155655568931934,19.162390215404642,-7.50154462593436,-0.38418080381717806,23.336491224656143,0.6846338204724393
1.1700109558835374,18.878579436818896,-7.179621312915378,-0.7302662208579411,23.29310063512877,1.2754450739341736
1.7189851263632925,18.59083014749143,-6.853997908661389,-1.0726464933980993,23.24677417185954,1.8598547988418055
2.267432691259892,18.29651571959407,-6.521633161103083,-1.4143655017060917,23.197080230247437,2.4430974214921393
2.810022522363937,17.998468417126887,-6.185654984590028,-1.752063059998926,23.14448833130335,3.019474245776201
3.353982364491486,17.69264991502041,-5.841442030301188,-2.090197743516179,23.088266074607493,3.596629734987333
3.8562044753438998,17.403918737692237,-5.516861303476529,-2.401978896164065,23.033178340963012,4.128861013272936
4.0643599667042505,17.280934911353892,-5.381883848488482,-2.5311320846610887,23.0124117485955,4.349405473099426
4.049127296137768,17.154607729593774,-5.527938417780164,-2.526795113178427,23.285186196574237,4.346275702615448
4.0201719065643235,16.907617633286897,-5.804666399224501,-2.5187751884901277,23.809646146019695,4.340489401421172
3.9908118757423843,16.6477286069765,-6.083916652602806,-2.510953313293494,24.34953141015721,4.334849611924485
3.9624372410334963,16.38720652369772,-6.352345973750156,-2.5037027928226183,24.879197652614746,4.3296277152362705
3.9463458372934497,16.235254925725762,-6.503877531113864,-2.499730616227646,25.183083479276956,4.326770528787315
3.9389121638155165,16.164008552050444,-6.5736984043657465,-2.497930581402524,25.324336073758303,4.3254768423998335
3.9238614193479284,16.017695135897227,-6.714694737523845,-2.4943550249651305,25.612019776642896,4.322909459151389
3.8965436656701513,15.744930523073627,-6.9692733540611975,-2.4881067551926743,26.14003719381405,4.318432358060802
3.8690072529593866,15.460321011086156,-7.223999859662394,-2.4821345658186953,26.68004674286905,4.314167953719021
3.8420050990952888,15.171501108100903,-7.4717662163670475,-2.47660922198429,27.217287435068126,4.310240515996985
3.8165597386865535,14.89022676834712,-7.703255067572341,-2.4717145751569536,27.73066174123569,4.306781046487502
3.804804019073159,14.757216176554856,-7.809504291524502,-2.4695589263248396,27.970202027194226,4.305265015646536
3.789669739530797,14.693591323588384,-7.860477227749757,-2.4623769136535856,28.08534072932562,4.293846066248421
3.4875390276688307,14.710975025214823,-7.872895214514683,-2.2663396338879442,28.09277785373372,3.953871282998393
2.953227628473428,14.738163153727985,-7.892301984665213,-1.9194682274199362,28.10436103811577,3.3525615243292965
2.3984527734410332,14.76160110106677,-7.909027576041448,-1.5591026301948554,28.114384585593214,2.7281456219475144
1.8412463782751864,14.780238254948623,-7.92232237575418,-1.196981236898194,28.122362989367996,2.1009269107406627
1.28621664405107,14.793924799660767,-7.932079422605111,-0.8361391912635314,28.128197241226925,1.4761064865776812
0.7308641677646408,14.802754660697966,-7.938375926141207,-0.4749935784014435,28.13198709145104,0.85088892628266
0.17528934278683672,14.806722779980847,-7.941205907876238,-0.11364968244450933,28.13369453450348,0.22540081804302387
-0.3799422272111229,14.80582731966499,-7.940566115550737,0.24748322182900795,28.13329540868724,-0.3997062498302065
-0.9368367321268921,14.800049104198509,-7.936449207518649,0.6096705965704755,28.130835630587146,-1.0266744744430805
-1.4924180174713588,14.789410287747822,-7.928862482529947,0.970933784627903,28.12626484806486,-1.6521388868327471
-2.0464736316907333,14.77394840461967,-7.917838326923671,1.3310977697408126,28.119665143146644,-2.275844812513077
-2.603135995229546,14.753526361107406,-7.903272151935666,1.6928064948151147,28.110949812601664,-2.9024291854606017
-3.1606088034196076,14.72815450931066,-7.88516339025663,2.0548475536852404,28.100095491366844,-3.5298536965797322
-3.638757876010627,14.702462546027279,-7.866820422311368,2.3651912231227743,28.08913943577798,-4.067932377679754
-3.7994229536108635,14.693187743622671,-7.855089215289261,2.469310853394303,28.079969536965304,-4.248466999823842
-3.803660098064356,14.701629172994734,-7.580172791094861,2.4655837492576436,27.796693231475746,-4.23941520975476
-3.8115960336638053,14.712906795580844,-7.063682692121241,2.4588816162319618,27.26907446433279,-4.222714039192553
-3.819779675226339,14.718459738122629,-6.5289536119250355,2.452339343436232,26.72894108531424,-4.2058237094658
-3.8280017100698185,14.717959297942645,-5.98960779902142,2.446130544859157,26.190240219992315,-4.189179166032848
-3.836144938426996,14.711586486537152,-5.453403351972268,2.440328635737592,25.66054715691017,-4.173001468417943
-3.8442981146604263,14.699472775597519,-4.91457444517048,2.4348541928056573,25.133966382526665,-4.157097224387219
-3.8525034534262783,14.68161392964747,-4.370359660446135,2.4296714267602764,24.60774156885032,-4.141374760614758
-3.860714520709531,14.658172008622534,-3.8238673092519484,2.4248023904528795,24.084818381512378,-4.125913888152809
-3.868900582631342,14.629372950656276,-3.277197002600189,2.4202539654490884,23.567070223083945,-4.110759870701177
-3.8770939569077574,14.595235460234953,-2.72824181632971,2.4159975291977323,23.052372146576445,-4.09584093614157
-3.8843302689117216,14.560755046386296,-2.2419498436250054,2.4124772260776397,22.600663396175037,-4.082863007358767
-3.8876083956302447,14.572318295345983,-2.137804691388518,2.412485734046728,22.48492274454849,-4.081053529062214
-3.9075370515088954,14.889141010716118,-2.522808445852881,2.4260206344091446,22.552221705717805,-4.105219622024412
-3.9393503927237186,15.388488144469843,-3.1264445479823952,2.447579915850259,22.655095320405422,-4.143658359442165
-3.9722465987148223,15.896763172327317,-3.736872573685174,2.469811899606187,22.75577545111085,-4.183228308187348
-4.006153887280608,16.412345166971452,-4.351935699088671,2.492662253744211,22.85372853835131,-4.223829161704612
-4.039870092935963,16.916915710201966,-4.949809199654051,2.5153186272296733,22.945502120910053,-4.264017871450758
-4.061229549804406,17.232497501720676,-5.3217018516414365,2.529638048465805,23.0008389952346,-4.289384512024274
-4.06462096642647,17.282320495406278,-5.3802710983911055,2.531909275595198,23.00943023669752,-4.29340560763773
-4.06462096642647,17.282320495406278,-5.3802710983911055,2.531909275595198,23.00943023669752,-4.29340560763773
-4.06462096642647,17.282320495406278,-5.3802710983911055,2.531909275595198,23.00943023669752,-4.29340560763773
-4.06462096642647,17.282320495406278,-5.3802710983911055,2.531909275595198,23.00943023669752,-4.29340560763773
-4.06462096642647,17.282320495406278,-5.3802710983911055,2.531909275595198,23.00943023669752,-4.29340560763773
-4.06462096642647,17.282320495406278,-5.3802710983911055,2.531909275595198,23.00943023669752,-4.29340560763773
-4.064616101518227,17.282311259920032,-5.380247581713743,2.5319062407014252,23.00937412130552,-4.293400464657584
-3.977654602032536,17.117224542487065,-4.959880860615644,2.4776567255831505,22.006296901977255,-4.201468357605927
-3.890672680528884,16.952099056128443,-4.539415420696237,2.4233944705215835,21.002984120232167,-4.109514661240007
-3.80354462329642,16.78669614737126,-4.118243569347406,2.3690410510656985,19.99798570264398,-4.017406476214796
-3.691431293810336,16.573861483125572,-3.5762943965964187,2.299100976447779,18.704788972416956,-3.8988848928797695
-3.542696273627952,16.291504619519785,-2.8573181471492024,2.206315056543894,16.98917101109342,-3.7416483700667404
-3.3939884552733157,16.009199395553114,-2.1384733897209327,2.1135461060572145,15.273866815446631,-3.5844406039029786
-3.2443394280805133,15.725107391477655,-1.4150788846973656,2.020189997766248,13.547706032117034,-3.4262378306133034
-3.095785217043308,15.443093773888043,-0.6969766559139221,1.9275168727027567,11.834173655053739,-3.2691924517638538
-2.946585400141723,15.159854545498984,0.02424639325481723,1.8344409969357098,10.113194390125658,-3.1114645650484123
-2.797625785633039,14.877071314589248,0.7443083183295546,1.7415149675193138,8.394985794399137,-2.953990610385992
-2.648778609108805,14.594501534665032,1.4638267248687367,1.648659080708248,6.678074140209457,-2.796635520518732
-2.499489128528846,14.311092089772998,2.1854832029307523,1.5555272697157931,4.9560606291643,-2.6388128450642783
-2.3507279647603996,14.028685595482015,2.9045858289194952,1.4627250405615415,3.2401411086937095,-2.481548684331401
-2.2014113257869163,13.745224593405892,3.626373589042005,1.3695762872476134,1.5178143329737348,-2.323697298144547
-2.0522675936767847,13.46209183574438,4.347325527661526,1.2765353990642652,-0.2025180091552912,-2.16602870195517
-1.9036997760264576,13.18005238751582,5.06549353000427,1.1838537857367877,-1.9162073347962354,-2.008968938756076
-1.75463015561634,12.897060322659184,5.786087217069778,1.0908591309304412,-3.6356848186441915,-1.851378690396253
-1.605445110794591,12.613849137417771,6.507238858882376,0.997792470484808,-5.356493691653402,-1.6936664201137495
-1.4565028299722431,12.331098812580207,7.227216993947365,0.9048772544063204,-7.074502348027524,-1.5362107899089028
-1.307459323223216,12.048156321599537,7.947684449126884,0.8118988901821339,-8.793678617904837,-1.3786481478334824
-1.1585978887286528,11.76555947450729,8.6672717778474,0.7190341087684967,-10.510754733900201,-1.2212779850286306
-1.0095835401846236,11.482672337129973,9.387598283996596,0.6260739344156006,-12.229594671821841,-1.063746167803738
-0.8604947351724217,11.199643852443847,10.108284708288592,0.5330673116077022,-13.949293444831397,-0.9061356382746282
-0.7112042695884511,10.91623253763145,10.829945947801471,0.4399348861365374,-15.671318317629641,-0.7483119215145987
-0.5624248768569717,10.633791437685236,11.549136691514315,0.3471212851405915,-17.387448104225573,-0.5910284898745856
-0.4135700713597998,10.351207175005925,12.26869197605535,0.25426063911901053,-19.104447756540928,-0.4336653349720974
-0.286063198352382,10.109149583549598,12.885052623475183,0.17471755308887604,-20.575204820045432,-0.298870332948603
-0.19920355620014824,9.944256230915148,13.304926972275904,0.12053158000913565,-21.577107142765232,-0.20704590526469902
-0.11231317766013045,9.779304528673169,13.724949898948758,0.06632643253447756,-22.579364001349454,-0.1151889843405811
-0.02544264961341296,9.614390510380957,14.144876869516553,0.01213366846676126,-23.581391889898192,-0.023353048538452874
-0.004177788253871915,9.574021540442814,14.247669945730546,-0.001132068953075306,-23.826676275840036,-0.0008727150287297865
-0.004177788253871915,9.574021540442814,14.247669945730546,-0.001132068953075306,-23.826676275840036,-0.0008727150287297865
-0.004177788253871915,9.574021540442814,14.247669945730546,-0.001132068953075306,-23.826676275840036,-0.0008727150287297865
-0.004177788253871915,9.574021540442814,14.247669945730546,-0.001132068953075306,-23.826676275840036,-0.0008727150287297865
-0.004177788253871915,9.574021540442814,14.247669945730546,-0.001132068953075306,-23.826676275840036,-0.0008727150287297865
-0.004177788253871915,9.574021540442814,14.247669945730546,-0.001132068953075306,-23.826676275840036,-0.0008727150287297865
-0.004177788253871915,9.574021540442814,14.247669945730546,-0.001132068953075306,-23.826676275840036,-0.0008727150287297865
-0.004177788253871915,9.574021540442814,14.247669945730546,-0.001132068953075306,-23.826676275840036,-0.0008727150287297865
-0.004177788253871915,9.574021540442814,14.247669945730546,-0.001132068953075306,-23.826676275840036,-0.0008727150287297865
-0.004177788253871915,9.574021540442814,14.247669945730546,-0.001132068953075306,-23.826676275840036,-0.0008727150287297865
-0.004177788253871915,9.574021540442814,14.247669945730546,-0.001132068953075306,-23.826676275840036,-0.0008727150287297865
-0.004177788253871915,9.574021540442814,14.247669945730546,-0.001132068953075306,-23.826676275840036,-0.0008727150287297865
-0.004177788253871915,9.574021540442814,14.247669945730546,-0.001132068953075306,-23.826676275840036,-0.0008727150287297865
-0.004498095444487085,9.571543194875247,14.2510373002948,-0.002894377540713122,-23.82484012891608,0.002901284775549566
-0.004498095444487085,9.571543194875247,14.2510373002948,-0.002894377540713122,-23.82484012891608,0.002901284775549566
-0.004498095444487085,9.571543194875247,14.2510373002948,-0.002894377540713122,-23.82484012891608,0.002901284775549566
-0.004498095444487085,9.571543194875247,14.2510373002948,-0.002894377540713122,-23.82484012891608,0.002901284775549566
-0.004498095444487085,9.571543194875247,14.2510373002948,-0.002894377540713122,-23.82484012891608,0.002901284775549566
-0.004498095444487085,9.571543194875247,14.2510373002948,-0.002894377540713122,-23.82484012891608,0.002901284775549566
-0.004498095444487085,9.571543194875247,14.2510373002948,-0.002894377540713122,-23.82484012891608,0.002901284775549566
-0.004498095444487085,9.571543194875247,14.2510373002948,-0.002894377540713122,-23.82484012891608,0.002901284775549566
-0.004498095444487085,9.571543194875247,14.2510373002948,-0.002894377540713122,-23.82484012891608,0.002901284775549566
-0.004498095444487085,9.571543194875247,14.2510373002948,-0.002894377540713122,-23.82484012891608,0.002901284775549566
-0.004498095444487085,9.571543194875247,14.2510373002948,-0.002894377540713122,-23.82484012891608,0.002901284775549566
-0.004498095444487085,9.571543194875247,14.2510373002948,-0.002894377540713122,-23.82484012891608,0.002901284775549566
-0.004498095444487085,9.571543194875247,14.2510373002948,-0.002894377540713122,-23.82484012891608,0.002901284775549566
-0.004498095444487085,9.571543194875247,14.2510373002948,-0.002894377540713122,-23.82484012891608,0.002901284775549566
-0.004498095444487085,9.571543194875247,14.2510373002948,-0.002894377540713122,-23.82484012891608,0.002901284775549566
-0.004498095444487085,9.571543194875247,14.2510373002948,-0.002894377540713122,-23.82484012891608,0.002901284775549566
-0.004498095444487085,9.571543194875247,14.2510373002948,-0.002894377540713122,-23.82484012891608,0.002901284775549566
-0.004496916983661303,9.571545655013884,14.251031342755223,-0.0028943729857637797,-23.824825116795697,0.0029024717232831927
0.013766544689261136,9.609588486605798,14.158811015426442,-0.002886069675216622,-23.592332323230984,0.021272206450931783
0.05455241861578966,9.693943264008254,13.953639197254773,-0.0033145223394720653,-23.074278747901374,0.062117485445130134
0.09742654360848402,9.781729247786389,13.739096853982222,-0.0044211837275975035,-22.531368184071823,0.10480127889680282
0.14054275955221215,9.869104101294392,13.52449314887073,-0.006201287675082646,-21.98706376959703,0.1474798724676544
0.1838252713463867,9.955911961420643,13.310199526882576,-0.00865037509185112,-21.44229462960832,0.19008971565850308
0.22720295703556093,10.042012253731363,13.09655690355133,-0.011760120346886255,-20.89792055459739,0.23257330244729565
0.27072321034300123,10.127501568842602,12.883320173964544,-0.015529504907990016,-20.353310918554488,0.2749895376499603
0.3144124336155728,10.212431732296148,12.670351542439008,-0.01995846560305855,-19.808104196993312,0.3173759360093253
0.35794708651778895,10.296182492325247,12.459209130611919,-0.02500575766090101,-19.26629248407646,0.35943207454586196
0.40195356742719635,10.37995815052328,12.24684749729706,-0.03074257269876623,-18.720050486360837,0.4017745188869272
0.44615649870923657,10.463222947648507,12.034601156215087,-0.03713951279135094,-18.172784532751873,0.44414769163808016
0.4907311560693466,10.546298424708686,11.821630484943075,-0.044226523525919936,-17.622307468346854,0.48672975804481344
0.5354162317279271,10.628691185001701,11.609183234064519,-0.051965219357902936,-17.07182548934628,0.5292817072664846
0.5800090340448667,10.71003490808473,11.39820606752071,-0.060314009761196295,-16.523793854295665,0.5716231813763044
0.6249185206855906,10.791076530643998,11.18675482801229,-0.06934779225785341,-15.973154895819617,0.6141541356851168
0.6697122005761887,10.871036861030376,10.97685630339302,-0.07897787784281993,-15.425179697125886,0.6564765236431509
0.7149557057714873,10.950922926241741,10.765854981468728,-0.08932716691665368,-14.872922507516053,0.6991359241428392
0.7598841449817989,11.02938698817287,10.557306895598558,-0.10021829405009304,-14.325686489194966,0.7414226837943713
0.8051861992670728,11.10763658967582,10.34800194159611,-0.11181458960260807,-13.775047468304514,0.783996702938274
0.850558450697,11.185141032133501,10.13934155520279,-0.12404307044659141,-13.224672982805332,0.8265836108727982
0.8959160508840602,11.261759864247296,9.931703141799014,-0.1368778861348164,-12.67555755927716,0.8691152441075999
0.9414455009859153,11.337809392385502,9.724223802390041,-0.15037130923151834,-12.125413021984498,0.9117777305742497
0.9869723606408888,11.412998951021464,9.517690044054195,-0.16447173063498804,-11.576317865881498,0.9544187701490927
1.0325006202713443,11.487340414008848,9.312070448724002,-0.17917741938289297,-11.028189554787636,0.9970532831618639
1.0784242915714124,11.561471117980314,9.10558450058288,-0.1946209244565421,-10.476263229412325,1.0400613510986578
1.1241796881207766,11.634479611032287,8.900760879552994,-0.21061497023627535,-9.927287319676573,1.0829261897220053
1.1700241123333353,11.70678332055256,8.696433063801223,-0.22724597881198347,-9.37813957170815,1.125899818961891
1.2159713945262014,11.778403163706653,8.492533025510687,-0.24452119036731598,-8.8286278466846,1.1690063172664507
1.262019635686651,11.849334781222408,8.289063372526737,-0.2624426802401316,-8.278749018675203,1.2122550798374434
1.3080777084240873,11.919438789347108,8.086418523735496,-0.28097625671338755,-7.7295632587045855,1.2555715770066822
1.3541677932148177,11.988751630641447,7.884490989022602,-0.30013109056747683,-7.180776733151703,1.2989875913605746
1.4003787195172006,12.057406350646952,7.682885058622517,-0.3199468784107606,-6.6313056478423436,1.3425979913049062
1.4467705065297594,12.125487357329456,7.481336642190797,-0.34045542647552246,-6.080414046467758,1.3864711163023824
1.4929991393827735,12.192492638564422,7.2813304913967585,-0.3615053798117618,-5.532158349458071,1.430292525569837
1.5395518012519698,12.259127033765548,7.080753167372725,-0.3833225561167632,-4.98073559585577,1.4745355275902372
1.5860597241857228,12.324858123763564,6.881191174428918,-0.40574073961264834,-4.430491559491191,1.5188616477645682
1.6326233006207542,12.389830270829437,6.682204474732094,-0.4288099414517401,-3.8802107396917918,1.5633776306227218
1.679073222976757,12.45381138589046,6.48450582801039,-0.4524468297191489,-3.331865448793788,1.6079323473933351
1.725696252388963,12.51719729150903,6.286867243872408,-0.47680057411339727,-2.7820445364071236,1.6528122139432786
1.7722708625729113,12.579685752211862,6.090222194051444,-0.501760339416926,-2.2333361002121133,1.69781573339614
1.8190645641086196,12.641633240051581,5.893436932227363,-0.5274756704964426,-1.6825650862610106,1.7432135867463405
1.8656943998993112,12.702533271441812,5.698114979485958,-0.5537402702994801,-1.1342139691677149,1.7886458470000457
1.9123871401632504,12.762686469252312,5.50329586403094,-0.5806831950976389,-0.5855888944812474,1.8343442131203813
1.9592759126947548,12.822259115277696,5.308422551459606,-0.6083903282956683,-0.03510416979251991,1.8804522188843027
2.006032314563091,12.880833801230331,5.114853739669461,-0.6366729785347031,0.5134087334007823,1.9266589868801829
2.0531578997312327,12.939033904216211,4.9205111872312415,-0.665843971251492,1.0658554237870952,1.9734738046703
2.0999437091979143,12.995984318234642,4.728311958695513,-0.6954698239732786,1.6139488942366778,2.020204520326588
2.1469120718395347,13.052326062218194,4.5360994621988935,-0.7258831066665795,2.163834184214496,2.067383673639699
2.1939996394427386,13.107976134423943,4.344133023118422,-0.7570547429014554,2.7147902690039394,2.114962475310616
2.2407299835744747,13.16237857802426,4.154342691474744,-0.7886699982071365,3.2612684621841193,2.1624697298363325
2.287867469968105,13.2164225622845,3.963618678419785,-0.8212533520658837,3.8122303264613002,2.2106956034600866
2.3350389355253536,13.269669124437891,3.7734745001763574,-0.8545632041779935,4.363333482406607,2.2592754591718487
2.3819295712567587,13.321769851817193,3.5851673162185174,-0.8883787263677337,4.910924765426899,2.3078955640194043
2.428994774392466,13.373233830166242,3.3968598748671095,-0.9230333060712642,5.4603456362955365,2.357040196842826
2.476262675306443,13.42408199200253,3.2084421264428813,-0.9585640447643701,6.011944436185699,2.4067563998458708
2.523333203031382,13.473883766025509,3.021503275784559,-0.9946786088913293,6.561074595988519,2.456637216335831
2.570509788870487,13.522962609137464,2.834830592355861,-1.0316162224653587,7.111298443863377,2.5070170871139426
2.617511480927085,13.57102776697374,2.6495289582213237,-1.0691643516043574,7.659361116314758,2.5576093676076894
2.6647553012538894,13.618503626333721,2.463950442644391,-1.1076671809064755,8.210146569729263,2.6088783386634185
2.711756130817703,13.664902175952822,2.2799956175989724,-1.1467392579308266,8.758020285894787,2.6603123476198363
2.7589737731103,13.710677522436667,2.095859311725193,-1.1867724801156403,9.308363216467615,2.712429337516005
2.8060515675392907,13.755481033200756,1.9129293627122574,-1.2274772851129654,9.857039000953757,2.7648522448018142
2.853287348632451,13.799594976616206,1.730044113926868,-1.2691228712105402,10.407539526392886,2.817928791826173
2.9003902936877513,13.84274603865835,1.5483256854840148,-1.31146537900382,10.95649592929204,2.8713488253472708
2.9478687481674744,13.885392455296879,1.3658135107800127,-1.3549804589355952,11.5098532812686,2.9257094148497695
2.9947945893374612,13.926704052821835,1.1860676147444473,-1.3988256900825828,12.056814343610894,2.9799620131040414
3.0418691153802997,13.967307822618675,1.0063893632252738,-1.4436588083068889,12.605572670611767,3.0349279410752716
3.089174931058036,14.007263504513285,0.82646721317428,-1.4895827074119985,13.157111861544495,3.090728084371907
3.1366745708812256,14.046526376350858,0.646448520137017,-1.5365876301037096,13.711016239692396,3.147344545595713
3.1843701240644178,14.08508604434528,0.4663294322263739,-1.584702099801113,14.267331529703311,3.204806336817872
3.232002543007223,14.122727684658159,0.2870872802715609,-1.6336848502829429,14.823056726322916,3.2628238451456855
3.2795707502430633,14.159452064649745,0.10872004890729077,-1.6835478588283908,15.378198441598267,3.3214136343203355
3.327035668905759,14.19523164373794,-0.06863244505453832,-1.7342625638217877,15.932319268393071,3.3805450032292357
3.3744940119538565,14.230140210136826,-0.24533692844977534,-1.7859470983352017,16.486566962276175,3.4403575821421546
3.422061799526459,14.26425813265194,-0.4218264800658706,-1.8387498258327006,17.04231638807408,3.5010219473094693
3.4696285552954453,14.297500920164753,-0.5976920697437825,-1.8925711627648765,17.59829672758245,3.562422467012786
3.5170586391479137,14.329775200425333,-0.772437750850228,-1.9472735418552514,18.152940437305496,3.6244042640545038
3.5644744222491944,14.36116589089026,-0.9465199986884003,-2.0030142967621805,18.707696030114707,3.687147744294266
3.611862575844559,14.39166274267471,-1.1198932769958039,-2.0597982588182098,19.26242577216715,3.7506590157050197
3.6593493347081405,14.421342387004827,-1.2930205765031597,-2.117801887287105,19.81862654227965,3.815134670362908
3.706733824566323,14.450076596262436,-1.465171980348451,-2.1768033814191283,20.373963853206227,3.8803282795425313
3.754023032500522,14.477872150873031,-1.6363788100757268,-2.236829070451879,20.92853567298187,3.946271344211378
3.801234530504243,14.504741367598456,-1.80671014819308,-2.297920212309859,21.482564015828192,4.013011325340192
3.8475794384082165,14.530258529145682,-1.9733394435826817,-2.3590468214409785,22.026797571871715,4.079433917562001
3.8739460132420285,14.544394864617473,-2.0678844947905355,-2.3943444492445756,22.336595373003764,4.117635231924645
3.8853399842793666,14.55041806658264,-2.1086840747051756,-2.40971643508488,22.470510059251435,4.134237620940805
3.8766782961829405,14.467748667837187,-2.210245804899706,-2.4081333085572187,22.662191759881853,4.133690512469543
3.8509434934567994,14.236935679954126,-2.4766505337520077,-2.400965388027313,23.16002768569023,4.129037839623786
3.823699407701019,13.983628716806498,-2.757112344431388,-2.393652143079664,23.694445964791246,4.1243031981837515
3.7968254252503986,13.724434519818685,-3.032019522371077,-2.386725975653848,24.229182918582556,4.119834796097197
3.773916544228695,13.495931488924727,-3.2648654763816682,-2.3810557574740745,24.691069622059185,4.116191624148533
3.764409965639101,13.399017488820158,-3.3610562069456553,-2.3787678373257832,24.88439637013982,4.114726299542585
3.7576530757188786,13.329377158496861,-3.4292628703024524,-2.377165320651186,25.02240076059755,4.1137017852965165
3.7357032947359023,13.098735481526862,-3.649864236987165,-2.3720976815781056,25.47415276585715,4.110473325135907
3.7100474488113,12.820398328564066,-3.905720557572368,-2.3664494818648345,26.008936525006312,4.1068995787855656
3.6848089745123835,12.537101211293102,-4.155150541316785,-2.361193156875028,26.54223935804744,4.103603789043614
3.6607952636155763,12.258539707159839,-4.39022333588783,-2.356478779293407,27.056416790712774,4.1006799669438125
3.648921197567983,12.117469019497332,-4.505596420721122,-2.3542542884267235,27.31312741746711,4.09931357478282
3.643241409196367,12.049729441059744,-4.563632307427181,-2.353269587157401,27.439027991139344,4.098795964231818
3.6557200698833086,12.26906921197326,-4.841383602319863,-2.362565121972646,27.496880936151186,4.1154375363810605
3.682170014312145,12.729285741795314,-5.421697330641035,-2.382227351464252,27.615789213917505,4.150607207915769
3.710628019997812,13.217491032339773,-6.033646015313616,-2.4033203570067,27.738245938399416,4.188290781625606
3.739713234857417,13.70923484350734,-6.646202035712861,-2.424811561101845,27.857735133613133,4.226639604762625
3.7695219384623004,14.205868841578539,-7.260928871818504,-2.4467671217149842,27.974463707706914,4.265771055341023
3.7999159431380467,14.704837740884576,-7.874556214137157,-2.4690803316400545,28.087722445116118,4.305494453387177
3.8309115888664094,15.206209731027089,-8.487089782549141,-2.49175863666297,28.197447653601902,4.345822908353614
3.8625564897794424,15.710539547929425,-9.099121379925183,-2.5148320344909796,28.30367369069357,4.386809540188018
3.894994300504457,16.21984099471924,-9.712976584399273,-2.538399631419752,28.406705037592587,4.428629838812774
3.928158554262119,16.732776318248014,-10.326915217121938,-2.562407117323859,28.50614175025604,4.471186789809274
3.961966617055446,17.24783457456198,-10.939036009297256,-2.5867891799906264,28.60159682950431,4.514364337492184
3.996474203744368,17.76564942026715,-11.550010130764303,-2.6115805718221323,28.693104567747405,4.558223844740425
4.030960664269533,18.275422894760023,-12.147145910041845,-2.6362608875582865,28.778805482867458,4.601845679487914
4.055797903774468,18.637914154131142,-12.569123352505786,-2.6539764427139323,28.837088433939677,4.633133100088304
4.039508389374026,18.71171208248661,-12.65411317769923,-2.6436291516101327,28.849018463167965,4.615250851446414
3.682935897354681,18.732510643395848,-12.667870719814486,-2.410633994388929,28.857647865780596,4.210455107092974
3.1227617101884078,18.761281205403066,-12.686885475932925,-2.0443809289190185,28.86954054762689,3.574452820394026
2.5489385389446406,18.785821450453472,-12.703099482986952,-1.6689695378889977,28.87972492246209,2.9228818000712047
1.9740190674561355,18.805414046348595,-12.716035680474741,-1.2926448155711712,28.88783576346429,2.2700043488947577
1.4027998654332032,18.819940169332757,-12.725626828230949,-0.9185923476990885,28.89388044373449,1.6212827784267434
0.8311933314808458,18.829552400516317,-12.731968812069091,-0.5441799072960327,28.897854891067848,0.9720878253827825
0.25758086921058,18.834253369671288,-12.735073217618163,-0.16838973864048656,28.899824363783715,0.3205951229591933
-0.3164954823096377,18.833999144904542,-12.734904059595157,0.20772319807821532,28.899703847464092,-0.331430502949971
-0.8902151178076888,18.828790092756304,-12.731469151131833,0.5835794244297466,28.897556863754804,-0.9830437169481347
-1.4620031305321997,18.818665909329777,-12.724786047781597,0.9581008678072566,28.893337760101687,-1.6324414256590365
-2.0361208931588255,18.803542947671396,-12.714805400268522,1.3340386102068942,28.88707919521916,-2.2844510703455776
-2.609061540955912,18.783489217650068,-12.701561356163827,1.7090477716443897,28.8787482465437,-2.935074538743924
-3.181510371855597,18.758494429171105,-12.685051022743869,2.0835392916841053,28.868409956137985,-3.585078930407333
-3.7313618451675876,18.729806798784985,-12.666086895934804,2.4430171166798615,28.85652058967542,-4.209352239535422
-4.037479194791301,18.711845190676698,-12.654211502931034,2.643040644898672,28.849114153096824,-4.556869300077474
-4.063013576462725,18.7163112872814,-12.537592626591259,2.656618979850362,28.726963710220783,-4.57941918443604
-4.071178251310416,18.736549329878216,-12.078137072063377,2.6498780386750385,28.247408580439558,-4.563376542658935
-4.0805058365256714,18.753601901455465,-11.551467899194503,2.642580914244819,27.70383892371178,-4.545426262022892
-4.089934091114557,18.76441479893159,-11.017256887111968,2.635626906771515,27.158962431421966,-4.527673807253053
-4.09940211255781,18.768931768920023,-10.478977799495206,2.629054415752474,26.616308331169936,-4.510225072748165
-4.108953978876255,18.767206208924044,-9.934152667004613,2.6228254465724072,26.0733460940561,-4.49298918358721
-4.1184733136299,18.75936167561602,-9.389466444199781,2.6170044505247017,25.53663568066869,-4.476162805765405
-4.127928122972402,18.74566473941671,-8.846834099117936,2.611591391131434,25.007825399209963,-4.459781847953568
-4.1374146402768,18.726149613717237,-8.300796989748587,2.606516272641473,24.48142394958743,-4.443663288098603
-4.146849990592172,18.701142001875876,-7.756183334582333,2.6018101589220453,23.961933049879395,-4.427933217152178
-4.1559340883803335,18.671915150792046,-7.23045780720938,2.597590403114119,23.465540978027505,-4.413060674501497
-4.160248061637938,18.656300243806783,-6.980331074373618,2.595690490102547,23.231078374593086,-4.406087948073908
-4.1760137124670695,18.877095181577147,-7.234130197571992,2.6061459490055383,23.263348113573223,-4.424504891591543
-4.211478465831269,19.36859396661928,-7.797283127117349,2.6296351674748792,23.333341248644416,-4.465851446391273
-4.250222645932313,19.89704811828459,-8.398448734227516,2.6552165845263858,23.40422579816392,-4.510811996811895
-4.290067811961962,20.431559334667515,-9.001926509070701,2.681438633090866,23.471300182111584,-4.556826100981108
-4.33055546859782,20.965683260867362,-9.60035474102392,2.707994625104113,23.533667982866167,-4.603353534819871
-4.360438659294654,21.354258341255445,-10.032806955596175,2.727538131911674,23.576106912882857,-4.637549135832834
-4.346565158576711,21.413473470985764,-10.097958852809553,2.7190074560203468,23.582684271871393,-4.6230304692287
-4.009141620168912,21.175979748928743,-9.825275898366865,2.5077914001301953,23.56263321891041,-4.260687909120506
-3.4904686320086435,20.804551111350214,-9.398542278651892,2.1830851518026466,23.528180041886948,-3.7040277371590995
-2.967658523296242,20.42217650739873,-8.958824413017682,1.8557879577917031,23.488925784879434,-3.143358532989098
-2.444124906989226,20.03102418783107,-8.508506925772354,1.5280855947106295,23.444929894894226,-2.5824039816429574
-1.924220569320223,19.634191013812863,-8.051051205755185,1.2027516235844327,23.39645735937493,-2.025883353481577
-1.4149206406219719,19.237117056994887,-7.5926429985367445,0.884195056634567,23.344212590406723,-1.4813006583896624
-0.9103521005676396,18.835370204809713,-7.128084099212359,0.5687835181375634,23.28766428978255,-0.9424103624882731
-0.4047549313225849,18.424221247738114,-6.6517981041498455,0.25296210083446885,23.226071920269007,-0.40311664667728975
0.09755806219074731,18.00699051580338,-6.167516008775182,-0.06052852804891808,23.1598388863258,0.1319192634991332
0.5235249546326073,17.646149990318893,-5.747864612630615,-0.3261166122179771,23.09961095466437,0.5849936810405846
0.720698850339882,17.476892874514327,-5.550748764832004,-0.44896814278476443,23.070456042318813,0.7945080543500036
1.159315213172707,17.095206617353835,-5.105567857005414,-0.7220277708250229,23.002569225690788,1.260056004380065
1.6530918307927658,16.65679565047846,-4.593043231355005,-1.0290374242671623,22.921104225380073,1.7832691422984577
2.1458416796203026,16.209811170167868,-4.069127304891315,-1.3349349964448292,22.834241073554654,2.304365662655015
2.6261213028040307,15.764743817646204,-3.5460307056588327,-1.632593873594807,22.744071720851647,2.8112193688024205
3.094448422681459,15.321547348787877,-3.023662832964779,-1.9223265285709668,22.650732307490912,3.3043806652488663
3.5524120626477593,14.87910185504088,-2.5006664900556905,-2.205109141406786,22.554111080848745,3.785525196084186
3.853791808278475,14.582918383516793,-2.149693976273325,-2.3908996847056536,22.487574582728314,4.101538274829051
3.881943284483781,14.513965769045269,-2.155601527011356,-2.409636134793291,22.561218731351087,4.134673241341629
3.858917577191402,14.309305788071603,-2.394271680732412,-2.4031659545372124,23.00510303334031,4.130471157011612
3.831721872201492,14.059179463901595,-2.674722796117928,-2.395781731209724,23.536330332691044,4.125686393639265
3.804713944209566,13.801483000687885,-2.9515322920768874,-2.388734864937137,24.071476560186078,4.121134977664054
3.7790016767513053,13.547250777818942,-3.213322670744798,-2.382301466931934,24.5881038866915,4.116996645456353
3.765993092567867,13.415230138005036,-3.3450722066929517,-2.379152220536484,24.852178184767627,4.114978254712368
3.759478961406746,13.348245550346753,-3.4108610437040854,-2.377602481380031,24.985103433684227,4.113987091583424
3.743046340381356,13.176639955599626,-3.5762483195332933,-2.373775303378039,25.32247790061929,4.1115460131711
3.717434151218721,12.90150807104317,-3.832299126324625,-2.3680507214124673,25.85425130933391,4.107915671754617
3.6921204652701873,12.620146678335939,-4.083145597786562,-2.362690643293846,26.387038068676983,4.104545277432425
3.6672221684781987,12.33395950144715,-4.327545422006825,-2.357718518400817,26.918189571098743,4.101451388716697
3.650492226407716,12.136253363526613,-4.490375730553205,-2.354550489022953,27.279102542866024,4.0995009568843725
3.643752773689031,12.05535639990185,-4.555638663026565,-2.353314552107862,27.425413476643563,4.0987453220174945
3.4816314847979215,12.057432502628208,-4.568538879822978,-2.249022335742667,27.44269450202031,3.918278895157773
3.0016482146298267,12.082799619334885,-4.587554554138697,-1.9392921149169127,27.453744236163445,3.3821220636413045
2.4569223597367436,12.107019715514967,-4.6057028099552655,-1.5875847515406971,27.464306540940353,2.773562893334459
1.9141924924621352,12.126329600721807,-4.620162557775072,-1.236991402684997,27.47270310988846,2.167159219034608
1.3707282262167437,12.140854244577055,-4.631038851685457,-0.8857892891768193,27.479047883523318,1.559880643741972
0.8275395452651189,12.150565407497973,-4.63830960617758,-0.534668133400292,27.48329445437436,0.9528695419072484
0.284006568209637,12.155478399031297,-4.641988216211752,-0.18326568159340734,27.485447886030666,0.34544921390653066
-0.2577851634767279,12.15559365670327,-4.64207213718832,0.1670305765625281,27.48547568415397,-0.2600346447191054
-0.8012081567592941,12.150915622098896,-4.638572401514892,0.518363807948372,27.483443413120437,-0.8673328283354126
-1.3445401997438524,12.141435240488827,-4.631477416435463,0.8695817461478584,27.479315717515057,-1.4745058965440407
-1.8875180208984528,12.12715830164746,-4.620785906791245,1.220474107047953,27.47306587118278,-2.0812439631553388
-2.430407169507109,12.108078842788546,-4.6064981756544485,1.571177526962101,27.46475660094783,-2.6878270447188304
-2.974317288234191,12.084135871541305,-4.588560939227413,1.9223685831529835,27.45433318594046,-3.295479291480841
-3.4573522327451816,12.05881314286375,-4.569580817486722,2.2340782350974213,27.443311766932506,-3.8350491728778344
-3.6433198640703925,12.048234386873817,-4.560988405932509,2.3540189237601203,27.437900850355742,-4.0427288404476105
-3.6502621930798793,12.112383490351716,-4.384790314781735,2.3533904444821863,27.19747376313193,-4.039358490124252
-3.6653290409581203,12.246719669594968,-4.001284785787668,2.3522556479709666,26.679455934455742,-4.03223666471813
-3.6811844117483377,12.381018099964857,-3.596154305889612,2.351390209060623,26.139837789006894,-4.02501668007141
-3.6972025035151654,12.509528730814163,-3.1853456719070086,2.3508456951863055,25.600323460727896,-4.017995552232437
-3.7133312003866914,12.631844940242221,-2.7702538194607036,2.350620051512031,25.06271521255542,-4.011190372083176
-3.729643208038638,12.748518922610227,-2.349063766884342,2.35070914419412,24.524645029892678,-4.0045652459832795
-3.746165741459456,12.859686616957143,-1.9211177037246772,2.3511128886143995,23.98531885127858,-3.9981061765944435
-3.762815083582899,12.964766048796323,-1.488636898334129,2.3518274043117304,23.44754104801912,-3.9918415887505367
-3.7797138834433994,13.064493372410082,-1.0484856171825554,2.35285714739436,22.90743817194977,-3.985721759221798
-3.7953511016741994,13.150729452034737,-0.6402035323668862,2.354073864547163,22.412709523934193,-3.9802629734790296
-3.80194801793529,13.185405245107788,-0.4676922001451798,2.354661153477534,22.205432779704516,-3.978016719027593
-3.8072280842089525,13.26155779961028,-0.5284643498436911,2.357665929391631,22.189853691309565,-3.9828916670747843
-3.8306238512346713,13.648649516237828,-1.0064869291878884,2.3736613108783655,22.279765268554662,-4.0115823652968645
-3.860820643085346,14.141428928370772,-1.6116873466299608,2.3942599985759845,22.390863523998117,-4.048470426734191
-3.8803272527364716,14.455762722598514,-1.9957729117721221,2.407538537931406,22.45975653862995,-4.072215079215677
-3.8860114893429696,14.548637530698945,-2.1143121253879307,2.41150394853107,22.485164980608694,-4.079383880309174
-3.871222117728831,14.418601898964951,-2.267881016466028,2.4073056711600493,22.76912628086068,-4.076658960767377
-3.844369619527883,14.17569848673545,-2.5455719240645682,2.3998914140721452,23.2903645927058,-4.071855136939142
-3.8171892963470326,13.92064049574934,-2.8250193070086107,2.3926691854922604,23.82551674933411,-4.067189371926139
-3.790626614630376,13.662143821422978,-3.096362112430672,2.385896332009481,24.355983279768598,-4.062830439005756
-3.7696020301199704,13.450865663996462,-3.3097884289716206,2.380742759274685,24.781180469609083,-4.059527619849031
-3.761475899085403,13.367587962010065,-3.3919398627690502,2.3788012610841207,24.94679917779664,-4.058287143747057
-3.752934193793914,13.27906445481406,-3.4780799968171667,2.3767913050965714,25.121661561011212,-4.057005412804875
-3.7295278852365032,13.03121552380573,-3.7129566408925303,2.371448788199692,25.604928945215175,-4.053612654687964
-3.7040345741725513,12.752264859671607,-3.9667035366703205,2.3659133081338797,26.13821189531525,-4.050123758773709
-3.678777351813003,12.466351876753821,-4.215795811029753,2.3607314946096483,26.673792154759372,-4.0468893279351095
-3.656320021265892,12.203850473087511,-4.435242928840043,2.3564197243012335,27.156239113581098,-4.044205879720423
-3.646660221622883,12.088523287310363,-4.528978756671495,2.354629047351547,27.36551896730454,-4.043110897917808
-3.6443779350689613,12.067069525662513,-4.585626384793374,2.354821500166311,27.443647395501443,-4.044178653267044
-3.661612846863173,12.36947418813305,-4.968282527248402,2.3676557131776765,27.523126906453946,-4.067151965949704
-3.6892578279788166,12.848905519989778,-5.571994073338768,2.3881928780527906,27.646162912815008,-4.10387641648388
-3.7178752628270817,13.338090497265096,-6.1842392115807225,2.4093885193598528,27.76792738977101,-4.141732198568224
-3.747230662547761,13.832603808481396,-6.799283536890596,2.431062840766668,27.887121194426395,-4.180396571421179
-3.7770779888215977,14.328070561476563,-7.41159028847649,2.4530295944387652,28.002593187616466,-4.219536914855806
-3.8075484116940976,14.826488966892665,-8.023561430437312,2.4753810823381017,28.114740676507626,-4.259317657563534
-3.8387025326831825,15.328608096342371,-8.63601556371656,2.498156762359625,28.223629873185434,-4.299808622335454
-3.870624520258986,15.835498545947544,-9.25013413963768,2.521412547750308,28.32936713337433,-4.34110857527106
-3.903251931265227,16.345884768363685,-9.86424914866383,2.5450971683006713,28.431562300626968,-4.383125867291594
-3.9365662694424333,16.85923016646478,-10.477613498220995,2.569191651952626,28.530005165703678,-4.425826474359237
-3.970512908235189,17.37447998938301,-11.088885448360859,2.593651192490804,28.624410768213117,-4.469130821840347
-4.005019137980041,17.89036901379421,-11.696512211244567,2.618418597597682,28.714494504675695,-4.5129377599369365
-4.038884362396188,18.38921363295436,-12.279855472124702,2.642632607264001,28.797359309609643,-4.555726295782716
-4.058858760955864,18.68006905190738,-12.618062677050071,2.6568712767972955,28.843742543534173,-4.580869788814918
-4.0624641762194855,18.714772606791445,-12.568343277260759,2.6570716037895314,28.759244157160463,-4.580490486248565
-4.070142799913183,18.734262784355284,-12.136374591574148,2.650701405708974,28.307915979280747,-4.565374331708568
-4.079409062743527,18.751929526738724,-11.613380225326186,2.6434042771408186,27.76740667737954,-4.547497461051251
-4.085379726078238,18.759989064395505,-11.275428182342868,2.6389214240101624,27.421489627869683,-4.536182206063332
-4.089502464086139,18.764059272094922,-11.041642314762424,2.635923579376653,27.183697373472647,-4.528459295174431
-4.0930449939914295,18.766592442136787,-10.840481865018125,2.633410150991474,26.98005766670843,-4.521880896943707
-4.09611320316631,18.768073202351633,-10.6660519902127,2.631279266340871,26.804193047383425,-4.516225603148815
-4.097908601718324,18.76863484913331,-10.563895620966372,2.630051943858542,26.7015016699815,-4.512934310686731
-4.101693776297914,18.769086396049826,-10.348315350185525,2.6275113145895412,26.485525326610766,-4.506038306314857
-4.1103957820062345,18.766405410162527,-9.851653870486652,2.621907036878875,25.99166892180535,-4.490400202987948
-4.119769858073225,18.75782533986512,-9.315041987472451,2.616228580147612,25.463765608138008,-4.473879171627342
-4.129177466819372,18.743418364294005,-8.774905000984035,2.610890875946402,24.93815941257748,-4.457623334721785
-4.138659488561379,18.7231621536105,-8.228922905293778,2.6058642419135105,24.412553358163404,-4.441553358254687
-4.148089810937669,18.697459573142883,-7.684731777487446,2.601241802009698,23.894176651746296,-4.425905588370855
-4.156880117337061,18.668599363528543,-7.175856996643035,2.5971932814987415,23.414264768217585,-4.411544206826
-4.160725793649194,18.662815284563667,-6.987398158749405,2.596019514503832,23.231606830381818,-4.406630727969133
-4.180052743914959,18.93339888608773,-7.298838591072804,2.6088454860285104,23.271562339857724,-4.429229715339038
-4.216679855149094,19.43999425345618,-7.87877017810991,2.633095159117311,23.343181646213594,-4.4719066480745635
-4.2553999412459245,19.966953348085895,-8.477635537641934,2.65864956558572,23.41326040871416,-4.516810296260127
-4.295286680061813,20.500858067964092,-9.079828797359605,2.684887616611656,23.479653019422166,-4.56284308463805
-4.33566787280017,21.03244363594501,-9.674827661058544,2.7113624520187254,23.541133116976507,-4.609219181869876
-4.362334451645244,21.378697966256098,-10.059924293324455,2.7287972747081275,23.578691221724906,-4.63972119344339
-4.317785672341564,21.407469615523883,-10.090484903640975,2.7010457237812138,23.582550072064805,-4.592204595953732
-3.916137970170429,21.242460640306245,-9.896613204357102,2.4498649770670435,23.571422734957743,-4.161536378739971
-3.3445555570858714,21.002436638322624,-9.615897235728536,2.092318070709376,23.552958671967826,-3.548917506044236
-2.7743866286273478,20.756822529982887,-9.330093451194335,1.7355885890579297,23.531462919988865,-2.9381432351279
-2.2005941547889827,20.503296321416418,-9.036465600769718,1.376570971420794,23.506651743783568,-2.323851848578455
-1.6273435246917312,20.243525487872095,-8.73690917160802,1.017919487511221,23.47858772025049,-1.710541564237016
-1.0623730047899727,19.981044493613275,-8.435432470108372,0.6645201192510839,23.447726181382183,-1.1065083207309743
-0.5030597673050365,19.714746623000195,-8.130672142365459,0.3147756960724356,23.413950307242978,-0.5089691008444982
0.05454765197843339,19.442748923162327,-7.820404491200859,-0.03374169831279054,23.37702171255147,0.0862720380359595
0.6079786380689096,19.166226654176633,-7.505901745796805,-0.37944302437893757,23.337059445615978,0.6765450811785876
1.1607331205200924,18.883384498600122,-7.185064845955975,-0.7244770803179853,23.293852578674972,1.2655630219434866
1.708051369094894,18.59662742843293,-6.860551097725085,-1.0658302693161348,23.247727759426162,1.8482206785940773
2.256209401560149,18.302607873794102,-6.528506292709828,-1.4073759292857138,23.198128877924262,2.4311678721745116
2.8010387352576056,18.003459685463234,-6.19127674359725,-1.7464746142872836,23.145384592567435,3.009935870442329
3.342611740501741,17.69911545314788,-5.848714179839606,-2.0831337335896327,23.089474932721604,3.5845718457874334
3.850449183515891,17.407262778737515,-5.5206183591580364,-2.398407975417004,23.033824756613846,4.122764900910521
4.064403053146225,17.281289013151685,-5.381469522090034,-2.531144107235776,23.011640333241864,4.349413881925672
4.049547651702437,17.15812701451848,-5.523911385650089,-2.5269133634836893,23.277627190930453,4.346360761679666
4.020610962845957,16.911431120623757,-5.800478959982255,-2.518894207779864,23.80163214148788,4.340574977844349
3.991416800882411,16.65318188508922,-6.078177134368085,-2.511110873445641,24.338321434153368,4.334962885726385
3.9628496750603133,16.391061202975955,-6.348454564007019,-2.503805578577394,24.871439342819595,4.329701407990099
3.94641425382959,16.235907880130334,-6.503233664220231,-2.499746922438927,25.181783075984615,4.326781970054657
3.9389506708059394,16.164379691696443,-6.573336315989953,-2.4979394830859944,25.32360001257887,4.325482956102048
3.924271126483035,16.021715166566086,-6.710862539935777,-2.4944507611022946,25.604155517917665,4.322977872556565
3.8970403145219805,15.749974056493661,-6.964660425971111,-2.488217149519517,26.13036665402385,4.318511049761292
3.8695059925720385,15.465564364473048,-7.219403482943313,-2.4822393753792986,26.670192994350572,4.314242347102587
3.842486698029476,15.17673900413034,-7.467365027193093,-2.4767044498094433,27.207634856518094,4.31030773090576
3.8169916095323466,14.895076170877362,-7.6993424443831815,-2.4717946883322517,27.721887514883342,4.306837189791445
3.804971746550258,14.759128166927935,-7.807990915878327,-2.469588828834495,27.96677079360755,4.305285709189722
3.790797308765971,14.693523509850063,-7.860428534231171,-2.463108028246463,28.085309726591174,4.295114293710472
3.4956882105705516,14.710525371675962,-7.872573800439193,-2.271627916000082,28.092583307149823,3.963041082178359
2.962573888253775,14.73772739989058,-7.891994280901254,-1.925538496527377,28.1042023192595,3.3630817721709567
2.406012553678428,14.761314407619581,-7.908822401043767,-1.5640141644810506,28.114256700450635,2.7366542559169886
1.8525627027364162,14.779908382956298,-7.922086359983823,-1.204336768614998,28.122215585965524,2.1136650825562375
1.2967087115302804,14.793711105539993,-7.931926207395133,-0.8429612053113855,28.128098728585528,1.4879176601098758
0.7412774589480868,14.80263364856108,-7.938288706699309,-0.4817658617789653,28.13192741520863,0.8626119775936846
0.1846395440583548,14.806695950079886,-7.94118608825133,-0.1197312070751518,28.13367733236604,0.23592735896537656
-0.37066459362769855,14.805882098913418,-7.940603911006471,0.24144878309201898,28.133308534180333,-0.3892614581887671
-0.9274976695162518,14.800186067351278,-7.9365454888824125,0.6035968350805305,28.13088305655967,-1.0161607419572485
-1.4830937242714837,14.78962939328405,-7.929021154040502,0.9648726888183163,28.12637891637678,-1.6416420829243739
-2.037449610048983,14.774238962453252,-7.918044149204551,1.3252320846193566,28.119777755227798,-2.2656868526657394
-2.5931332070309203,14.753936324428214,-7.9035632509176414,1.6863075850733804,28.111113395687326,-2.8911705030974817
-3.149863900792772,14.72869063661214,-7.885548559711402,2.0478733991099882,28.100344838428338,-3.517761690317595
-3.6329693987170932,14.702795851567137,-7.86706098584982,2.3614374772171622,28.089302517969603,-4.061419325593918
-3.7994103601038636,14.693159980118654,-7.855897557909564,2.4693208465849934,28.0807960645648,-4.248493471802518
-3.8035318529828217,14.701398523098316,-7.588494566442967,2.4656937826459586,27.805233875329534,-4.239687214140724
-3.811452449591796,14.712754527743975,-7.073037713662391,2.4589984841297508,27.278569767007777,-4.223012798977204
-3.819619912692484,14.718409284037056,-6.539404906318686,2.4524623493850304,26.739430643863642,-4.206149773253029
-3.8278275423340276,14.718031698539264,-6.001046177440792,2.446257178442769,26.201593850166475,-4.189527952591879
-3.836011256697925,14.711737305091093,-5.462213717621316,2.4404199625773098,25.669195129231777,-4.173264136599726
-3.8441946681332233,14.69966142363575,-4.921414931753099,2.434920424183537,25.14060720612403,-4.157296734951852
-3.8523911258483716,14.68189549247913,-4.377814238616086,2.4297390576055067,24.614903480321892,-4.1415876574158075
-3.8605639493794794,14.658650627524286,-3.8338970402236416,2.424887728904048,24.09435785863771,-4.126194554276311
-3.8687454784068436,14.62996750962493,-3.287563259299027,2.420336226311019,23.5768302858806,-4.111044204851861
-3.8769413783611575,14.595918192569876,-2.7384721173413937,2.4160730118635994,23.061908182570207,-4.0961161121089615
-3.884228945968549,14.561264525128854,-2.248759528106079,2.412523880092167,22.60695284316477,-4.083043048710509
-3.8874572242044008,14.569903949176927,-2.1348635707963344,2.4123819741448083,22.484393304364797,-4.080869839551676
-3.9070017494432223,14.880672766399353,-2.5125368946001796,2.4256563662191697,22.550432794788343,-4.104571262032128
-3.9386405901747334,15.377432843621929,-3.113121365716573,2.44709851811236,22.65284977237247,-4.1428024644768655
-3.971695743680809,15.888319400012893,-3.726763761920237,2.4694391101071935,22.75412581170759,-4.1825670425417885
-4.005462295971033,16.401912925567867,-4.339530944861226,2.4921958143427703,22.851777951812437,-4.223002774016209
-4.039355828601634,16.909280688145856,-4.940791404098136,2.5149725085777765,22.944133409191693,-4.263406114789615
-4.061088433330887,17.230424076507923,-5.319262576797139,2.5295424872021144,23.000470253926647,-4.28921702032046
-4.064620853133555,17.282320100031242,-5.380269559699565,2.5319081563151045,23.009419758952408,-4.293405334672593
-4.064620853133555,17.282320100031242,-5.380269559699565,2.5319081563151045,23.009419758952408,-4.293405334672593
-4.064620853133555,17.282320100031242,-5.380269559699565,2.5319081563151045,23.009419758952408,-4.293405334672593
-4.064620853133555,17.282320100031242,-5.380269559699565,2.5319081563151045,23.009419758952408,-4.293405334672593
-4.064620853133555,17.282320100031242,-5.380269559699565,2.5319081563151045,23.009419758952408,-4.293405334672593
-4.064620853133555,17.282320100031242,-5.380269559699565,2.5319081563151045,23.009419758952408,-4.293405334672593
-4.064612132376888,17.282303545848233,-5.38022740317426,2.5319027299287726,23.009319183270662,-4.29339610456376
-3.9777035202723083,17.117329206477873,-4.96010730974521,2.477824887504033,22.007010181119565,-4.201411431802267
-3.8905558591885043,16.951901092199947,-4.538831642926437,2.423598299716581,21.00194424915416,-4.109173747957115
-3.803874407202134,16.787357959697648,-4.119809651604579,2.3696618049532554,20.002255063680572,-4.017429503027018
-3.6914554467120584,16.573958582001502,-3.5763714003130436,2.299710453945373,18.705737568083233,-3.898444502088062
-3.542735809177551,16.2916514163534,-2.8574540628626717,2.207171441650737,16.990567714512075,-3.7410386149090327
-3.3937803565834566,16.00889661458815,-2.1373967849338276,2.1144856962611294,15.27267822762331,-3.5833831394491296
-3.244431238637521,15.725394537267803,-1.41543651119835,2.021554997323774,13.550248634565193,-3.425311005873422
-3.0949399207427013,15.441622528785775,-0.6927888365901174,1.9285358161722579,11.826179062620978,-3.267088366893842
-2.9465720909537243,15.159983182459584,0.02442784658282414,1.8362157120314377,10.115066575308846,-3.1100548354522233
-2.7974387625420705,14.876890727787664,0.7453449841191611,1.7434192855459045,8.395125663033252,-2.9522110950036824
-2.648499944878433,14.59416750329187,1.465321848054864,1.6507438910424317,6.677428025262117,-2.79457322606858
-2.4996027453426968,14.311523280439182,2.1850975281106386,1.5580943929203201,4.9602103655189165,-2.6369794060462755
-2.350467012818981,14.028426262159703,2.906026287231526,1.4652964705048659,3.240241726840811,-2.4791331210689944
-2.2010385135584776,13.744773499198288,3.628370293769603,1.3723163774957745,1.516896636408297,-2.320976969764007
-2.0523632103487044,13.462550491216007,4.347073317123841,1.2798049517034298,-0.19776191348754377,-2.163618006339184
-1.9029792109022388,13.178982200060613,5.069202209583133,1.1868525481703667,-1.9205937916718745,-2.005508953943419
-1.7540739461943826,12.896322667488784,5.789016877039379,1.0941980315915518,-3.637904466300758,-1.8479065976874753
-1.6049337036971112,12.613217088148552,6.509967437572875,1.0013973028990968,-5.357925118087639,-1.690055539323165
-1.456031472373076,12.33056331369988,7.229767441516917,0.9087446738070138,-7.075200808980883,-1.5324563936215192
-1.3071560432369995,12.047960416524992,7.949437882493185,0.8161087220552083,-8.792167392714113,-1.3748856155399396
-1.15789860130046,11.76463236325957,8.670954990324848,0.723235067416112,-10.513539694817123,-1.2169105124830741
-1.0089964454640263,11.481978732105295,9.39075462935847,0.6305824852952849,-12.230814515118823,-1.0593114466780251
-0.8597816829714154,11.19873169512694,10.11206542286136,0.5377353874287302,-13.951694599134107,-0.9013815158381399
-0.710949887009562,10.916211624658377,10.831524939134228,0.44512658589671256,-15.66815796549616,-0.7438569194082431
-0.5615463852592055,10.632606313239712,11.553748106597277,0.3521620472887562,-17.391214761951293,-0.5857272256399145
-0.41247478795758763,10.349631039694613,12.274366833204159,0.25940403224669645,-19.110443735032323,-0.4279488218227885
-0.28567546666296006,10.108934131107246,12.88732038773724,0.18050467405324686,-20.57280860454975,-0.2937435481080207
-0.1987605357234376,9.943947797003625,13.307471026695236,0.12642289980918509,-21.575190481241037,-0.20175218744816717
-0.11203404661889184,9.779319172757319,13.726710729447952,0.07245838123877087,-22.575399075641826,-0.109960274922453
-0.025047321240063435,9.614196554804398,14.14720842591634,0.018331933765189684,-23.578608950975344,-0.01789292653427503
-0.0038484014019763996,9.57395568901488,14.249684946566045,0.0051411599302644585,-23.82309413690865,0.0045441560169580805
-0.0038484014019763996,9.57395568901488,14.249684946566045,0.0051411599302644585,-23.82309413690865,0.0045441560169580805
-0.0038484014019763996,9.57395568901488,14.249684946566045,0.0051411599302644585,-23.82309413690865,0.0045441560169580805
-0.0038484014019763996,9.57395568901488,14.249684946566045,0.0051411599302644585,-23.82309413690865,0.0045441560169580805
-0.0038484014019763996,9.57395568901488,14.249684946566045,0.0051411599302644585,-23.82309413690865,0.0045441560169580805
-0.0038484014019763996,9.57395568901488,14.249684946566045,0.0051411599302644585,-23.82309413690865,0.0045441560169580805
-0.0038484014019763996,9.57395568901488,14.249684946566045,0.0051411599302644585,-23.82309413690865,0.0045441560169580805
-0.0038484014019763996,9.57395568901488,14.249684946566045,0.0051411599302644585,-23.82309413690865,0.0045441560169580805
-0.0038484014019763996,9.57395568901488,14.249684946566045,0.0051411599302644585,-23.82309413690865,0.0045441560169580805
-0.0038484014019763996,9.57395568901488,14.249684946566045,0.0051411599302644585,-23.82309413690865,0.0045441560169580805
-0.0038484014019763996,9.57395568901488,14.249684946566045,0.0051411599302644585,-23.82309413690865,0.0045441560169580805
-0.0038484014019763996,9.57395568901488,14.249684946566045,0.0051411599302644585,-23.82309413690865,0.0045441560169580805
-0.0038484014019763996,9.57395568901488,14.249684946566045,0.0051411599302644585,-23.82309413690865,0.0045441560169580805
