Joint0,Joint1,Joint2,Joint3,Joint4,Joint5 
-0.0002745572470876145,9.575779769828035,14.252628995012502,0.004030745831964067,-23.823896592451508,0.0029477909839913975
-0.0002745572470876145,9.575779769828035,14.252628995012502,0.004030745831964067,-23.823896592451508,0.0029477909839913975
-0.0002745572470876145,9.575779769828035,14.252628995012502,0.004030745831964067,-23.823896592451508,0.0029477909839913975
-0.0002745572470876145,9.575779769828035,14.252628995012502,0.004030745831964067,-23.823896592451508,0.0029477909839913975
-0.0002745572470876145,9.575779769828035,14.252628995012502,0.004030745831964067,-23.823896592451508,0.0029477909839913975
-0.0002745572470876145,9.575779769828035,14.252628995012502,0.004030745831964067,-23.823896592451508,0.0029477909839913975
-0.0002745572470876145,9.575779769828035,14.252628995012502,0.004030745831964067,-23.823896592451508,0.0029477909839913975
-0.0002745572470876145,9.575779769828035,14.252628995012502,0.004030745831964067,-23.823896592451508,0.0029477909839913975
-0.0002745572470876145,9.575779769828035,14.252628995012502,0.004030745831964067,-23.823896592451508,0.0029477909839913975
-0.0002745572470876145,9.575779769828035,14.252628995012502,0.004030745831964067,-23.823896592451508,0.0029477909839913975
-0.0002745572470876145,9.575779769828035,14.252628995012502,0.004030745831964067,-23.823896592451508,0.0029477909839913975
-0.0002745572470876145,9.575779769828035,14.252628995012502,0.004030745831964067,-23.823896592451508,0.0029477909839913975
-0.0002745572470876145,9.575779769828035,14.252628995012502,0.004030745831964067,-23.823896592451508,0.0029477909839913975
-0.0002745572470876145,9.575779769828035,14.252628995012502,0.004030745831964067,-23.823896592451508,0.0029477909839913975
-0.0002745572470876145,9.575779769828035,14.252628995012502,0.004030745831964067,-23.823896592451508,0.0029477909839913975
-0.00027404695165711613,9.575781245580389,14.252621602892082,0.0040307452567368805,-23.82388996436092,0.002948304447059556
0.017216841540908814,9.62597652458824,13.9995543934889,0.004002937410616688,-23.59660513110165,0.02054467233800444
0.05635221462635732,9.735464176222981,13.43552723356961,0.003882113554150413,-23.08731488059348,0.059894286514523734
0.0982819933311464,9.848425919313014,12.834567473203874,0.003663313598212669,-22.540460039337944,0.10202219523277113
0.14042241317375243,9.957402736264726,12.234026392957869,0.0033508443846146495,-21.989536607522968,0.14433153008675043
0.1829034709212655,10.062611879988458,11.63207625260197,0.0029424299601572513,-21.43274515434573,0.18695483251963677
0.2254185791007966,10.16320054427136,11.033066595593471,0.0024402442195314866,-20.87401125206024,0.2295867554684206
0.2683368886476723,10.259934253965184,10.431811014810737,0.0018388998985759634,-20.30838523481896,0.2725997580386547
0.3115307124210152,10.352371087007322,9.83014495424893,0.001138284733989226,-19.73743532991432,0.31586805438825194
0.3549712367664822,10.44031763337915,9.22849918429049,0.0003374404289510861,-19.16143413803955,0.35936519606067097
0.39860789291598425,10.523547771595995,8.627597057487739,-0.000563942452956065,-18.5809459764283,0.4030431056413178
0.4423818891494772,10.601840890877932,8.028260327293559,-0.0015655790986920228,-17.99665201791472,0.4468456367221913
0.48674632354244396,10.675821877362718,7.424347439849665,-0.0026801732821065977,-17.402372946888413,0.4912288352458763
0.5309566142917557,10.74411214415462,6.826023730968911,-0.003890429512433673,-16.80796986128954,0.5354506644789178
0.5756312802335769,10.807546491113976,6.2249366922025775,-0.005214361829377915,-16.205019803541894,0.580132821082931
0.6198228349317364,10.864718247796716,5.633816612119082,-0.006623912739748836,-15.606229365248966,0.6243307413579576
0.6640780401430065,10.916345573941976,5.045288445434042,-0.008135266877689371,-15.004140884758801,0.6685943782994572
0.7080924979626436,10.96203652734096,4.463370566511061,-0.00973765928429089,-14.40282863831821,0.7126223546364786
0.75185587963555,11.001802039591414,3.888136784457445,-0.0114293530382111,-13.802394807547866,0.7564073339887445
0.7954793740482886,11.035743865972885,3.318077831984872,-0.013213692537911251,-13.201268172318017,0.8000635323202264
0.8388571504025176,11.063777935437226,2.754532731545721,-0.015085480662688583,-12.600862711682517,0.8434879687997665
0.8821043191673963,11.085973699881407,2.195966094399646,-0.017048910743604286,-11.999541549670669,0.8867987809114678
0.9251725936826803,11.102286691444995,1.642972179190397,-0.019101306797412,-11.397927700928875,0.9299505253938465
0.9680957125466364,11.11271147877871,1.0950894722598392,-0.021243806544063513,-10.795504203201851,0.9729798958791249
1.010734768513128,11.117216468426792,0.5540534805160936,-0.023468711490621217,-10.1941870134585,1.0157504157572985
1.0536030312549425,11.115779092556195,0.01335886778481386,-0.025803375741425643,-9.58666687503974,1.0587800730745063
1.0960399244080308,11.108373432108495,-0.5186691124566633,-0.028211963292944255,-8.98225053004523,1.1014087964197998
1.137938656568818,11.095131771479215,-1.040783148332153,-0.030685971137427312,-8.382487778825157,1.1435313852550226
1.1797456005571132,11.075955715790132,-1.558596637684471,-0.033250523738375934,-7.780984375800241,1.1855989924802142
1.2212771239643097,11.05091501974096,-2.0698537151985783,-0.03589409722706632,-7.180350669522189,1.227429537877294
1.262592206200192,11.019986947321115,-2.5753115412553766,-0.03861979718953093,-6.579717924739728,1.2690849181784671
1.3037151677265177,10.98314710110285,-3.0752870356395006,-0.041428932961406324,-5.978708781560272,1.3105922530165055
1.3447647227762638,10.940251537852406,-3.5712250817540663,-0.04432986493446892,-5.375549647714191,1.3520741985299116
1.385298414708586,10.891796515319342,-4.05781665653357,-0.04729049777877485,-4.776742589761377,1.3930858697849142
1.4257845031097118,10.837251257572836,-4.540715306811313,-0.050344337084367245,-4.175369957332923,1.4341032957560178
1.46601615000969,10.776864332597471,-5.017454513350585,-0.05347606797472536,-3.574474374432971,1.4749196598059218
1.5061694133395842,10.710347579294652,-5.490122807155908,-0.0566996369152297,-2.9714013011668503,1.5157162728988252
1.5458776162059968,10.638329642510545,-5.954427176406032,-0.05998519640543528,-2.3716587806793177,1.5561228241704257
1.5854342450505916,10.560317399917448,-6.4138301302400205,-0.06335639503590587,-1.7708260996282552,1.5964400048142646
1.6248906237678389,10.476167102702066,-6.86891626679862,-0.06681830863245695,-1.1680931640811136,1.6367230041111402
1.6639874353203887,10.386439360390218,-7.3167066970341565,-0.07034815990867208,-0.5674192320583907,1.6767094169635615
1.7028064285149545,10.290999509596595,-7.758170853401853,-0.07395265138775249,0.03242771600565987,1.7164846753940084
1.741563356128106,10.189296066368144,-8.1957574592363,-0.07765236057970404,0.6347963532049,1.7562725133486445
1.779923714441011,10.082218013306772,-8.625699481022068,-0.08141545350109333,1.2344837012427605,1.795731810348407
1.8182758202829228,9.968678331111022,-9.052350521021005,-0.08528041122943847,1.8375627316260887,1.8352644832390814
1.8561400812127822,9.850118870681593,-9.470387765953943,-0.08919895338801238,2.4364794650558084,1.8743783206640965
1.8939591446539705,9.725185826278693,-9.884714442448034,-0.09321684472224943,3.0382162325656505,1.9135326034969158
1.9314935625207432,9.594651826420614,-10.292697341034337,-0.09730947305791215,3.6389702058112046,1.9524821289027894
1.968869665808022,9.458088721093244,-10.695713066469384,-0.10149103754500026,4.240753165065364,1.9913603145418444
2.0060045614850783,9.31580114303,-11.092865426677415,-0.10575290986877223,4.842224229080926,2.0300834074018725
2.0429241714557373,9.167707969023873,-11.484436242662445,-0.11009851572425212,5.443787003131723,2.0686806929404757
2.0796084301570255,9.013906794971243,-11.870215638004858,-0.11452603319454627,6.045097808128937,2.107133481520865
2.1160662478885426,8.85438362813603,-12.250302270033865,-0.1190370470158141,6.646281541015156,2.1454533247219185
2.152232251821735,8.68946397210937,-12.624026519563566,-0.12362378057165875,7.246229424123385,2.1835734824848907
2.188333632409043,8.518108103077935,-12.993725445553993,-0.12831616298525195,7.848701581307679,2.221736120510235
2.22409570753993,8.341632035460554,-13.35658245283646,-0.133079415460034,8.449095839297444,2.259653340550463
2.2596684267963725,8.159344064789671,-13.714132317577814,-0.13793390013611914,9.049891306758367,2.297486025714929
2.2950973809715784,7.971004977949895,-14.066818613965182,-0.14288723921747074,9.651847289932697,2.335285522200592
2.330163300670246,7.777827444265566,-14.412469476849042,-0.1479093396791089,10.251198895967455,2.372819854052946
2.3651103170491603,7.578507930279453,-14.753498480359472,-0.1530359125040272,10.852081572481927,2.410352442339567
2.399976632389656,7.3727889544741245,-15.090243453989963,-0.15827485239839875,11.455156387055473,2.4479279767307642
2.434485632238869,7.162335479744687,-15.42003379398054,-0.16358567357761641,12.055604245710684,2.4852507060281215
2.4687924339670526,6.9462725034865125,-15.744371562618662,-0.1689927142555612,12.656069025534242,2.522490059019596
2.5029617793384826,6.7241997319567,-16.063854999576375,-0.17450791498173587,13.257660834834647,2.559719275510676
2.536844345144017,6.497122602375962,-16.377087464681484,-0.18010848932695195,13.857712662960553,2.59677812830481
2.5705852729964693,6.264107214613442,-16.6854114198304,-0.18581977225704988,14.458754147628955,2.6338278197241407
2.604098996203112,6.02576730763078,-16.988036483439448,-0.19162903415206392,15.059227660217335,2.670777245425044
2.637466752121546,5.781551241951007,-17.285688569690592,-0.19755216145955945,15.660552855402562,2.707718837910185
2.670741358684427,5.531058232008486,-17.57880889161281,-0.20360127469106665,16.2636649514057,2.744714934631847
2.703577461933096,5.276969480652009,-17.864375358818872,-0.20971448096757753,16.862239429890458,2.781383320049731
2.736439703188619,5.015734123709153,-18.146428519656453,-0.21598005914341417,17.464698885638406,2.818245564925917
2.768977092751282,4.750154564224525,-18.421937507292064,-0.22233365461313934,18.064576539094933,2.85491149162615
2.801564792162393,4.477174575910952,-18.694056043634998,-0.22885139642970093,18.66875887552822,2.891807705933246
2.8336825059745028,4.201207564154361,-18.958442738261343,-0.23543111828943947,19.26754510213106,2.928347817216858
2.8658080655683724,3.918219469576969,-19.219042552530883,-0.24217237392904428,19.86978045900673,2.9650778404784743
2.8976562075600336,3.6307346665815143,-19.473519192042552,-0.24901845987450164,20.47008221171277,3.001675654326458
2.92937485255395,3.337476876829963,-19.723057858697146,-0.2560033781412425,21.07118019034127,3.0383141450657987
2.961013202993118,3.0379873730993796,-19.96801276286377,-0.26314183560799914,21.673977009399717,3.0750549019798816
2.992274491099452,2.7351558646489194,-20.206100459982295,-0.2703688176155075,22.27274906188832,3.111555809391612
3.0234704855396397,2.4260414147570595,-20.43970827687745,-0.2777585172867894,22.873398575400437,3.1481835541647447
3.0545040547354367,2.1116158758210832,-20.66808093630025,-0.28529198413332973,23.47401708103517,3.1848289233882
3.075931028182863,1.8904605450404315,-20.823382897991888,-0.2906027569641872,23.890510021352306,3.2102555936265893
3.0871992994329718,1.7728168567326468,-20.904266219829417,-0.29343233265422347,24.11012894569255,3.2236692487664955
3.094188692394566,1.699380363612208,-20.954160891593652,-0.2952003187445925,24.246555839514155,3.232004103371744
3.0932672531660765,1.5975233997657412,-21.065094436248263,-0.2956115356262371,24.459387068689516,3.232256111698505
3.09091552005955,1.339424754606073,-21.338902330181845,-0.29665270783677034,24.991297929928844,3.232847609366113
3.0883925999066624,1.0554839168088823,-21.628305769563642,-0.29781507570419213,25.56464675253911,3.2335219654030274
3.0858905327343322,0.7666200235596633,-21.91082522994459,-0.29901560359492546,26.136034517648,3.234232816070403
3.083401724096177,0.47204787943376686,-22.18734901696406,-0.3002583696112646,26.70713473854307,3.2349828949989257
3.0809238382876725,0.17154136774021939,-22.458141038741235,-0.3015452797404715,27.278437442291164,3.2357737466284964
3.0784438760640063,-0.13648990159762592,-22.724584922724333,-0.3028843140333474,27.852916665543802,3.236610792471691
3.075983387334005,-0.4493430172130157,-22.984352502524043,-0.304264830896023,28.425541292916066,3.2374878194859247
3.0735131881791324,-0.7707350694532866,-23.240489896335347,-0.30570449522205656,29.00307457672834,3.238416555365883
3.0711300216594077,-1.0877833024671477,-23.483123664608797,-0.3071459807590689,29.562760173003092,3.2393599348847895
3.069864138359312,-1.2589936592601925,-23.61019662217382,-0.30793318649888607,29.861045352818245,3.23988048741699
3.0691993902718986,-1.3496820216005603,-23.676419365592125,-0.30835265856108296,30.017957425680958,3.2401593567279776
3.078783462163072,-1.13788628599762,-23.890269086394618,-0.30932224839978356,30.019964504686644,3.2502016251949346
3.102963660046492,-0.6013309560797506,-24.416164996913064,-0.3117188049307545,30.009186328237757,3.2754385698756967
3.1295256497177553,-0.018055789579272258,-24.98217209688657,-0.3143331600686838,29.991786825721977,3.303124939617472
3.156292496389118,0.5634096770171265,-25.540537285347956,-0.31694851912001226,29.968553060209622,3.3309865421576417
3.183446100228337,1.1469968553260568,-26.095038218094395,-0.3195822289738638,29.93933033583926,3.359211786764922
3.211143175566923,1.735938558052956,-26.64864113300778,-0.3222487135885102,29.903851236668093,3.387961916418744
3.2391130326548243,2.3243854293749897,-27.195782840606753,-0.32492127386851527,29.862403252885038,3.416954541972056
3.2674435777736113,2.9141595177432573,-27.738157298169295,-0.3276078920048677,29.814857807782577,3.4462797948919563
3.296341004147489,3.509430415377053,-28.279508101796047,-0.3303274034421994,29.760787788617833,3.476149480846401
3.3255677582841807,4.105195378646939,-28.815209104043692,-0.333056788821223,29.70057096988615,3.5063165047338702
3.3551310801966063,4.7015703062329965,-29.34536512886373,-0.33579633454565977,29.63419619877076,3.536787315146969
3.385281505580379,5.303498580202493,-29.874295561018897,-0.33856861346981276,29.561038099859687,3.567818557970658
3.415267905075475,5.896028932844563,-30.388941086103078,-0.34130447356606003,29.482992593307934,3.5986366979007642
3.4345460131167616,6.273818739888936,-30.713961608392083,-0.3430522855986101,29.43011932840331,3.618426434758689
3.270079948893175,6.308670948108838,-30.743039520524,-0.32660651972769345,29.425222790458484,3.446476556922303
2.77277633050783,6.340387175178959,-30.76807608526715,-0.27690130538614904,29.420935790256447,2.926616606526804
2.2141327196665723,6.369779510286388,-30.791264256427848,-0.22104743015218478,29.416950979359903,2.3426401939197183
1.6549310758145885,6.392599628428487,-30.80925830526036,-0.16512262289290158,29.41384987300181,1.7580853899727753
1.0982335622934734,6.408762088307376,-30.821997925039025,-0.10943698482779325,29.411650562595717,1.1761519513692142
0.5411360672702408,6.418392598302292,-30.829587208020943,-0.05370384715113368,29.410340526668893,0.5938028566045486
-0.015446571005085185,6.421478818081253,-30.83201595022469,0.001979318376027116,29.409892955735202,0.011994798410189269
-0.5623192446188604,6.418150676440951,-30.82939431747581,0.056692920980745715,29.410353277350524,-0.5596647368598767
-1.1083218201183247,6.408537371572745,-30.821819706156067,0.11131593993258464,29.411671806112373,-1.1304160002497858
-1.6569032193523936,6.392546091336785,-30.80921612398839,0.16618983135695733,29.413858623213528,-1.7038654453680346
-2.2020696873864085,6.3703619816796495,-30.791724802373114,0.2207115206753003,29.416884100037933,-2.2737487743428355
-2.724557163002334,6.343210062627581,-30.77030593905082,0.27295189863177843,29.4205760406695,-2.8199293247191957
-2.987604907376089,6.327356405697137,-30.75779436928477,0.2992465657093765,29.422726406204372,-3.0949073689437747
-3.32456089530982,6.304908849377747,-30.740068747934856,0.33291883940851963,29.425733282452835,-3.4471460435072983
-3.4350167339177133,6.300488813657264,-30.687364076283746,0.34378735611418443,29.376857308360186,-3.5622688599923005
-3.4255819108422774,6.327520103261637,-30.299802627837362,0.3414639794048946,28.962323356413528,-3.549573803938357
-3.413231975864475,6.356518580565222,-29.786109506934196,0.33847751871549586,28.419708283851104,-3.5330138066930403
-3.4008021151009658,6.3783876772093215,-29.261699435188216,0.3355327259653164,27.87350565809549,-3.516410426318675
-3.3884518832161166,6.392837661476008,-28.733212770381435,0.3326656227440767,27.33064459338558,-3.499974659048928
-3.3760466127491573,6.400036581607965,-28.194813463050135,0.32984306557039067,26.785121824608993,-3.4835250374645605
-3.3637584959884865,6.399926666256647,-27.653933957105483,0.32710219826065595,26.2444265297686,-3.4672874740232826
-3.3515643549131076,6.392679175236356,-27.109648947774538,0.3244349360276448,25.707462302297483,-3.4512280136679148
-3.3395319263172984,6.3785412642827914,-26.565117564289107,0.3218530645725351,25.177140728108462,-3.4354324270121817
-3.327677165565515,6.357808200552064,-26.0212763499526,0.31935663148137505,24.654103011176307,-3.419917884416212
-3.3164035270722794,6.331809090491373,-25.497233625222616,0.3170250495845363,24.156126011158015,-3.405206465262952
-3.311193884779109,6.317720900493854,-25.252784571632997,0.31596131419438644,23.925795811344,-3.398421853619833
-3.3084708191579146,6.31624372966127,-25.113791616935778,0.3153673328822343,23.788296282934606,-3.3947764122401134
-3.323820468233725,6.632456491177938,-25.38597559215009,0.3167196294810476,23.744188121257682,-3.4103905560121532
-3.352213329556714,7.212443709051414,-25.881017133420368,0.31921050173775967,23.659094731160994,-3.4392453574328403
-3.38193595317295,7.81289662104531,-26.387832894903077,0.3218036906964834,23.565301712770957,-3.469414023275976
-3.412235059576774,8.418125434525635,-26.892840267563596,0.3244324490924161,23.46492008059908,-3.5001288567397517
-3.4429189181690396,9.024153327890264,-27.392664153649985,0.3270798304523224,23.358552511091567,-3.5311942003520094
-3.4649723049546455,9.455542928962162,-27.74490205972977,0.328973633631893,23.279282429123093,-3.5534975325479157
-3.3851664688993046,9.42232071910603,-27.717526551652323,0.3214303241109434,23.285559056489888,-3.4710444591693306
-2.9771556846601848,8.992789008898852,-27.36495129171602,0.2829442303731748,23.364556764824652,-3.0497212358688652
-2.51332427542457,8.496047378067356,-26.953828549315936,0.23911654831289791,23.452179284062183,-2.570601633767275
-2.05522553863078,7.996446720886031,-26.5366621749108,0.19575502239935244,23.53626116876039,-2.0972473760542085
-1.6091737155847363,7.501207801199984,-26.119476390288735,0.15346596127790693,23.61560195435102,-1.636197495181528
-1.1651983080744837,6.9994910032891635,-25.693096077591132,0.1113117066261614,23.69190967177672,-1.1771589852275106
-0.7272399863883774,6.4958017606721175,-25.261235169717175,0.06967261881663228,23.764392434310167,-0.7242162055771095
-0.2979535199416386,5.993445184522157,-24.826701067019023,0.028808473231700774,23.832563542963427,-0.280127641255628
0.12424074993303236,5.490860030649843,-24.388137649430544,-0.011423783503286473,23.896645258986204,0.1567277021613876
0.5383089507108559,4.989551902232985,-23.946853729577814,-0.05091868849710922,23.956455713187772,0.5852673977830375
0.94593232123902,4.487742609231725,-23.501273634838295,-0.08983045683372572,24.012182658527646,1.007226066102148
1.3482568647681208,3.9841977157959594,-23.050266282851705,-0.1282613081558271,24.063995574351093,1.4237651692285505
1.7433298999243125,3.481563217816292,-22.59617466280515,-0.16601946064013853,24.111578784074926,1.8328587677942114
2.132179904574038,2.9787642839129003,-22.138022645864794,-0.20319742412719322,24.155041071325233,2.23556069269706
2.5151010032267815,2.47561661712699,-21.675623558412394,-0.23981784455040317,24.194390353450547,2.632164938266106
2.8828747036238167,1.9847132857500884,-21.220677717920594,-0.2749937512350882,24.228786535693477,3.0131121664769607
3.0550228184828754,1.7523033043186271,-21.00397930420615,-0.2914590146341037,24.24369412047737,3.1914349193707765
3.0939366077654102,1.6697240268998323,-20.98657516753066,-0.29532442155397787,24.308680238366076,3.232094239878878
3.092013937040935,1.4606585996432342,-21.211607277346282,-0.2961633003165326,24.742781333913985,3.232566997830006
3.089484183500038,1.179140482803055,-21.503743381722536,-0.29730818273394116,25.316440154574437,3.233225012178881
3.0869839818689706,0.8936652188926859,-21.788000707680503,-0.2984868619730718,25.886177195107848,3.2339167975601937
3.084484723559495,0.6010409814448633,-22.067652566598095,-0.2997133580963809,26.458457642913178,3.2346509354186654
3.081998888816553,0.30273540050870135,-22.34127997593098,-0.3009825658832357,27.030394861326585,3.235424849687602
3.0795280093781106,-0.0009967879687331094,-22.60873100721862,-0.30229432494577674,27.60158218181234,3.236238797172956
3.077045811463506,-0.3134214471108572,-22.87279776071169,-0.303664002261059,28.178077608216654,3.2371028742641825
3.074568951826422,-0.6325185399759727,-23.131629304202445,-0.30508418008004917,28.756010140607447,3.2380130413720494
3.072096693364519,-0.9583864778439518,-23.385268343307008,-0.30655659935849666,29.335520894127104,3.2389709207044644
3.0701839442202954,-1.2155829283196546,-23.578234942170365,-0.30773448964836747,29.785686786031274,3.2397469610839322
3.069378016227786,-1.3252831155644043,-23.658678484905398,-0.30824111599527537,29.97583169252826,3.2400832870421445
3.000038295910923,-1.3479856137024235,-23.68264114334496,-0.3014170189880993,30.02283155304258,3.167810588794269
2.564621040997495,-1.3217658322742014,-23.706599697804133,-0.25763749412339654,30.022501708251408,2.712135860273371
2.043569398376058,-1.2957910435726478,-23.730323411024372,-0.20522901529890367,30.02216561486138,2.1668371096513046
1.5242415127410769,-1.2757527777686661,-23.74861768351432,-0.15297753609793394,30.021900502416965,1.6233375118790028
1.0052202886561332,-1.2615572472763155,-23.7615739356636,-0.10074471791146104,30.02171042799159,1.080155281792262
0.48367009121665605,-1.2531611651746097,-23.769235732749912,-0.04824927588296802,30.021598536145532,0.5343239842976515
-0.03591433138081814,-1.250644908779351,-23.771528663168013,0.004050361282991176,30.021536735446357,-0.009448920954936277
-0.5539289053325616,-1.2539451496381668,-23.76851815756895,0.05619336662959426,30.021587547549363,-0.551580944556007
-1.074315837034735,-1.2631019173873173,-23.760163287266753,0.10857084817615109,30.021719321174547,-1.0961945395215453
-1.5921380668615701,-1.2780272987675836,-23.746541665013932,0.16068177920066284,30.02192840729014,-1.638121605256833
-2.106878756786304,-1.2986148148894132,-23.72774629929529,0.21247022446265454,30.02220951969447,-2.176820087866045
-2.5566557206319764,-1.3213029568199666,-23.707021539532892,0.2577060297143695,30.022479490005963,-2.647524462804777
-2.7602883008794588,-1.3330164715831645,-23.696320150685892,0.27818268468157203,30.022631817142617,-2.860631552762531
-3.0583642549560945,-1.3517843732004884,-23.67916921248581,0.3081501245113756,30.02287134059833,-3.1725744062910883
-3.068360309753719,-1.2942547040236947,-23.55928666188195,0.3086042621859111,29.845413066833146,-3.1819320523948496
-3.0647544565789575,-1.128166999756381,-23.20882217621674,0.3066692632917381,29.328885867877872,-3.1749741436630003
-3.060800818428906,-0.952457737385756,-22.81931527015425,0.30460188054963866,28.76369693520978,-3.1673975935279035
-3.056835425514902,-0.7829327299644843,-22.423138326954792,0.3025837058710596,28.198022131978735,-3.159851832442877
-3.05284051038577,-0.6189199445448361,-22.018422963549693,0.30060490594866757,27.6293211658663,-3.1523020631863763
-3.048859677958855,-0.4622315657829922,-21.609545550974843,0.2986858101400784,27.063782299431644,-3.144829237315003
-3.0448766801573037,-0.31217975796958536,-21.194852529441775,0.2968168262661419,26.49906425219082,-3.1374009254196635
-3.0408763546515836,-0.16822520236817246,-20.772712147584812,0.29498975225910906,25.93299605908943,-3.1299875541018056
-3.036845204016001,-0.02998474144742457,-20.34158557336635,0.29319788988947554,25.363655822223194,-3.1225633261247148
-3.0328879992260025,0.09907568860498396,-19.91275496649984,0.291485687741525,24.80579094737549,-3.115318922269031
-3.030337791104011,0.1787686141830124,-19.633442738312432,0.2904062352943336,24.446802579519275,-3.110672507061012
-3.0295066069302585,0.20415464800539812,-19.541906085787616,0.29005840195572175,24.329885351818884,-3.1091617922531087
-3.035486464966269,0.3466325858780615,-19.669606363889514,0.2905956611548692,24.315079334805375,-3.115271992942684
-3.0572915818563824,0.8497960926453386,-20.15106304019442,0.2926279059064818,24.293268219908366,-3.1377299696786354
-3.081896497419269,1.4116324603626498,-20.683725672625947,0.29490940336055566,24.263975983379176,-3.1630431187434267
-3.094586640003345,1.6983834429583426,-20.95516292084327,0.29608507640968296,24.248600767425298,-3.1760960184617058
-3.0935747582716266,1.589037542055936,-21.074266205628486,0.29652286950590917,24.47705184154582,-3.1763439983917783
-3.0911883070679336,1.3265145651588932,-21.35232343894302,0.2975848055443513,25.01763644672117,-3.1769545535037658
-3.08867687013354,1.0431651256029233,-21.64059341889195,0.29874802534558426,25.589260399941658,-3.1776371341723832
-3.086178929113082,0.7540809661997654,-21.922829346947037,0.29995280404678937,26.160584900735447,-3.17835817213784
-3.083690054909632,0.4587908769690251,-22.199531315144103,0.30120204687342306,26.73258125711087,-3.17911981710826
-3.08122031856673,0.1585577248533472,-22.469595048232502,0.302491320583849,27.302882307957343,-3.1799197228732994
-3.07874688323398,-0.14937872521005735,-22.735499444833607,0.3038335710605248,27.876727223153722,-3.1807663764399607
-3.07627117590117,-0.46491886670038707,-22.99701218085846,0.30522977089434167,28.453784065964484,-3.181661023990265
-3.073800922401775,-0.7871122975310827,-23.253264135631074,0.306677070716012,29.032233297965586,-3.1826023950031463
-3.071447798504792,-1.10089869869136,-23.492955779132885,0.3081076103774374,29.58571490098429,-3.1835458997852326
-3.0702546159991027,-1.2625821433371192,-23.612832765137647,0.30885280685720473,29.867277095506786,-3.1840422371202837
-3.069607111869255,-1.351050284552792,-23.67741477991014,0.3092628841044103,30.020328197093328,-3.1843167297292565
-3.0801191823868215,-1.1174196913077419,-23.91042295269536,0.31031740716831807,30.01965436694178,-3.19531346829731
-3.1046568939774204,-0.5731855960958189,-24.443614718408135,0.3127486138528835,30.008491494136994,-3.2209219816785333
-3.13121942591545,0.00979092719189435,-25.00904795981166,0.3153620257847812,29.99081673354336,-3.2486069200725773
-3.1580942937560104,0.5932858768834208,-25.569069784023924,0.3179868764635841,29.967209539243882,-3.2765788289045283
-3.185272968304499,1.1770848840870818,-26.12346840324044,0.32062187824446564,29.937672500342078,-3.304827842311565
-3.212924111272024,1.764728681484881,-26.67555128181368,0.3232827726955254,29.901971456075042,-3.3335279390175043
-3.2409642166092096,2.354335218791682,-27.22347224979906,0.3259608410192228,29.860142659985403,-3.3625909473986986
-3.2693150217575124,2.944208252408499,-27.76563253071471,0.32864811708410724,29.812283938047976,-3.391934609794553
-3.2981205167215424,3.537274210550725,-28.30468256796722,0.3313577078025081,29.758118518700037,-3.4217066881580194
-3.3273416849900617,4.132628998000331,-28.839732235551324,0.33408530967759503,29.697660521174736,-3.4518653676350337
-3.3570133165712672,4.730885570997976,-29.371270309573674,0.3368335646067725,29.63078553042333,-3.482445087125589
-3.387112305184757,5.331481935455532,-29.89873666179754,0.33959973960475776,29.557495479873804,-3.5134205552462907
-3.4169663325164423,5.921121139196466,-30.41060528915586,0.3423222197277099,29.47956488339774,-3.544099950563454
-3.4354818128756914,6.283852972580118,-30.722563364456917,0.3440002706464319,29.42869123904716,-3.5631055339416298
-3.4325250275857626,6.308031522127244,-30.585478047583155,0.3431616220017025,29.267446392751992,-3.558906465306274
-3.421238376531454,6.3385393226690585,-30.120022986552623,0.3403980957329818,28.771553731524,-3.54373639475926
-3.408898656326291,6.364972107043272,-29.60419489912502,0.33743555193418295,28.22936915278918,-3.527212597783845
-3.396501439259684,6.384240418330496,-29.078572044246947,0.3345192965665734,27.68455416161417,-3.510674559788575
-3.3841101318321662,6.3961896100304605,-28.545702913292747,0.33166287071173106,27.139811510458394,-3.494205151474671
-3.37174866762459,6.400817209228858,-28.006553568655097,0.32886986191593176,26.596109597447146,-3.477833878313781
-3.3594571985511426,6.398182663710595,-27.46286766022519,0.3261470838269025,26.05513239309099,-3.4616112647007915
-3.347285242151291,6.388448224715734,-26.9169101277223,0.3235027799131826,25.518982303639927,-3.445599532648626
-3.335353016340531,6.372006155288125,-26.37430526021551,0.32095944376254903,24.99289065883243,-3.429952786321457
-3.323544834694413,6.348992987315962,-25.830029525585008,0.31848896014124156,24.471698108625997,-3.4145154753429856
-3.31350408069042,6.324133457308662,-25.361422054103137,0.3164237074098443,24.02800939667596,-3.4014242592055224
-3.309720990366058,6.31350300933862,-25.18346700739186,0.315653873918188,23.8607070415478,-3.396500087198867
-3.3112950793317366,6.37459335575052,-25.164138959946484,0.3156080669994791,23.780281669072252,-3.3976446564493
-3.333022929014165,6.821157414467108,-25.547633753579774,0.3175200553740492,23.717099861674455,-3.419741146259162
-3.362645565112218,7.4239914202491,-26.060235468383443,0.3201139540364864,23.62671304696346,-3.4498330505219705
-3.3924689582097374,8.024097690302916,-26.564725791159805,0.32271083570105874,23.530940260193418,-3.480090552640566
-3.423031508977733,8.632169089530262,-27.07004115206043,0.3253572707994776,23.428022175955718,-3.51105862548022
-3.4523293200745018,9.208679917735669,-27.543694942030577,0.3278804861491159,23.32500854531378,-3.540708321564607
-3.4674251797144997,9.50333615533116,-27.783744826676713,0.3291754654358831,23.270321028974944,-3.5559715721073104
-3.242796163211279,9.37024408188506,-27.674520269769065,0.307958463545207,23.29537407654393,-3.3239330796124
-2.7412710277859205,9.057124238871056,-27.416789159318792,0.26054606975514183,23.35312415506235,-2.805797182967415
-2.2206882262934973,8.724561953361974,-27.141731861070816,0.2112670623690788,23.412662785276808,-2.267855781013694
-1.7066982189449227,8.38856830639664,-26.86242807119207,0.16255118717695957,23.470943049234076,-1.7366119430468339
-1.196572479201317,8.047484901568732,-26.577421393529757,0.11414576785384223,23.528187782281513,-1.2092508961088981
-0.8024208138871627,7.778679911072083,-26.351750556651744,0.07670962288168758,23.57194424862976,-0.8017078066787399
-0.5832565521068915,7.627206278149854,-26.224167601662213,0.0558810746978437,23.596075251529705,-0.5750697643441304
-0.10834973729253669,7.294004974502146,-25.94245489299419,0.0107189827424267,23.64782538080281,-0.08390162467119403
0.40221365348169824,6.928100826003348,-25.63138622379715,-0.03787010034405279,23.702518000198225,0.4442443100916788
0.9104503194481569,6.555837717853934,-25.31306363621577,-0.08627855940981381,23.755936920917907,0.9700802359728262
1.4151624749247378,6.178102789241143,-24.988132110893076,-0.13438290688471555,23.807819955953704,1.4923627116506561
1.9179435767168804,5.793703087883196,-24.65545065066533,-0.18232951227318722,23.85822261449405,2.0127347571031713
2.418412430535351,5.4028990112446476,-24.315120582864797,-0.23007654894352259,23.9069918925725,2.5307958719948993
2.9127444446305706,5.008747027212384,-23.969704642749782,-0.27725338403048216,23.95365708584605,3.0425797135630726
3.2258223572276634,4.754869189868948,-23.74605549210618,-0.30713755483304134,23.982375331259504,3.3667466091888123
3.2323191009607024,4.646157930018527,-23.853588318492804,-0.3082762135315232,24.198583324309666,3.3747442742930547
3.22978201234242,4.3870672135964295,-24.13122176743378,-0.30935052197498164,24.73531257106438,3.37529653965799
3.2270630636458857,4.102101990445176,-24.42455777506299,-0.3105504327503386,25.31361914247935,3.3759320495494336
3.2243653437016975,3.8118258566164553,-24.711247298886583,-0.31179218388345153,25.890589988164606,3.376608791104378
3.2216827069815563,3.515661517792431,-24.99196660848216,-0.31307916425166055,26.46747868237413,3.3773289947094036
3.2189840207203204,3.21010197191132,-25.269905931079265,-0.31442799684215034,27.050982509063907,3.3781027252456983
3.2162980512259276,2.898324720420053,-25.542027734545325,-0.31582613435750434,27.634886377609014,3.3789235714813017
3.2136329976538143,2.581363611624442,-25.80752026626403,-0.31727002950273536,28.217344670629654,3.379789849682886
3.210972438480536,2.2573141693831964,-26.068017537922795,-0.318769596980418,28.801895902225773,3.3807079867808882
3.20837075562408,1.9330154665524129,-26.31829264061651,-0.32029393799258066,29.376473998681888,3.381659135279209
3.206774228330308,1.7303539569832573,-26.469665036723764,-0.32125852227355983,29.730510473624047,3.382269709444753
3.2060335816551775,1.6353884493679194,-26.539312332444197,-0.32171369424401236,29.895124452020458,3.382560064730778
3.041700103641535,1.6372193115933291,-26.55547912598123,-0.30526354044281734,29.910278191476145,3.210719069267269
2.546686848402135,1.6668076153219011,-26.581063676980822,-0.255544966317588,29.908479250632073,2.6927812622093974
2.0157454019530427,1.6927085984586787,-26.603448377735493,-0.2021994953295346,29.906894790061507,2.13724968476469
1.4850212833929652,1.7125689146566139,-26.6206052993761,-0.14886079748606976,29.905674313812384,1.5819441320005634
0.95462659430677,1.7263983355233583,-26.63254868838817,-0.0955441105804498,29.904822541507112,1.0269822761303753
0.42312566931689183,1.7342238649014956,-26.639302428262916,-0.04210891579641538,29.904310043104537,0.4708635096912981
-0.10733949625621923,1.7360160416980936,-26.640850295448914,0.011224935510481803,29.90420364863745,-0.08417286731426264
-0.6361402336796796,1.7318178224986616,-26.637226430875184,0.06439074923094848,29.904469696714926,-0.6374676910836832
-1.1670604497804453,1.7215911626023792,-26.628396768415683,0.11776503799336768,29.90510946298436,-1.1929798079162353
-1.697674376604493,1.7053482678411802,-26.614365372351234,0.1710989479150267,29.90608776797465,-1.7481691216064525
-2.2270772472934603,1.6831405268132056,-26.595178901824674,0.2242993925162938,29.907460440878975,-2.3020916897638393
-2.681344107549171,1.6593011858167377,-26.57457380740513,0.269936414593156,29.908924746329266,-2.7773971302739127
-2.8871823178433274,1.6470433825022588,-26.563975396702457,0.29061090615526736,29.909674126687104,-2.9927679594627397
-3.196592752572129,1.6269085474564982,-26.546561003347122,0.3216821158436545,29.910899964110655,-3.3165069997949685
-3.2024546402511027,1.641445127574781,-26.36309113395427,0.3216332221381963,29.7128668802646,-3.321358298335214
-3.1923751786033674,1.6762931937532692,-25.88939783115592,0.31902066780275495,29.204384644072665,-3.307558179257694
-3.181575890645916,1.706950375240706,-25.37486169017772,0.3162768496065348,28.65925430708968,-3.2928287712732085
-3.1707821554088076,1.730668157259179,-24.853252329752834,0.3135900434724713,28.113989740893693,-3.278163212389054
-3.1600109479756098,1.7474145447609182,-24.325325322407785,0.3109627289909839,27.569378421881996,-3.263582509994377
-3.1492095872344823,1.7572417726619876,-23.78839465782075,0.30838063741015337,27.02268241367619,-3.249013613612667
-3.1385873509216378,1.7600788643114484,-23.25292074698757,0.30589134730286643,26.48443191769661,-3.2347360270775476
-3.128028293385119,1.7561638747187933,-22.71321305758244,0.30346470921231633,25.948699023993516,-3.2205906146269543
-3.11762606122827,1.7457153316712097,-22.174190319444183,0.30111957706815634,25.420183419452766,-3.206699860722459
-3.1073887893108756,1.7290184989614494,-21.636513575175996,0.29885461119619,24.899260856449608,-3.193071180180963
-3.098912750732398,1.710359233334352,-21.185861495686982,0.29701085131422494,24.467315292886248,-3.181817615813034
-3.0956504719653744,1.7020066302087922,-21.011077655309272,0.2963087061306564,24.30090218597779,-3.1774934892905002
-3.0984046359566086,1.7851395273126762,-21.034960687488255,0.2964334725507051,24.241639684970213,-3.180009246846685
-3.1192403888169786,2.25269583113774,-21.47139850469956,0.29834904932913586,24.210419668202288,-3.201404580252968
-3.1457366067581845,2.8411842683906396,-22.01561130214543,0.3007726760165437,24.166014010008254,-3.228582037917334
-3.172578220766388,3.4305707108305734,-22.554958684750186,0.3032140169593301,24.11584220441575,-3.2560795075888516
-3.1996907014069498,4.019171322420216,-23.087909596750894,0.305666065048047,24.060057365568195,-3.2838198806256944
-3.2246498113746997,4.555196994456151,-23.568331345635553,0.3079112114772836,24.004328100984,-3.3093266613484684
-3.233724468831706,4.748729375886793,-23.74063691977622,0.30872465916752506,23.983055499890487,-3.318593299119801
-3.233724468831706,4.748729375886793,-23.74063691977622,0.30872465916752506,23.983055499890487,-3.318593299119801
-3.233724468831706,4.748729375886793,-23.74063691977622,0.30872465916752506,23.983055499890487,-3.318593299119801
-3.233724468831706,4.748729375886793,-23.74063691977622,0.30872465916752506,23.983055499890487,-3.318593299119801
-3.233724468831706,4.748729375886793,-23.74063691977622,0.30872465916752506,23.983055499890487,-3.318593299119801
-3.233724468831706,4.748729375886793,-23.74063691977622,0.30872465916752506,23.983055499890487,-3.318593299119801
-3.2337198349157426,4.748736304126576,-23.740582463603523,0.3087242148072217,23.982986960976962,-3.3185885364584027
-3.1692838958777685,4.84507547811776,-22.983353663716183,0.3025452565265028,23.029933584944718,-3.2523623549951526
-3.104911384247143,4.941319820806357,-22.226870240714224,0.2963723804928919,22.077818345387385,-3.186201363161347
-3.0408282697589866,5.037131481329116,-21.473787712525837,0.29022725563194285,21.129983495435003,-3.1203378088749445
-2.942497197400889,5.184147795983328,-20.318235065586425,0.2807979898701609,19.675596985687285,-3.0192747757495075
-2.8263631053638245,5.357781682074029,-18.953467508037427,0.2696615383746176,17.957891150390385,-2.8999140964741756
-2.710625417798701,5.53082289767737,-17.59335835831237,0.2585630993101954,16.24604841922291,-2.7809608350914603
-2.5940456795414097,5.705123076358665,-16.223353720997714,0.24738391344243899,14.52175115931042,-2.6611421280774192
-2.478191961861086,5.87833777039071,-14.861881025614828,0.23627434789717663,12.808192260199043,-2.5420696128810847
-2.3619578324330734,6.052121223939512,-13.49593786335481,0.2251283035117893,11.089006800726617,-2.4226061168468913
-2.2456702978950696,6.225984524298342,-12.129367102770782,0.21397713794788675,9.369031441686744,-2.3030877319330116
-2.129266644604824,6.400021435608497,-10.76143175489716,0.20281483740346828,7.64733860369806,-2.1834500021058423
-2.0133219402938023,6.573372165166316,-9.398889816197599,0.19169654687330487,5.932433947593676,-2.064283972370799
-1.8970183617761114,6.74725945312855,-8.032130512330657,0.18054384280336633,4.212221286681058,-1.9447490977226811
-1.7807767499791862,6.921054093683411,-6.666099419867151,0.1693970809108543,2.4929251576497014,-1.8252779114347448
-1.6647441717221079,7.0945362049438145,-5.302524817040906,0.15827036388059246,0.7767207833724323,-1.7060215663262575
-1.5484159672719977,7.268460311520372,-3.9354761177599995,0.14711529835505452,-0.9438561125987648,-1.5864613815562811
-1.4323250679233372,7.442029619551292,-2.5712161456996614,0.13598298873784279,-2.6609230973082822,-1.4671450950043707
-1.3160598550490812,7.615859546443705,-1.2049077015636194,0.12483396366620449,-4.380568303062416,-1.3476496519235115
-1.1996514265372682,7.789903597261848,0.16308376305712885,0.11367120521125831,-6.102331769975022,-1.2280070142034059
-1.083368387119279,7.963760176896876,1.5296016985503051,0.10252047069809311,-7.822240642992196,-1.1084932492987671
-0.9673951559711782,8.137153557372208,2.892478874741986,0.09139944464271163,-9.537567231310051,-0.989297900157238
-0.8512061032407341,8.310869616049843,4.257892311291282,0.08025772279902801,-11.256085974359317,-0.8698807331996056
-0.734898123344298,8.48476348458185,5.6247033386342045,0.06910459666748767,-12.976363734794576,-0.7503413348879573
-0.6184222214296373,8.658908415933336,6.993487727275703,0.05793536798261269,-14.699125181333716,-0.6306293491318384
-0.5024260992001839,8.832336021220197,8.35663391151351,0.046812146831779956,-16.414790345028763,-0.5114104729193889
-0.3863793292555627,9.005839350693229,9.720375290128029,0.03568406891741265,-18.131204624460302,-0.3921395418315781
-0.27012114145895405,9.17965877428286,11.086601177988868,0.024535717501848145,-19.85074592431861,-0.27265131900814105
-0.18189207264118537,9.311571426427278,12.123438584155688,0.016075163601168785,-21.15571661546351,-0.1819709563239615
-0.1175062817865236,9.407835623090133,12.880078059991375,0.009901014182354704,-22.108028264190754,-0.11579631632557795
-0.053544640397546465,9.503465667294236,13.631733078462604,0.003767537746543324,-23.054066440594198,-0.05005761006078079
-0.0013287977432238332,9.581534385243804,14.24535554534304,-0.0012395983047137258,-23.826375898127562,0.003608960528712241
-0.0013287977432238332,9.581534385243804,14.24535554534304,-0.0012395983047137258,-23.826375898127562,0.003608960528712241
-0.0013287977432238332,9.581534385243804,14.24535554534304,-0.0012395983047137258,-23.826375898127562,0.003608960528712241
-0.0013287977432238332,9.581534385243804,14.24535554534304,-0.0012395983047137258,-23.826375898127562,0.003608960528712241
-0.0013287977432238332,9.581534385243804,14.24535554534304,-0.0012395983047137258,-23.826375898127562,0.003608960528712241
-0.0013287977432238332,9.581534385243804,14.24535554534304,-0.0012395983047137258,-23.826375898127562,0.003608960528712241
-0.0013287977432238332,9.581534385243804,14.24535554534304,-0.0012395983047137258,-23.826375898127562,0.003608960528712241
-0.0013287977432238332,9.581534385243804,14.24535554534304,-0.0012395983047137258,-23.826375898127562,0.003608960528712241
-0.0013287977432238332,9.581534385243804,14.24535554534304,-0.0012395983047137258,-23.826375898127562,0.003608960528712241
-0.0013287977432238332,9.581534385243804,14.24535554534304,-0.0012395983047137258,-23.826375898127562,0.003608960528712241
-0.0013287977432238332,9.581534385243804,14.24535554534304,-0.0012395983047137258,-23.826375898127562,0.003608960528712241
-0.0013287977432238332,9.581534385243804,14.24535554534304,-0.0012395983047137258,-23.826375898127562,0.003608960528712241
-0.0013287977432238332,9.581534385243804,14.24535554534304,-0.0012395983047137258,-23.826375898127562,0.003608960528712241
-0.0013287977432238332,9.581534385243804,14.24535554534304,-0.0012395983047137258,-23.826375898127562,0.003608960528712241
0.002247392656350045,9.578963168388139,14.2484149544306,0.004500057742793291,-23.824819637334713,0.002882046285768054
0.002247392656350045,9.578963168388139,14.2484149544306,0.004500057742793291,-23.824819637334713,0.002882046285768054
0.002247392656350045,9.578963168388139,14.2484149544306,0.004500057742793291,-23.824819637334713,0.002882046285768054
0.002247392656350045,9.578963168388139,14.2484149544306,0.004500057742793291,-23.824819637334713,0.002882046285768054
0.002247392656350045,9.578963168388139,14.2484149544306,0.004500057742793291,-23.824819637334713,0.002882046285768054
0.002247392656350045,9.578963168388139,14.2484149544306,0.004500057742793291,-23.824819637334713,0.002882046285768054
0.002247392656350045,9.578963168388139,14.2484149544306,0.004500057742793291,-23.824819637334713,0.002882046285768054
0.002247392656350045,9.578963168388139,14.2484149544306,0.004500057742793291,-23.824819637334713,0.002882046285768054
0.002247392656350045,9.578963168388139,14.2484149544306,0.004500057742793291,-23.824819637334713,0.002882046285768054
0.002247392656350045,9.578963168388139,14.2484149544306,0.004500057742793291,-23.824819637334713,0.002882046285768054
0.002247392656350045,9.578963168388139,14.2484149544306,0.004500057742793291,-23.824819637334713,0.002882046285768054
0.002247392656350045,9.578963168388139,14.2484149544306,0.004500057742793291,-23.824819637334713,0.002882046285768054
0.002247392656350045,9.578963168388139,14.2484149544306,0.004500057742793291,-23.824819637334713,0.002882046285768054
0.002247392656350045,9.578963168388139,14.2484149544306,0.004500057742793291,-23.824819637334713,0.002882046285768054
0.002247392656350045,9.578963168388139,14.2484149544306,0.004500057742793291,-23.824819637334713,0.002882046285768054
0.002247392656350045,9.578963168388139,14.2484149544306,0.004500057742793291,-23.824819637334713,0.002882046285768054
0.0022481795551945283,9.578965444857486,14.248403548067222,0.004500056720662013,-23.8248094086631,0.0028828385564385627
0.019807754374851855,9.629373478502533,13.99417942326348,0.004469087670744118,-23.59645609721929,0.02055918300106808
0.05868213724350946,9.738170979574686,13.43354754738738,0.004342461812345687,-23.090173258704098,0.05967064156028216
0.10077493390302258,9.851614420026511,12.829854194708485,0.004115696030127553,-22.540769418460496,0.10198882872603453
0.14273459705411226,9.960160633822026,12.231496163195805,0.00379741659191936,-21.991784548373882,0.14414327919124087
0.18522214691971045,10.065426201032691,11.62905266532427,0.0033818149411724203,-21.434477577736775,0.18680027790375336
0.22788509700539458,10.166389740833928,11.027566915727354,0.0028704762402261535,-20.87336213883045,0.22960789666521422
0.2705997221028804,10.262685799679907,10.428772561271192,0.0022645503876941283,-20.309978652602183,0.2724444669954724
0.3139592312351729,10.355493704749264,9.824402688613048,0.0015536517075896389,-19.73638671224047,0.31590708059190586
0.35722025289419257,10.4430867780319,9.22485114102608,0.000748463627291912,-19.162310836915886,0.3592529906169756
0.4009402233135827,10.526483891834129,8.62240560516049,-0.0001623606078740518,-18.580252374597805,0.4030433490385442
0.44472583819912476,10.604792228860777,8.022520716340999,-0.0011722008877084605,-17.995333822193974,0.44688682893877046
0.4888807776595597,10.678422419658142,7.4210630811258325,-0.002289411114392869,-17.403387548948242,0.491090281853279
0.5332414154706552,10.74693857106267,6.82030798850055,-0.0035117413490532864,-16.806483776789676,0.5354927323951143
0.5776338649545487,10.809965910991565,6.222619803007542,-0.004835229318498989,-16.206861510756035,0.579923142144945
0.6219968329365732,10.867351349966892,5.628808565997451,-0.0062581510220984515,-15.605265304357607,0.6243232604578635
0.6661431400263413,10.918831111380811,5.041338604635088,-0.007773832673056215,-15.004170704706171,0.6685088525344338
0.7101538611292526,10.964496139307116,4.459080985197996,-0.009384099940727378,-14.402421114372439,0.712564133672
0.7539035508053226,11.004219560148478,3.8836436555863045,-0.011083325908838362,-13.801684685373528,0.756366543422344
0.7975831536206341,11.038163712266263,3.31247416106665,-0.01287817563411882,-13.199288343939466,0.8001102564900437
0.8409911849514786,11.066161316700054,2.7481683247717177,-0.014759654120107808,-12.597962181410677,0.8435964507793547
0.8839921575225447,11.08818007698791,2.1924132253925506,-0.01672009972973799,-11.99956781645777,0.8866921244301776
0.9270544062283376,11.10444790683555,1.6391222839614146,-0.018780252963425545,-11.397543418707688,0.9298695259846026
0.9697746319811856,11.114785801752145,1.09345413225571,-0.020920499162581936,-10.797477863639717,0.9727271718903976
1.012565884034231,11.119263490488942,0.5501131892807037,-0.023161303672779486,-10.193519801534984,1.0156823549200775
1.0554009187075095,11.117766000851846,0.009472167989068284,-0.025502394726686743,-9.585965420661557,1.0587110280804881
1.0976391764937155,11.110341141033738,-0.5204304887520491,-0.027907704443623265,-8.983882141934393,1.1011723492352983
1.1396539643698456,11.097005751637806,-1.0443528879887516,-0.030396557526769938,-8.381961751388939,1.1434438403223515
1.1813241391656908,11.077827763139881,-1.560828215168298,-0.03296076231794018,-7.781928594131629,1.1854060786977392
1.2228359758658205,11.05273613458505,-2.072199204857094,-0.035611054656820795,-7.18108367969693,1.2272491560577214
1.2643546740946903,11.021569422900034,-2.580493175881598,-0.03835852182346723,-6.576981504061728,1.269142606734142
1.305258935053361,10.984832034598126,-3.0781461531615024,-0.04116105334655683,-5.97866135059727,1.310461795603864
1.3462778610333097,10.941883025685385,-3.574056710522819,-0.04406803964984284,-5.375446815627342,1.3519456579210982
1.3868751483320585,10.893254877587204,-4.061745222272795,-0.047041642735747624,-4.7751923332967765,1.3930545507422452
1.4272292322063465,10.838786158812114,-4.543399292521458,-0.05009387044415532,-4.175272036556679,1.43397120007946
1.4674971877643848,10.778240614932049,-5.020897247451639,-0.053236799483849295,-3.5733241869695656,1.474857558901961
1.5075451120591332,10.7117898662777,-5.492650537522599,-0.05646031379516327,-2.9713224347083416,1.5155804079599118
1.5471845937035196,10.639792447819595,-5.956475446114415,-0.05974845264584071,-2.372113101891528,1.555950155394276
1.5868313099021287,10.56148620368035,-6.417243465655755,-0.06313578908607649,-1.7693997227192249,1.5963926498889294
1.6262154956488508,10.477362402519564,-6.871808437722869,-0.06659996301515012,-1.1672533155097722,1.6366355809733608
1.6653184278328081,10.38748888766083,-7.3199764008342445,-0.07013898672852913,-0.5659690739786117,1.6766619460471
1.704135157322645,10.29191231165087,-7.761714978520493,-0.07375201346681858,0.03436249584737615,1.7164687005905463
1.7428055289751854,10.190291178859864,-8.19862251084039,-0.07745223040420104,0.6359060071446551,1.756201642401873
1.7811082536563827,10.083231498164013,-8.62821504505779,-0.08121835274877255,1.2352078678514475,1.7956355173216636
1.8194137462016948,9.969685024569104,-9.054643531930058,-0.0850873455950528,1.8380714787496348,1.835154270117618
1.8573468309963563,9.850753819140529,-9.473728011656865,-0.08902187732354434,2.438597121238466,1.8743734008215194
1.8951094357050489,9.725839714910933,-9.887716917919619,-0.0930428066394289,3.0399608049580955,1.9135036724605317
1.932483553403906,9.595705119995923,-10.294239699709811,-0.09712679322120357,3.63866544736007,1.952321066456569
1.9699450732345034,9.458666882676923,-10.6984576735534,-0.10132686583454868,4.242344429493245,1.991322692680298
2.00687293925606,9.317011269051882,-11.093673357809811,-0.10557383263142696,4.840976606474371,2.029864236386218
2.043834371124539,9.168592691555927,-11.485967875878154,-0.1099331844800596,5.443734283983873,2.068539783152858
2.0804602896561324,9.014870387739885,-11.871407158097401,-0.11436258402654474,6.044603407450929,2.1069660155198124
2.1169244998977232,8.855147823216535,-12.251829941063997,-0.11888340564436532,6.646409005709669,2.1453273502011334
2.153115894527402,8.689927847732083,-12.62607738003721,-0.12348257820618973,7.247299030408287,2.1835092430735576
2.1890454324182276,8.51920707855772,-12.994277255322359,-0.12816176177869953,7.847419806784164,2.221525130293961
2.2247653202209112,8.342768358623307,-13.35697021161592,-0.13292836087426144,8.44761518329013,2.259432399629419
2.2603151741678396,8.160422275486845,-13.71455082500447,-0.13778876955976488,9.04853485794151,2.2972756930012115
2.295743061194214,7.971905503292076,-14.067482267039365,-0.1427511567523144,9.65098654872319,2.335109234086394
2.3309713623403385,7.777623895555247,-14.41497475434558,-0.14780617647525351,10.253639440000654,2.3728530842121613
2.365877667009005,7.578305773278306,-14.755833874390426,-0.1529368088429669,10.854355838686576,2.4103779925328213
2.400576594129812,7.373353050572198,-15.091192698498682,-0.15816046848495277,11.455062229210517,2.4478090463759385
2.4349487616740486,7.163533343896586,-15.41991362080243,-0.1634597115222475,12.05364201153909,2.485019232400348
2.4693872496765064,6.946428935982523,-15.745729791585484,-0.16889725346350623,12.65693164380455,2.5224374890140315
2.503467565694264,6.724708910434752,-16.064603913085957,-0.174408076711829,13.257479298939193,2.5596058430764144
2.537295145089113,6.4977790294856215,-16.377551376366036,-0.1800094733992057,13.857075769381272,2.59664059679208
2.5711486158838364,6.263747413909839,-16.687118394027063,-0.18575011957922502,14.460650261159284,2.633850544587175
2.6046192324114683,6.025458551130364,-16.989556626449076,-0.19156254339776108,15.060883824746902,2.6707893617418854
2.6379310586318745,5.781396048476382,-17.286910738970878,-0.1974864174066323,15.661732128325662,2.7077060521543332
2.6709950979241497,5.532250004432228,-17.57838423222471,-0.20350758312235195,16.261547338596333,2.7445046544861484
2.703977595767096,5.2767859577996905,-17.865429116332333,-0.20965851270386998,16.863311750688847,2.7813734025597223
2.7367682223220453,5.015858896130799,-18.14706125161787,-0.21592132886923748,17.464986785061395,2.8181926926534286
2.769277044205551,4.7502526315570375,-18.42251996147053,-0.22228023591896096,18.064862638795553,2.8548637514826813
2.8016941048918125,4.478452309802283,-18.693410120198667,-0.228774564369351,18.66640060567851,2.8916039879672693
2.8339720720326746,4.200849190642508,-18.959306171030622,-0.2353980897856439,19.268697036666694,2.9283639868187317
2.8659607439321992,3.918795607921124,-19.218976310649666,-0.2421218972523646,19.868891407209055,2.964975348796728
2.8978532410661684,3.6306381658131675,-19.473986813183664,-0.24898887791761193,20.4705539840549,3.0016621584472407
2.929561157931144,3.33719325380026,-19.723610934863096,-0.2559831817452212,21.071978060931063,3.0383267368065474
2.961065428121703,3.0386924976318963,-19.967699010149186,-0.2631030412113939,21.672744806327554,3.074950158179999
2.99236317007349,2.7352283317769452,-20.206234197448477,-0.270350132783009,22.27273695536663,3.1115320197181284
3.023661824379256,2.424789817102729,-20.44076510379706,-0.27777662392894154,22.875897650787266,3.148319748345367
3.054526943224387,2.1117633646955873,-20.668047586862553,-0.28528172633819876,23.473785711972955,3.1848055194822744
3.075932363823665,1.8906249720767887,-20.82330163625659,-0.29059569098093746,23.890223786484576,3.2102337901918947
3.0872027759097316,1.7728492868481696,-20.904256541874926,-0.2934303547787496,24.11007682763835,3.223664397394145
3.0942094815483077,1.6991613739160591,-20.954309090172387,-0.2952055913480888,24.246961994386886,3.2320289107859472
3.0932614246395342,1.5968916143135736,-21.065777867574038,-0.2956140659816165,24.460702296362847,3.232257533871788
3.0909071081665758,1.338490197526333,-21.339874736638247,-0.2966565046375873,24.993204908861767,3.2328497886237084
3.088395523172899,1.055817153108714,-21.627973054810248,-0.29781370122731915,25.563980796357814,3.233521159682225
3.08589578979233,0.7672346088566518,-21.910236380093906,-0.2990130301370912,26.134831073417544,3.2342312773866997
3.08339658650451,0.47143221156285786,-22.187915102395642,-0.3002609867194995,26.708316500678876,3.234984489202542
3.080917259549283,0.17073400611934703,-22.458854007580275,-0.3015487627769832,27.279957783771174,3.2357759053669857
3.0784442414879445,-0.13644397287754736,-22.724546002281453,-0.3028841128682628,27.852831815871873,3.2366106656528575
3.075975586614798,-0.4503462767882769,-22.98516882338213,-0.30426929075092807,28.427360885728522,3.237490674530061
3.0735146274622376,-0.7705456719620047,-23.240342022407198,-0.30570364042922693,29.00273730318831,3.2384159998298214
3.0711307063794298,-1.087691224909311,-23.483054586743435,-0.30714555905655994,29.562599016645326,3.2393596569974115
3.069864163061516,-1.2589902985382502,-23.610194155010362,-0.30793317097448003,29.861039524979624,3.239880477084314
3.0692005628651615,-1.3495215810043564,-23.676302855550126,-0.30835191493481734,30.017680473427255,3.240158861440065
3.0787965248341704,-1.137594976110389,-23.89055595595729,-0.30932354732811845,30.019960000517813,3.2502152672173854
3.1029881779818513,-0.6007895942197512,-24.416693111081344,-0.3117212269992085,30.009172959787204,3.275464143417962
3.1295075547557825,-0.018451035070520937,-24.981790516420563,-0.3143313854105288,29.99180058071144,3.3031060913232055
3.156366970292043,0.5650189470547153,-25.54207457553833,-0.31695576956480853,29.968480707607366,3.331064009334016
3.183567642832646,1.1495950811326143,-26.09749370470788,-0.31959397395293215,29.939186983424626,3.3593380382641973
3.2111763006393272,1.7366391037776685,-26.649296004335326,-0.32225189046693153,29.903805393867955,3.3879962764064837
3.239193385612231,2.326066999011234,-27.197337788612995,-0.3249289226995309,29.862276219407267,3.417037774599293
3.267549065142947,2.9163440214633893,-27.740155138112247,-0.3276178576431377,29.814670599001442,3.4463889092755275
3.296388881199084,3.5104115402706872,-28.28039538663973,-0.33033189200382995,29.760693699269645,3.476198933888608
3.3255844984050813,4.105534851075184,-28.815512630610804,-0.33305834614326607,29.700534936206836,3.506333771157845
3.3550975535540317,4.7008975023077255,-29.344770487314264,-0.3357932398089733,29.634274538711477,3.536752784198356
3.3851329633170573,5.3005481739799265,-29.871717868503836,-0.33855500774524755,29.56141160635463,3.567665784836031
3.4152279464222857,5.895243315630949,-30.388262660625315,-0.3413008417727732,29.483100000093806,3.5985956598749214
3.434546482976786,6.273827917532827,-30.71396947415101,-0.3430523280817345,29.43011801406034,3.61842691683057
3.270215290923035,6.308661616928338,-30.743032152309404,-0.326620044832371,29.42522404984714,3.446618038381793
2.772699379287487,6.340391676405112,-30.768079637400124,-0.2768936129093766,29.420935180964307,2.9265361653725144
2.212960960595023,6.369834176428714,-30.79130737107126,-0.2209302588823695,29.41694355786997,2.341415304728119
1.6548398585313249,6.392602804057855,-30.80926080874837,-0.16511349935251274,29.41384944115221,1.75799003737428
1.0978967007073532,6.408769906354735,-30.822004086502638,-0.10940328641932322,29.411649498610846,1.1757998201732718
0.5396669808475365,6.418409304885964,-30.829600372845142,-0.05355687020103594,29.410338257957402,0.592267182903415
-0.01591981331876337,6.42147870684604,-30.832015856678915,0.0020266617934405835,29.40989291735245,0.011500109770515948
-0.5636902170948507,6.418134448762359,-30.829381526492778,0.05683007658827233,29.410355450423843,-0.561097846034606
-1.1109009162799715,6.408476916525081,-30.821772059908064,0.11157393763675563,29.411680027061937,-1.1331120005173307
-1.6560312864199906,6.392576540532931,-30.809240120210504,0.16610261466491763,29.41385440633998,-1.702953979823403
-2.202188050604741,6.370356485618076,-30.791720461592217,0.22072335019115746,29.416884790498006,-2.273872500156997
-2.7257329654330653,6.34314237607466,-30.770252523246885,0.27306943578130666,29.42058517159669,-2.821158447076572
-2.9877837549604327,6.327345111943345,-30.75778544852426,0.2992644347105156,29.422727878696367,-3.0950943238268165
-3.324896297183584,6.304885334136988,-30.740050172397893,0.33295234977542765,29.42573640325551,-3.4474966585905396
-3.434991355555595,6.300567282205508,-30.6863273421538,0.34378104988230773,29.37574221239253,-3.562234657322419
-3.4255153797035085,6.327695938538316,-30.297054980794545,0.3414477175802679,28.959400235843653,-3.549484415681617
-3.413174660964446,6.356636137241618,-29.78370840063689,0.33846379593662523,28.417189923102192,-3.53293710176063
-3.4008171140689756,6.3783657322888745,-29.26233678893969,0.335536236922606,27.874164812885173,-3.51643042200604
-3.388438672570033,6.392849258920143,-28.732643524208388,0.3326625802921673,27.330063778565215,-3.4999571084418095
-3.3760459939143708,6.400036756120247,-28.194786443862444,0.3298429200758611,26.78509458285212,-3.483524216911405
-3.3637595340848905,6.399926979723903,-27.653980001567508,0.3271024214800278,26.24447220269444,-3.467288842086272
-3.351560863780514,6.392676066741948,-27.10949205193186,0.3244341738542042,25.70730848405683,-3.4512234222454934
-3.339509328331321,6.378508209503514,-26.56408791731456,0.32184825526213284,25.176144218743268,-3.4354028065034066
-3.327665706143632,6.357784904775113,-26.02074713478358,0.3193542345678796,24.65359710786256,-3.4199029084355086
-3.3164129351499883,6.3318333560923525,-25.497673805767533,0.31702697239174016,24.156541818841774,-3.4052187241472707
-3.311194558187817,6.317722802835431,-25.25281629058854,0.3159614452873901,23.925825572181143,-3.398422729033242
-3.308473628135779,6.316301792450566,-25.113841744336707,0.31536757477383603,23.788288281234074,-3.394779269340883
-3.3237999991417224,6.632036067769033,-25.38561475901401,0.3167178228327031,23.744247765785005,-3.410369739777216
-3.352293198670537,7.2140663519396115,-25.882394541819927,0.31921748356478474,23.658849027716432,-3.4393264751752723
-3.381989744492633,7.813977255860057,-26.388739828904345,0.3218083647627483,23.565127676922554,-3.469468586288893
-3.412290380668566,8.419224349890317,-26.89375196218901,0.3244372295368093,23.4647325143869,-3.500184900466345
-3.4429794589393503,9.025342412066596,-27.393639178492712,0.3270850335394516,23.358338075923925,-3.531255454053667
-3.464933351643434,9.454783934016668,-27.74428484316194,0.32897028880466234,23.27942436540394,-3.55345815375285
-3.385824140715369,9.423007444598538,-27.718088037533448,0.3214923005547795,23.28543026070711,-3.4717234816764155
-2.9778041496483127,8.99347715006241,-27.36551829796517,0.2830054426249278,23.364432540591537,-3.0503909595345378
-2.5122297276324996,8.49486451037173,-26.952845258146905,0.23901302694334095,23.45238314188506,-2.5694708194689464
-2.0557312362492706,7.997003210610237,-26.537128888914523,0.19580292434969454,23.536169703179667,-2.0977699968314507
-1.609021080866645,7.501036838065305,-26.119331737735514,0.15345147525963093,23.615628600379956,-1.6360397042681423
-1.1649525066316013,6.999210798937063,-25.692856899501596,0.11128834857992326,23.691951098935775,-1.1769048082583542
-0.7269183020673852,6.4954284986628466,-25.260913691649936,0.06964201161826748,23.764444534444575,-0.7238834700909724
-0.2984384238763741,5.994017455618729,-24.8271982168891,0.028854654364824633,23.832488137355586,-0.2806293254893355
0.1235031246247266,5.491745514339838,-24.388913675892468,-0.01135346093661893,23.896535887147298,0.15596437747628653
0.5390454463133492,4.988652699769818,-23.946058729464635,-0.050988969254573364,23.956559242257928,0.5860297106434547
0.9465702301676473,4.4869508485903395,-23.50056757995928,-0.0898913721001277,24.012267320236962,1.0078864726956682
1.3479308335804763,3.9846091473551644,-23.050636373666688,-0.12823015527467835,24.06395482423646,1.4234276070407348
1.7428553447876909,3.4821718445481986,-22.59672683526669,-0.165974094823129,24.11152352845753,1.8323673527350752
2.1327473431302475,2.9780245400660617,-22.13734565452675,-0.20325168291423434,24.15510181907531,2.236148393586077
2.517009294963875,2.4730889551755886,-21.673290654468165,-0.24000035471862582,24.19457746004863,2.634141525436188
2.882966476622666,1.9845898200821157,-21.22056280556987,-0.2750025252399643,24.22879457254572,3.013207243772784
3.0553258580151725,1.7518926385062144,-21.003595618713657,-0.29148799457247937,24.24371954315936,3.1917488460415173
3.09393618654775,1.6696787331083074,-20.98662467378925,-0.29532459796947397,24.308774939251048,3.2320943538980176
3.0920153020127574,1.4608085690728982,-21.211448361971122,-0.2961626907853767,24.742472346651404,3.232566666848269
3.0894858364460136,1.1793268632118121,-21.50355389461479,-0.2973074147299906,25.316064184133232,3.2332245815876632
3.0869837642518276,0.8936401071995002,-21.788025183047857,-0.2984869621034592,25.886226682601137,3.233916872445031
3.084479004289895,0.6003629374864561,-22.068287184248547,-0.2997162172993924,26.459770214413833,3.2346526787420604
3.0819937273305973,0.3021085960476468,-22.34184338057473,-0.3009852481219059,27.03158497915562,3.2354265151496717
3.0795180808639424,-0.0022319379881881904,-22.609796325491782,-0.3022996952682211,27.603882566420502,3.236242173341789
3.0770459592486787,-0.31340257287056617,-22.87278211036059,-0.30366391447306207,28.178042983439294,3.2371028340329566
3.0745605468805293,-0.6336137835577972,-23.132499588251193,-0.30508908685149183,28.757975581320057,3.23801622544828
3.072105265085755,-0.9572436344552591,-23.384397196268235,-0.30655139142197907,29.333506790856546,3.2389675236039315
3.0701849920570754,-1.215440768843518,-23.578129947970805,-0.30773383029824697,29.78543953086748,3.239746539993433
3.0693771066255575,-1.3254072898831633,-23.658768940923732,-0.3082416863105484,29.976046224236477,3.2400836820622043
2.999994426958486,-1.3479827716374697,-23.68264372852218,-0.3014126046161648,30.02283140566736,3.1677646922882
2.564738636342421,-1.321772359705845,-23.706593722318726,-0.2576493165576947,30.02250167939975,2.712258940921686
2.0449743710981716,-1.2958531644681233,-23.730266674375816,-0.20537035219579494,30.022166317084043,2.1683074840001635
1.5231117196185158,-1.2757155599285444,-23.748651643863454,-0.15286384747778292,30.0218998937084,1.6221551438499413
1.0048643950309335,-1.2615495347386343,-23.76158096169253,-0.1007088984492546,30.021710212353735,1.0797828353134864
0.48533946949650736,-1.2531785522115337,-23.769219854443914,-0.04841731298211934,30.021598651394232,0.5360710999564005
-0.036882893584567596,-1.250645738229958,-23.771527879118814,0.004147844747915023,30.021536498406082,-0.010462554602708448
-0.5563685302592954,-1.2539743395678,-23.768491498618797,0.056438915442586154,30.02158771939484,-0.5541341262403533
-1.0754639989513741,-1.263128522096029,-23.76013898167596,0.10868638624635865,30.021719441735726,-1.0973961266537686
-1.591286339225835,-1.2779979775626704,-23.746568400364957,0.16059605454797135,30.02192774431416,-1.6372302053856103
-2.1051702619430266,-1.2985371031338837,-23.72781723100224,0.21229833320297217,30.022208215684902,-2.1750320531059057
-2.557240659018682,-1.3213352946627834,-23.706991967546756,0.25776482446867005,30.02247962801921,-2.648136591969767
-2.7601201951608916,-1.3330064359076406,-23.696329288661836,0.2781657512580398,30.022631402062657,-2.8604555990424645
-3.0580650069877438,-1.3517645930435098,-23.67918725993899,0.30812001082794993,30.022870805655792,-3.1722612103399244
-3.0683498557750832,-1.293765220216221,-23.558277589757864,0.30859855140276704,29.843914329213764,-3.1819117877879344
-3.064747152574529,-1.1278363925790449,-23.208107988418384,0.30666536166996206,29.327840869017926,-3.174960072540154
-3.0607940924776016,-0.9521645968577958,-22.818648371977762,0.3045983799888659,28.762736688333987,-3.167384725686578
-3.05682027035129,-0.7822978177782071,-22.421613971690476,0.3025760665499864,28.195862713597442,-3.159823070147051
-3.0528515718587785,-0.6193648867092003,-22.019551657628053,0.3006102813877166,27.630894472700223,-3.1523228742122362
-3.048865945195519,-0.4624731587250882,-21.61019397893415,0.29868876147188994,27.06467202369475,-3.144840941272844
-3.0448725549527587,-0.31202802767868987,-21.1944204435297,0.29681488736208456,26.49848020926849,-3.1373932345891955
-3.0408673893982976,-0.16791025450310598,-20.77176012562379,0.29498568297629874,25.931728894651762,-3.1299709694284488
-3.036863775225664,-0.03060616695332486,-20.343585246545498,0.29320600496188404,25.36627654340901,-3.1225974039787388
-3.0328763906030534,0.09944438700954104,-19.91148906634234,0.29148070345065374,24.804156170964838,-3.1152977120311336
-3.0303358214854095,0.17882897131840503,-19.63322649179651,0.29040537976080405,24.446525734420998,-3.110668904040402
-3.029505567857093,0.20418606265681358,-19.54179187363102,0.29005793939117563,24.329739477441098,-3.1091598838548493
-3.0355073484341513,0.34711700499372783,-19.67007189843102,0.29059758197024593,24.315060096309765,-3.115293489221049
-3.0573796465791863,0.8518180422938638,-20.152989173193514,0.2926360630208382,24.293171726296848,-3.137820598056177
-3.0819667272046782,1.4132271937416627,-20.685230043769998,0.2949158670424426,24.263885027275727,-3.16311530233829
-3.094586305175126,1.6983478708690216,-20.955201943554563,0.2960851874371552,24.24867510851458,-3.176096070293214
-3.093568441554099,1.5883516054589122,-21.07500691104963,0.2965255933779329,24.47847824096698,-3.176345537726056
-3.0911986060502867,1.3276620000840738,-21.351131585740312,0.2975800996105227,25.01529688546849,-3.176951810009142
-3.0886786928833416,1.0433738591009785,-21.640385346551607,0.2987471306360651,25.588843336509893,-3.1776365934567896
-3.086182721631723,0.7545258913897618,-21.922403823573543,0.29995090425377263,26.159714191209186,-3.1783570140241864
-3.0836918341697848,0.45900498566810216,-22.199334634364575,0.3012011027603187,26.73217021025751,-3.1791192262739023
-3.0812208924094597,0.1586287923180273,-22.469532374132285,0.30249098129344,27.30274831110026,-3.1799195005046443
-3.078742971369775,-0.14987094861014158,-22.735915952885968,0.3038357003988433,27.87763570662277,-3.1807677200989124
-3.0762601660540865,-0.4663379510425409,-22.998164357912362,0.3052360649823185,28.456355090417233,-3.1816650776507887
-3.0737994641939728,-0.7873041990336409,-23.25341356926751,0.30667790696813574,29.032574381006974,-3.1826029330502976
-3.071446454934208,-1.1010792736350525,-23.493090988939002,0.3081084070050645,29.58603043340191,-3.183546418842543
-3.0702544986085,-1.262597632016281,-23.612844093271868,0.30885284587908035,29.867303658158615,-3.1840422534426613
-3.0696067365976107,-1.3511011952220016,-23.67745170821274,0.3092630878694279,30.02041578227731,-3.184316856612599
-3.0801646990109828,-1.11640501119935,-23.91142172023482,0.31032189957909195,30.019637977225525,-3.195360973256201
-3.1046562054279545,-0.5732007121870047,-24.44359995054678,0.31274851340382825,30.00849159143336,-3.2209212357276353
-3.1312165450260907,0.009728119721359802,-25.00898733171691,0.3153617107807726,29.990818672920003,-3.2486038916398687
-3.15801726920308,0.5916226852974676,-25.567481990129323,0.31797934870637334,29.967285068401576,-3.276498688117456
-3.185263120269925,1.1768745341362308,-26.12326966623138,0.32062089407207606,29.937683908702883,-3.3048175854247246
-3.21298821212296,1.7660837859512517,-26.67681743576631,0.32328888499886155,29.901881925162265,-3.333594396877326
-3.240984101973602,2.354751256179776,-27.22385675322497,0.32596270002090405,29.860110769794634,-3.3626115157969063
-3.2692578084513864,2.9430240506274084,-27.764549988918045,0.32864268090880194,29.81238563950971,-3.391875405575374
-3.298141742593493,3.5377089715315426,-28.305075437436713,0.3313596631877247,29.758076262349523,-3.421728582178511
-3.3274041800435126,4.133895843054053,-28.840864364867716,0.3340910875021246,29.697525222973226,-3.4519297942282563
-3.3570099499355677,4.730818118932001,-29.371210691791557,0.33683322027942075,29.63079312833676,-3.4824415916325893
-3.3871898654966253,5.333021581129377,-29.900080841344842,0.3396068056744578,29.55729934547844,-3.513500287596208
-3.4169749002438783,5.921289590501245,-30.410750652757976,0.34232296409581087,29.479541495422772,-3.54410872059199
-3.4355062308366233,6.284329947325169,-30.72297208174094,0.3440024443781027,29.42862259537809,-3.563130558952305
-3.4325383846461968,6.307991851903544,-30.58602549721825,0.3431648899145788,29.26803317513406,-3.558924423616798
-3.42128510081398,6.338425422911302,-30.121962427322092,0.3404093964494781,28.773606528091562,-3.5437990571454985
-3.40888236033973,6.3650022536364474,-29.603509045496427,0.33743164626875083,28.22865299883242,-3.527190791496011
-3.396502995273018,6.38423843695828,-29.07863862943574,0.3345196263599529,27.68462246445625,-3.510676606018224
-3.3841235709460498,6.396180603324382,-28.546285092345872,0.33166590526463946,27.14040236020262,-3.494222956024379
-3.3717162866227253,6.4008197218321925,-28.005131385698405,0.328862586375215,26.59468484363081,-3.4777910437327213
-3.3594362408178675,6.39817196078055,-27.46193424445969,0.32614245511455275,26.05420955210935,-3.4615836263371182
-3.347308465752206,6.388473662432225,-26.91795929586035,0.32350774428730783,25.520005640966172,-3.4456300081407565
-3.335318039344587,6.371947832788504,-26.372703944857115,0.32095202730156003,24.99134761971847,-3.429906968099527
-3.32356234359365,6.349032146937338,-25.830842233935737,0.3184925579875407,24.472471299594638,-3.414538307765092
-3.313510344377549,6.324150483571129,-25.361716225674765,0.31642495462996006,24.028286250881315,-3.4014323926353347
-3.3097209019418092,6.3135027539719255,-25.183463007224347,0.31565382489353855,23.860703043021886,-3.396499948993689
-3.311333113046401,6.375378381471952,-25.164815870724574,0.3156113892336591,23.780173103470602,-3.3976833290631223
-3.333069246940488,6.822105477243687,-25.54844450031406,0.3175240910658801,23.716962050776445,-3.419788203656676
-3.362520073779107,7.4214521014304005,-26.058088499339576,0.32010296447912084,23.62710579979745,-3.449705627571399
-3.392519354670578,8.025106076932747,-26.56556855707167,0.32271517970088487,23.530774119151527,-3.4801416255438937
-3.4230429948198333,8.632396394712186,-27.070228910575782,0.3253582305437272,23.427982313954978,-3.5110702318873916
-3.452413317223811,9.210323957766452,-27.545038048961036,0.3278876690177883,23.32470690732187,-3.5407932515071767
-3.4674238210210446,9.503309786441484,-27.783723376152437,0.3291753168075797,23.270325700499733,-3.5559701743725225
-3.2446590841303222,9.371393817208688,-27.675464370129173,0.30813442577885614,23.295158671531837,-3.3258574679174306
-2.7404761212689523,9.056622284024428,-27.41637500007064,0.2604708436411397,23.353215124463958,-2.8049758376913467
-2.2214935004511966,8.7250824221558,-27.142163392085955,0.21134331416498012,23.41257077875647,-2.268687976753051
-1.706834991062719,8.388658741581326,-26.862503414630876,0.16256413484716878,23.470927335488174,-1.736753300884774
-1.196497509849509,8.04743421098261,-26.577378897987213,0.11413862942422043,23.528195864235304,-1.2091733661093933
-0.8027140042111794,7.778881537689084,-26.351920145389812,0.07673746166438551,23.57191158152977,-0.8020109625603629
-0.5841624148395849,7.627835342409335,-26.224698047754153,0.0559671646593546,23.595975541493598,-0.5760065401158099
-0.10800869826749253,7.293763249051037,-25.94224996231532,0.010686522339705955,23.64786198170636,-0.08354885861907886
0.4002369917120621,6.929532996211378,-25.63260723808168,-0.03768187432020167,23.702307781455758,0.4421994024188356
0.9097427333212434,6.556361607388401,-25.313512902015702,-0.08621111533304644,23.755863004473245,0.969348093847373
1.4142694125336934,6.178778247816291,-24.988714842357457,-0.13429773637461276,23.80772890668084,1.4914384923220516
1.917646066725516,5.793932948913498,-24.655650162159294,-0.18230110344443448,23.85819285989178,2.0124268232887257
2.4178739020769076,5.403323934581038,-24.315491747130977,-0.2300251278411517,23.90693987823201,2.5302383802866957
2.912402735992151,5.009022280797962,-23.969946588208096,-0.2772207322238296,23.953625040828705,3.0422259245423002
3.225694147278987,4.754973833792286,-23.74614783408189,-0.3071252776647374,23.98236337972704,3.3666138594572503
3.23231943458421,4.646192086292449,-23.853550938642876,-0.30827603374746654,24.19851148716369,3.374744204372633
3.2297761164941323,4.3864580179259525,-24.131861956705343,-0.3093530273597706,24.73656166735865,3.3752978680033805
3.22707235016884,4.103088638803484,-24.42356268318062,-0.3105462061698639,25.31163708383804,3.37592980033432
3.2243701559874802,3.81235084489172,-24.7107391516708,-0.3117898809399381,25.889556543171828,3.3766075412894656
3.221678692819623,3.515213334279604,-24.99238282759045,-0.31308108693345527,26.468342792114264,3.377330106327239
3.218985140611007,3.21023092461507,-25.269790954927416,-0.3144273829964037,27.050738277830433,3.3781023915119706
3.2162946559814323,2.897926268882071,-25.542368246712122,-0.3158278950620448,27.63562504697463,3.378924639549267
3.2136335734219865,2.5814334927424243,-25.807462847230944,-0.3172696681077548,28.217217069142958,3.3797896536043983
3.210973676986568,2.257467383454236,-26.06789679987171,-0.3187688416194797,28.80162164768738,3.3807075429848297
3.208368338750247,1.9327114167959485,-26.31852256401859,-0.3202953370930764,29.377007675425048,3.3816600393852574
3.206773725062879,1.730290243436418,-26.469711966832794,-0.3212587858036223,29.730620817739922,3.38226990057162
3.206031730997022,1.6351510550947903,-26.539485407954743,-0.3217147932550408,29.895534624385565,3.382560790873401
3.0416491535714583,1.6372226137057242,-26.55548194485254,-0.3052583843085318,29.910277654371026,3.2106657624935653
2.5465981396504485,1.6668124357923895,-26.581067806806818,-0.25553601836601997,29.90847861922648,2.692688449473264
2.016866437538945,1.692660364705262,-26.60340666493626,-0.2023121138945805,29.906897411133,2.13842264789553
1.4842377888665041,1.71259383920893,-26.620626790110183,-0.14878201608712208,29.905672441659615,1.5811243555100385
0.9562992320843584,1.726364189482935,-26.632519165196538,-0.09571223552169585,29.90482430640729,1.0287323989239883
0.42391718363048164,1.7342167399581825,-26.63929626125745,-0.04218848017499064,29.904310344137368,0.47169169095641594
-0.10666768954621522,1.7360175126957025,-26.640851549729735,0.011157403584553494,29.904203416185737,-0.0834699376484659
-0.6352533150777678,1.7318298867297024,-26.637236830936587,0.06430159257737521,29.904468803932364,-0.6365396851423667
-1.1666454261598156,1.7216015426201423,-26.628405716651844,0.1177233281983849,29.905108680839202,-1.1925455547849682
-1.6964514987997197,1.7053925515380415,-26.614403621117546,0.17097604823756737,29.90608500280935,-1.7468896027352656
-2.2281089006739943,1.683091389441144,-26.595136438287753,0.2244030550276988,29.907463449594594,-2.30317112241159
-2.6803427348232454,1.6593585555555015,-26.574623402794067,0.2698358333457694,29.908921214246455,-2.7763493807077664
-2.8871303877785963,1.6470465853398366,-26.56397816416168,0.2906056953312904,29.90967391206934,-2.9927136231029285
-3.196363040978871,1.6269242809359892,-26.546574611603674,0.3216590555951503,29.910898989634283,-3.3162666492394264
-3.202474426371993,1.6413707356086815,-26.364014722021867,0.3216384056707883,29.7138647268229,-3.3213854381054357
-3.1923903066411414,1.6762453641836714,-25.890113436742585,0.3190245559456222,29.205147973667252,-3.307578851735553
-3.18161191480442,1.706859492781309,-25.376590068055553,0.3162859144575369,28.661073340884936,-3.2928778100912197
-3.1708431595209245,1.730553439702716,-24.85622094957958,0.3136050811390357,28.117072708589152,-3.2782459441513816
-3.160017604992464,1.7474063368515973,-24.32565387562812,0.3109643408334319,27.569715127702356,-3.263591503215085
-3.149269672591991,1.7572065958945589,-23.79140263312502,0.30839486122604437,27.025725205454098,-3.2490945113518874
-3.1386048249772114,1.76007970423614,-23.253807639232043,0.3058954071431294,26.485317853705553,-3.2347594733079474
-3.1280499462935185,1.7561788513065302,-22.714327478479053,0.3034696413511509,25.94979832895413,-3.220619572368889
-3.1176254177265443,1.745714479662686,-22.17415671171974,0.3011194377145138,25.4201506502982,-3.2066990007605214
-3.1073890585462536,1.7290190189541381,-21.636527774592533,0.29885467454730646,24.899274517317007,-3.1930715360418036
-3.098928315632594,1.710397506884662,-21.18669358225737,0.2970142156862306,24.468109002277608,-3.1818382544541945
-3.095634084770377,1.7019630366310756,-21.01019776870166,0.29630519373927516,24.300065966892905,-3.1774717759641473
-3.0984154092045695,1.785382353528594,-21.03518826745968,0.29643446958987507,24.241624369336478,-3.1800203128916196
-3.119184090334598,2.2514380978454587,-21.47022921062025,0.2983438891640171,24.210508365526696,-3.201346795756313
-3.14564042835338,2.839060284142885,-22.01365738807496,0.30076390775606865,24.166184536923318,-3.2284834460619622
-3.1724960344663713,3.428776159382422,-22.55332503456412,0.3032065670178841,24.11600349664236,-3.2559953628280294
-3.199630704513958,4.017876042283899,-23.08674291687625,0.30566065835293965,24.060186248972332,-3.2837585298964935
-3.2247093009053227,4.55646800098624,-23.569464909993922,0.3079165532730167,24.00419034192771,-3.3093874196702076
-3.233724469462849,4.748729375118812,-23.740636917126825,0.3087246635575111,23.983055480944508,-3.318593297816096
-3.233724469462849,4.748729375118812,-23.740636917126825,0.3087246635575111,23.983055480944508,-3.318593297816096
-3.233724469462849,4.748729375118812,-23.740636917126825,0.3087246635575111,23.983055480944508,-3.318593297816096
-3.233724469462849,4.748729375118812,-23.740636917126825,0.3087246635575111,23.983055480944508,-3.318593297816096
-3.233724469462849,4.748729375118812,-23.740636917126825,0.3087246635575111,23.983055480944508,-3.318593297816096
-3.233724469462849,4.748729375118812,-23.740636917126825,0.3087246635575111,23.983055480944508,-3.318593297816096
-3.233718112246178,4.7487388824097305,-23.740562105043626,0.30872404553765,23.98296132038249,-3.3185867725516083
-3.169540755058408,4.844716860926988,-22.985319357541684,0.3024850130450329,23.032391859871407,-3.2527129394787804
-3.1050911660575693,4.941101965263247,-22.226872970758404,0.29621951540642527,22.077790210142474,-3.186559678367825
-3.0410388630011953,5.036892923883417,-21.473101867305395,0.2899926401110394,21.129073001631546,-3.120814205129955
-2.9434992412541825,5.182764554172366,-20.325250114809847,0.2805102791029865,19.68435496266277,-3.020696203353248
-2.8271569619995196,5.356755775815892,-18.956127631659747,0.26920000874686617,17.961139447536972,-2.9012785112144
-2.7111476840423148,5.530248990175004,-17.590923926499816,0.25792211127124404,16.242856215034607,-2.7822026229896277
-2.5951318990822076,5.703751935832074,-16.22564364656389,0.24664358121422061,14.524476603396192,-2.6631200557546584
-2.4789697071377503,5.877473834824314,-14.858640441004994,0.2353508181321471,12.803928469801965,-2.5438872113865956
-2.3627280563975526,6.05131456536283,-13.49070215987056,0.22405033042521869,11.082203424164144,-2.424572807794592
-2.2468119269253815,6.2246684750873005,-12.126594631319403,0.2127814884241475,9.365299869932203,-2.3055925303587794
-2.1309085292023586,6.398003344333946,-10.76263693070802,0.20151388414616286,7.648584893299125,-2.186625321225479
-2.015084811966832,6.571219050491737,-9.399616914553203,0.19025402604490316,5.933050112319633,-2.0677398988681137
-1.8989850565743085,6.744847574899813,-8.033348465847704,0.17896733276210636,4.213426764071643,-1.9485711415111078
-1.7828891605840311,6.918470327527278,-6.667125434804819,0.16768101467294594,2.49386057975299,-1.8294063455764866
-1.6668947463953336,7.091941312949007,-5.302096647308333,0.15640456218569262,0.7757975034712868,-1.7103457140317706
-1.5507658547842995,7.2656134109082045,-3.9354853219453325,0.14511503641146944,-0.9442573988438148,-1.5911470502641762
-1.4346978878017012,7.439194395382282,-2.569590961035008,0.1338314334541566,-2.663409909821509,-1.4720109216176818
-1.3183654529940372,7.6131708945416765,-1.200584327890663,0.12252212013066263,-4.386479612918217,-1.352603334155728
-1.2022847090031326,7.786770987179171,0.16546039357174575,0.11123727505037255,-6.105821371855392,-1.2334540907511753
-1.0867724444006006,7.959520912329007,1.5248152176312944,0.10000769496588251,-7.816743040449238,-1.1148883540221224
-0.9707196548845408,8.133079198726673,2.890530969262101,0.08872556749324277,-9.535670748835935,-0.9957678040460662
-0.8543153015527423,8.307163252869117,4.260383943641794,0.07740926257600673,-11.25980568047559,-0.8762863969526835
-0.7385059082603147,8.480357537404648,5.62323539482891,0.06615079698373048,-12.975128300913402,-0.7574156771801241
-0.6221272441245039,8.654403173057945,6.992786057305944,0.054836989453976574,-14.698882734411017,-0.6379606383555895
-0.5064986866970507,8.8273270154699,8.35350942186727,0.04359610390685708,-16.411526886022095,-0.5192755346960158
-0.39041697717745283,9.0009285520667,9.719565505725624,0.03231116496223302,-18.13088294598582,-0.40012530023980963
-0.27391415904921235,9.175159861448867,11.090577219365635,0.020985287742688208,-19.85647629898364,-0.28054282551371995
-0.1860699418175056,9.306531902364517,12.12433290643956,0.01244547012455828,-21.15758986678999,-0.19037651833151306
-0.12204481504601518,9.40228221853693,12.87778419784418,0.006221236784713255,-22.10590455099029,-0.1246589397613638
-0.057865028079722054,9.498263830816018,13.63305553911639,-1.8031919985844183e-05,-23.05651000041337,-0.058782612680807166
-0.005589768680311767,9.576442084696762,14.248233730696882,-0.005099996280074248,-23.830790327663177,-0.005125499605235403
-0.005589768680311767,9.576442084696762,14.248233730696882,-0.005099996280074248,-23.830790327663177,-0.005125499605235403
-0.005589768680311767,9.576442084696762,14.248233730696882,-0.005099996280074248,-23.830790327663177,-0.005125499605235403
-0.005589768680311767,9.576442084696762,14.248233730696882,-0.005099996280074248,-23.830790327663177,-0.005125499605235403
-0.005589768680311767,9.576442084696762,14.248233730696882,-0.005099996280074248,-23.830790327663177,-0.005125499605235403
-0.005589768680311767,9.576442084696762,14.248233730696882,-0.005099996280074248,-23.830790327663177,-0.005125499605235403
-0.005589768680311767,9.576442084696762,14.248233730696882,-0.005099996280074248,-23.830790327663177,-0.005125499605235403
-0.005589768680311767,9.576442084696762,14.248233730696882,-0.005099996280074248,-23.830790327663177,-0.005125499605235403
-0.005589768680311767,9.576442084696762,14.248233730696882,-0.005099996280074248,-23.830790327663177,-0.005125499605235403
-0.005589768680311767,9.576442084696762,14.248233730696882,-0.005099996280074248,-23.830790327663177,-0.005125499605235403
-0.005589768680311767,9.576442084696762,14.248233730696882,-0.005099996280074248,-23.830790327663177,-0.005125499605235403
-0.005589768680311767,9.576442084696762,14.248233730696882,-0.005099996280074248,-23.830790327663177,-0.005125499605235403
-0.005589768680311767,9.576442084696762,14.248233730696882,-0.005099996280074248,-23.830790327663177,-0.005125499605235403
-0.005589768680311767,9.576442084696762,14.248233730696882,-0.005099996280074248,-23.830790327663177,-0.005125499605235403
