Joint0,Joint1,Joint2,Joint3,Joint4,Joint5 
0.0,9.4921875,14.150390624999998,0.0,-23.906250000000004,23.906250000000004
0.0,9.4921875,14.150390624999998,0.0,-23.906250000000004,23.906250000000004
0.0,9.4921875,14.150390624999998,0.0,-23.906250000000004,23.906250000000004
0.0,9.4921875,14.150390624999998,0.0,-23.906250000000004,23.906250000000004
0.0,9.4921875,14.150390624999998,0.0,-23.906250000000004,23.906250000000004
0.0,9.4921875,14.150390624999998,0.0,-23.906250000000004,23.906250000000004
0.0,9.4921875,14.150390624999998,0.0,-23.906250000000004,23.906250000000004
0.0,9.4921875,14.150390624999998,0.0,-23.906250000000004,23.906250000000004
0.0,9.4921875,14.150390624999998,0.0,-23.906250000000004,23.906250000000004
0.0,9.4921875,14.150390624999998,0.0,-23.906250000000004,23.906250000000004
0.0,9.4921875,14.150390624999998,0.0,-23.906250000000004,23.906250000000004
0.0,9.4921875,14.150390624999998,0.0,-23.906250000000004,23.906250000000004
0.0,9.4921875,14.150390624999998,0.0,-23.906250000000004,23.906250000000004
0.0,9.4921875,14.150390624999998,0.0,-23.906250000000004,23.906250000000004
0.0,9.4921875,14.150390624999998,0.0,-23.906250000000004,23.906250000000004
0.0,9.4921875,14.150390624999998,0.0,-23.906250000000004,23.906250000000004
0.0,9.4921875,14.150390624999998,0.0,-23.906250000000004,23.906250000000004
0.0,9.4921875,14.150390624999998,0.0,-23.818359374999996,23.906250000000004
0.0,9.4921875,14.150390624999998,0.0,-23.818359374999996,23.906250000000004
0.0,9.4921875,13.359374999999998,0.0,-23.466796875,23.906250000000004
0.0,9.580078124999998,12.744140625,0.0,-22.851562499999996,23.906250000000004
0.087890625,9.755859375,12.216796874999998,0.0,-22.236328125,23.906250000000004
0.17578125,9.84375,11.601562500000002,0.0,-21.62109375,23.906250000000004
0.17578125,9.931640625,10.986328124999998,0.0,-21.093749999999996,23.906250000000004
0.263671875,10.01953125,10.37109375,0.0,-20.478515625,23.906250000000004
0.263671875,10.107421875000002,9.755859375,0.0,-19.951171875,23.994140625
0.3515625,10.283203125,9.140625000000002,0.0,-19.3359375,23.906250000000004
0.3515625,10.37109375,8.613281249999998,0.0,-18.80859375,23.906250000000004
0.3515625,10.458984375,7.910156250000001,0.0,-18.193359375,23.906250000000004
0.439453125,10.546874999999998,7.382812500000001,0.0,-17.578125,23.906250000000004
0.439453125,10.634765625,6.767578125,0.0,-16.962890625,23.906250000000004
0.52734375,10.722656249999998,6.064453125,0.0,-16.435546875,23.906250000000004
0.52734375,10.722656249999998,5.625,0.0,-15.732421875,23.906250000000004
0.615234375,10.810546875,4.921875,0.0,-15.205078124999998,23.994140625
0.615234375,10.8984375,4.39453125,0.0,-14.589843750000002,23.906250000000004
0.703125,10.8984375,3.8671874999999996,0.0,-13.886718750000002,23.906250000000004
0.703125,10.986328124999998,3.251953125,0.0,-13.359374999999998,23.906250000000004
0.703125,10.986328124999998,2.724609375,0.0,-12.83203125,23.994140625
0.7910156249999999,10.986328124999998,2.109375,0.0,-12.12890625,23.906250000000004
0.7910156249999999,11.07421875,1.5820312499999998,0.0,-11.513671875,23.906250000000004
0.87890625,11.07421875,1.0546875,0.0,-10.8984375,23.906250000000004
0.9667968749999999,11.07421875,0.52734375,0.0,-10.283203125,23.906250000000004
0.9667968749999999,11.07421875,0.0,0.0,-9.66796875,23.906250000000004
1.0546875,11.07421875,-0.52734375,0.0,-9.228515625,23.906250000000004
0.9667968749999999,11.07421875,-1.0546875,0.0,-8.525390625,23.994140625
1.0546875,11.07421875,-1.5820312499999998,0.0,-7.910156250000001,23.906250000000004
1.1425781250000002,11.07421875,-2.109375,0.0,-7.294921875000001,23.906250000000004
1.1425781250000002,11.07421875,-2.6367187499999996,0.0,-6.679687499999999,23.906250000000004
1.1425781250000002,10.986328124999998,-3.1640624999999996,0.0,-6.064453125,23.906250000000004
1.3183593749999998,10.986328124999998,-3.6035156249999996,0.0,-5.44921875,23.906250000000004
1.23046875,10.8984375,-4.130859375,0.0,-4.921875,23.906250000000004
1.3183593749999998,10.8984375,-4.570312500000001,0.0,-4.306640624999999,23.906250000000004
1.40625,10.810546875,-5.09765625,0.0,-3.6914062500000004,23.906250000000004
1.3183593749999998,10.722656249999998,-5.44921875,0.0,-3.076171875,23.906250000000004
1.40625,10.634765625,-5.976562500000001,0.0,-2.4609375,23.906250000000004
1.5820312499999998,10.546874999999998,-6.416015625,0.0,-1.8457031250000002,23.906250000000004
1.5820312499999998,10.546874999999998,-6.943359375000001,0.0,-1.3183593749999998,23.906250000000004
1.4941406250000002,10.458984375,-7.382812500000001,0.0,-0.615234375,23.994140625
1.5820312499999998,10.37109375,-7.822265625000001,0.0,-0.087890625,23.906250000000004
1.6699218749999998,10.107421875000002,-8.26171875,0.0,0.52734375,23.906250000000004
1.6699218749999998,10.01953125,-8.7890625,0.0,1.1425781250000002,23.994140625
1.7578125,10.01953125,-9.052734375,0.0,1.6699218749999998,23.906250000000004
1.7578125,9.931640625,-9.4921875,-0.087890625,2.373046875,23.906250000000004
1.8457031250000002,9.66796875,-9.931640625,-0.087890625,2.9882812500000004,23.994140625
1.8457031250000002,9.580078124999998,-10.37109375,-0.087890625,3.6035156249999996,23.906250000000004
1.8457031250000002,9.404296875,-10.634765625,-0.087890625,4.130859375,23.906250000000004
1.9335937499999998,9.31640625,-11.162109375000002,-0.087890625,4.833984375,23.906250000000004
1.9335937499999998,9.228515625,-11.513671875,-0.087890625,5.273437499999999,23.906250000000004
2.021484375,8.96484375,-11.953125000000002,-0.087890625,5.888671875,23.906250000000004
2.021484375,8.701171875,-12.3046875,-0.087890625,6.50390625,23.906250000000004
2.109375,8.701171875,-12.656249999999998,-0.087890625,7.207031249999999,23.906250000000004
2.109375,8.349609375,-13.0078125,-0.087890625,7.734374999999999,23.906250000000004
2.109375,8.349609375,-13.359374999999998,-0.087890625,8.349609375,23.906250000000004
2.197265625,7.998046875,-13.710937499999998,-0.087890625,8.876953125,23.906250000000004
2.197265625,7.910156250000001,-14.0625,-0.087890625,9.4921875,23.994140625
2.2851562500000004,7.646484374999999,-14.414062499999998,-0.087890625,10.1953125,23.906250000000004
2.2851562500000004,7.646484374999999,-14.765625000000002,-0.087890625,10.722656249999998,23.994140625
2.2851562500000004,7.207031249999999,-15.1171875,-0.087890625,11.425781249999998,23.994140625
2.2851562500000004,7.119140625,-15.468749999999998,-0.087890625,11.953125000000002,23.906250000000004
2.373046875,6.767578125,-15.820312500000002,-0.087890625,12.568359375,23.906250000000004
2.373046875,6.679687499999999,-16.083984375,-0.087890625,13.095703125000002,23.906250000000004
2.4609375,6.416015625,-16.435546875,-0.17578125,13.710937499999998,23.994140625
2.4609375,6.240234375,-16.69921875,-0.17578125,14.326171875,23.906250000000004
2.548828125,5.888671875,-17.138671875,-0.17578125,14.94140625,23.994140625
2.548828125,5.625,-17.226562499999996,-0.17578125,15.556640625000002,23.994140625
2.548828125,5.44921875,-17.578125,-0.17578125,16.171875,23.906250000000004
2.548828125,5.273437499999999,-17.9296875,-0.17578125,16.611328125,23.906250000000004
2.6367187499999996,4.921875,-18.10546875,-0.17578125,17.314453125,23.906250000000004
2.6367187499999996,4.74609375,-18.45703125,-0.17578125,17.9296875,23.906250000000004
2.6367187499999996,4.306640624999999,-18.6328125,-0.17578125,18.6328125,23.906250000000004
2.6367187499999996,4.04296875,-18.896484375,-0.17578125,19.160156249999996,23.906250000000004
2.6367187499999996,3.779296875,-19.248046875,-0.17578125,19.775390625,23.906250000000004
2.6367187499999996,3.515625,-19.51171875,-0.17578125,20.302734375,23.906250000000004
2.6367187499999996,3.1640624999999996,-19.775390625,-0.17578125,20.91796875,23.906250000000004
2.6367187499999996,2.9003906250000004,-20.0390625,-0.17578125,21.533203125,23.994140625
2.724609375,2.724609375,-20.214843750000004,-0.17578125,22.1484375,23.906250000000004
2.8125,2.2851562500000004,-20.478515625,-0.263671875,22.763671875,23.906250000000004
2.8125,2.109375,-20.7421875,-0.263671875,23.291015625,23.906250000000004
2.8125,1.7578125,-20.830078124999996,-0.263671875,23.73046875,23.906250000000004
2.8125,1.7578125,-20.91796875,-0.263671875,24.082031250000004,23.906250000000004
2.8125,1.6699218749999998,-21.005859375,-0.263671875,24.169921875,23.906250000000004
2.8125,1.6699218749999998,-21.093749999999996,-0.263671875,24.345703125,23.994140625
2.8125,1.23046875,-21.357421875,-0.263671875,24.873046875,23.906250000000004
2.9003906250000004,1.0546875,-21.62109375,-0.263671875,25.400390625,23.906250000000004
2.9882812500000004,0.615234375,-21.972656249999996,-0.263671875,26.015625,23.906250000000004
2.9882812500000004,0.439453125,-22.236328125,-0.263671875,26.54296875,23.906250000000004
2.9882812500000004,0.0,-22.5,-0.263671875,27.158203125,23.906250000000004
2.9882812500000004,-0.17578125,-22.763671875,-0.263671875,27.685546875000004,23.906250000000004
2.9882812500000004,-0.615234375,-23.02734375,-0.263671875,28.300781249999996,23.906250000000004
2.9882812500000004,-0.7910156249999999,-23.203125000000004,-0.263671875,28.828124999999996,23.906250000000004
2.9882812500000004,-1.23046875,-23.5546875,-0.263671875,29.35546875,23.994140625
3.076171875,-1.23046875,-23.5546875,-0.263671875,29.70703125,23.906250000000004
3.076171875,-1.3183593749999998,-23.5546875,-0.263671875,29.794921874999996,23.906250000000004
2.9882812500000004,-1.23046875,-23.906250000000004,-0.263671875,29.8828125,23.994140625
2.9882812500000004,-0.7910156249999999,-24.521484375,-0.263671875,30.05859375,23.906250000000004
3.1640624999999996,-0.263671875,-25.048828125000004,-0.263671875,30.234375,23.906250000000004
3.3398437499999996,0.3515625,-25.576171874999996,-0.263671875,30.234375,23.906250000000004
3.4277343749999996,0.9667968749999999,-26.103515625,-0.263671875,30.234375,23.994140625
3.3398437499999996,1.4941406250000002,-26.718749999999996,-0.263671875,30.146484375000004,23.994140625
3.4277343749999996,2.109375,-27.24609375,-0.263671875,30.05859375,23.906250000000004
3.4277343749999996,2.724609375,-27.773437500000004,-0.17578125,30.05859375,23.994140625
3.4277343749999996,3.3398437499999996,-28.300781249999996,-0.263671875,30.05859375,23.994140625
3.4277343749999996,3.9550781250000004,-28.828124999999996,-0.263671875,29.8828125,23.994140625
3.4277343749999996,4.570312500000001,-29.35546875,-0.263671875,29.794921874999996,23.994140625
3.6035156249999996,5.185546875,-29.8828125,-0.263671875,29.794921874999996,23.994140625
3.515625,5.800781250000001,-30.410156249999996,-0.263671875,29.794921874999996,23.994140625
3.515625,6.15234375,-30.76171875,-0.263671875,29.619140625,23.994140625
3.515625,6.328124999999999,-30.76171875,-0.263671875,29.619140625,23.994140625
3.076171875,6.328124999999999,-30.76171875,-0.263671875,29.619140625,23.994140625
2.724609375,6.328124999999999,-30.76171875,-0.17578125,29.443359374999996,23.994140625
2.197265625,6.328124999999999,-30.849609375,-0.17578125,29.443359374999996,23.994140625
1.4941406250000002,6.328124999999999,-30.849609375,-0.087890625,29.443359374999996,23.994140625
0.9667968749999999,6.328124999999999,-30.849609375,-0.087890625,29.443359374999996,23.994140625
0.3515625,6.416015625,-30.849609375,-0.087890625,29.443359374999996,23.994140625
-0.263671875,6.416015625,-30.849609375,-0.087890625,29.443359374999996,23.994140625
-0.7910156249999999,6.416015625,-30.849609375,-0.087890625,29.443359374999996,23.994140625
-1.3183593749999998,6.416015625,-30.849609375,0.0,29.443359374999996,23.994140625
-2.021484375,6.416015625,-30.849609375,0.0,29.443359374999996,23.994140625
-2.4609375,6.416015625,-30.849609375,0.0,29.443359374999996,23.994140625
-2.8125,6.328124999999999,-30.849609375,0.3515625,29.443359374999996,23.994140625
-3.076171875,6.328124999999999,-30.849609375,0.439453125,29.619140625,23.994140625
-3.3398437499999996,6.328124999999999,-30.849609375,0.439453125,29.443359374999996,23.994140625
-3.3398437499999996,6.328124999999999,-30.673828125000004,0.3515625,29.267578125,23.994140625
-3.3398437499999996,6.328124999999999,-30.234375,0.3515625,28.740234375,23.994140625
-3.4277343749999996,6.328124999999999,-29.8828125,0.3515625,28.125,23.994140625
-3.4277343749999996,6.328124999999999,-29.35546875,0.3515625,27.421874999999996,23.994140625
-3.515625,6.240234375,-28.740234375,0.3515625,26.982421875,23.906250000000004
-3.6035156249999996,6.328124999999999,-28.212890625,0.3515625,26.54296875,23.906250000000004
-3.6035156249999996,6.240234375,-27.59765625,0.3515625,25.927734375000004,23.906250000000004
-3.6035156249999996,6.240234375,-27.0703125,0.3515625,25.48828125,23.994140625
-3.515625,6.240234375,-26.455078125,0.3515625,24.873046875,23.994140625
-3.515625,6.240234375,-25.83984375,0.3515625,24.2578125,23.994140625
-3.515625,6.240234375,-25.6640625,0.3515625,23.906250000000004,23.994140625
-3.515625,6.240234375,-25.400390625,0.3515625,23.73046875,23.994140625
-3.515625,6.416015625,-25.224609375,0.3515625,23.642578125,23.994140625
-3.515625,6.943359375000001,-25.6640625,0.3515625,23.5546875,23.906250000000004
-3.6035156249999996,7.55859375,-26.103515625,0.3515625,23.466796875,23.906250000000004
-3.515625,8.0859375,-26.630859375,0.3515625,23.115234375,23.994140625
-3.515625,8.7890625,-27.158203125,0.3515625,23.203125000000004,23.906250000000004
-3.6035156249999996,9.140625000000002,-27.509765625,0.3515625,23.203125000000004,23.906250000000004
-3.6035156249999996,9.4921875,-27.59765625,0.3515625,23.203125000000004,23.906250000000004
-3.4277343749999996,9.052734375,-27.59765625,0.3515625,23.203125000000004,23.906250000000004
-2.9003906250000004,8.613281249999998,-27.333984375,0.263671875,23.203125000000004,23.906250000000004
-2.4609375,7.910156250000001,-26.89453125,0.263671875,23.203125000000004,23.906250000000004
-2.021484375,7.55859375,-26.54296875,0.263671875,23.203125000000004,23.906250000000004
-1.6699218749999998,7.03125,-26.103515625,0.17578125,23.291015625,23.906250000000004
-1.1425781250000002,6.50390625,-25.751953125,0.17578125,23.37890625,23.906250000000004
-0.7910156249999999,6.064453125,-25.224609375,0.087890625,23.5546875,23.906250000000004
-0.263671875,5.44921875,-24.697265624999996,0.087890625,23.642578125,23.906250000000004
0.263671875,5.009765625,-24.345703125,0.0,23.642578125,23.906250000000004
0.52734375,4.482421875,-23.906250000000004,0.0,23.73046875,23.906250000000004
0.9667968749999999,3.9550781250000004,-23.37890625,-0.087890625,23.818359374999996,23.906250000000004
1.40625,3.4277343749999996,-22.851562499999996,-0.087890625,23.818359374999996,23.906250000000004
1.8457031250000002,2.9003906250000004,-22.324218750000004,-0.087890625,23.994140625,23.906250000000004
2.197265625,2.4609375,-21.972656249999996,-0.17578125,23.994140625,23.906250000000004
2.6367187499999996,1.9335937499999998,-21.445312499999996,-0.263671875,23.994140625,23.906250000000004
2.8125,1.7578125,-21.181640625000004,-0.263671875,24.082031250000004,23.906250000000004
2.8125,1.6699218749999998,-21.093749999999996,-0.263671875,24.082031250000004,23.906250000000004
2.9003906250000004,1.40625,-21.093749999999996,-0.263671875,24.433593749999996,23.906250000000004
2.9003906250000004,1.1425781250000002,-21.093749999999996,-0.263671875,24.9609375,23.906250000000004
2.9003906250000004,0.87890625,-21.357421875,-0.263671875,25.576171874999996,23.906250000000004
2.9882812500000004,0.52734375,-21.62109375,-0.263671875,26.191406250000004,23.994140625
2.9882812500000004,0.263671875,-22.060546875000004,-0.263671875,26.718749999999996,23.906250000000004
2.9882812500000004,-0.17578125,-22.324218750000004,-0.263671875,27.333984375,23.906250000000004
2.9882812500000004,-0.3515625,-22.587890625000004,-0.263671875,27.94921875,23.906250000000004
2.9882812500000004,-0.7910156249999999,-22.939453124999996,-0.263671875,28.564453124999996,23.994140625
2.9882812500000004,-0.9667968749999999,-23.02734375,-0.263671875,29.091796875,23.906250000000004
2.9882812500000004,-1.23046875,-23.37890625,-0.263671875,29.619140625,23.906250000000004
2.9882812500000004,-1.3183593749999998,-23.37890625,-0.263671875,29.70703125,23.906250000000004
2.9882812500000004,-1.3183593749999998,-23.37890625,-0.263671875,29.794921874999996,23.906250000000004
2.9882812500000004,-1.3183593749999998,-23.37890625,-0.263671875,29.8828125,23.906250000000004
2.6367187499999996,-1.3183593749999998,-23.5546875,-0.263671875,29.8828125,23.994140625
2.197265625,-1.3183593749999998,-23.5546875,-0.263671875,29.970703124999996,23.994140625
1.6699218749999998,-1.3183593749999998,-23.5546875,-0.263671875,29.970703124999996,23.994140625
1.23046875,-1.3183593749999998,-23.5546875,-0.17578125,29.970703124999996,23.994140625
0.703125,-1.3183593749999998,-23.642578125,-0.087890625,29.970703124999996,23.994140625
-0.087890625,-1.3183593749999998,-23.642578125,0.0,30.05859375,23.994140625
-0.615234375,-1.3183593749999998,-23.73046875,0.0,30.05859375,23.994140625
-1.1425781250000002,-1.3183593749999998,-23.73046875,0.087890625,30.05859375,23.994140625
-1.6699218749999998,-1.3183593749999998,-23.73046875,0.087890625,30.05859375,23.994140625
-2.109375,-1.3183593749999998,-23.73046875,0.087890625,30.05859375,23.994140625
-2.4609375,-1.3183593749999998,-23.73046875,0.087890625,30.05859375,23.994140625
-2.724609375,-1.3183593749999998,-23.73046875,0.17578125,30.05859375,23.994140625
-2.8125,-1.3183593749999998,-23.73046875,0.17578125,30.05859375,23.994140625
-2.8125,-1.3183593749999998,-23.466796875,0.17578125,29.970703124999996,23.994140625
-2.9003906250000004,-1.23046875,-23.203125000000004,0.17578125,29.091796875,23.906250000000004
-2.9882812500000004,-1.1425781250000002,-22.851562499999996,0.087890625,28.65234375,23.906250000000004
-2.9882812500000004,-1.1425781250000002,-22.587890625000004,0.087890625,28.037109375,23.994140625
-2.9882812500000004,-0.87890625,-22.060546875000004,0.087890625,27.509765625,23.994140625
-3.076171875,-0.703125,-21.708984374999996,0.087890625,26.89453125,23.994140625
-3.076171875,-0.52734375,-21.26953125,0.087890625,26.191406250000004,23.994140625
-3.076171875,-0.3515625,-20.7421875,0.087890625,25.83984375,23.994140625
-3.076171875,-0.17578125,-20.302734375,0.087890625,25.224609375,23.906250000000004
-3.076171875,0.0,-20.0390625,0.087890625,24.78515625,23.906250000000004
-3.076171875,0.0,-19.951171875,0.087890625,24.345703125,23.906250000000004
-3.076171875,0.087890625,-19.951171875,0.087890625,24.2578125,23.994140625
-3.076171875,0.615234375,-19.951171875,0.087890625,24.2578125,23.994140625
-3.1640624999999996,1.3183593749999998,-20.478515625,0.087890625,24.169921875,23.906250000000004
-3.251953125,1.4941406250000002,-20.654296875,0.087890625,23.994140625,23.906250000000004
-3.3398437499999996,1.6699218749999998,-20.7421875,0.087890625,24.169921875,23.906250000000004
-3.3398437499999996,1.5820312499999998,-21.093749999999996,0.087890625,24.609375,23.906250000000004
-3.3398437499999996,1.1425781250000002,-21.445312499999996,0.087890625,25.224609375,23.994140625
-3.3398437499999996,0.87890625,-21.708984374999996,0.087890625,25.751953125,23.994140625
-3.3398437499999996,0.615234375,-22.060546875000004,0.087890625,26.3671875,23.906250000000004
-3.3398437499999996,0.263671875,-22.324218750000004,0.087890625,26.982421875,23.994140625
-3.3398437499999996,-0.087890625,-22.587890625000004,0.087890625,27.59765625,23.994140625
-3.3398437499999996,-0.439453125,-22.851562499999996,0.087890625,28.125,23.906250000000004
-3.251953125,-0.703125,-23.115234375,0.087890625,28.65234375,23.906250000000004
-3.251953125,-1.0546875,-23.37890625,0.087890625,29.35546875,23.906250000000004
-3.251953125,-1.0546875,-23.466796875,0.087890625,29.70703125,23.906250000000004
-3.251953125,-1.23046875,-23.466796875,0.087890625,29.70703125,23.994140625
-3.251953125,-1.1425781250000002,-23.73046875,0.087890625,29.8828125,23.906250000000004
-3.251953125,-0.703125,-24.345703125,0.087890625,29.970703124999996,23.994140625
-3.251953125,-0.087890625,-24.9609375,0.087890625,30.146484375000004,23.994140625
-3.251953125,0.439453125,-25.48828125,0.087890625,30.146484375000004,23.994140625
-3.251953125,1.0546875,-26.103515625,0.17578125,30.05859375,23.994140625
-3.3398437499999996,1.6699218749999998,-26.630859375,0.17578125,30.05859375,23.994140625
-3.3398437499999996,2.197265625,-27.24609375,0.17578125,29.970703124999996,23.994140625
-3.3398437499999996,2.8125,-27.685546875000004,0.17578125,29.8828125,23.994140625
-3.3398437499999996,3.4277343749999996,-28.300781249999996,0.17578125,29.8828125,23.994140625
-3.4277343749999996,4.04296875,-28.828124999999996,0.17578125,29.794921874999996,23.994140625
-3.4277343749999996,4.570312500000001,-29.443359374999996,0.17578125,29.70703125,23.994140625
-3.4277343749999996,5.273437499999999,-29.970703124999996,0.17578125,29.70703125,23.994140625
-3.515625,5.888671875,-30.410156249999996,0.17578125,29.619140625,23.994140625
-3.515625,6.240234375,-30.673828125000004,0.17578125,29.619140625,23.994140625
-3.515625,6.328124999999999,-30.76171875,0.17578125,29.443359374999996,23.994140625
-3.515625,6.416015625,-30.410156249999996,0.17578125,29.091796875,23.994140625
-3.4277343749999996,6.416015625,-30.05859375,0.17578125,28.564453124999996,23.994140625
-3.515625,6.328124999999999,-29.70703125,0.17578125,28.037109375,23.994140625
-3.515625,6.328124999999999,-29.091796875,0.17578125,27.24609375,23.994140625
-3.4277343749999996,6.328124999999999,-28.564453124999996,0.17578125,26.806640625000004,23.994140625
-3.4277343749999996,6.328124999999999,-27.94921875,0.17578125,26.279296875,23.906250000000004
-3.4277343749999996,6.328124999999999,-27.333984375,0.17578125,25.83984375,23.994140625
-3.4277343749999996,6.328124999999999,-26.806640625000004,0.17578125,25.224609375,23.994140625
-3.3398437499999996,6.328124999999999,-26.191406250000004,0.17578125,24.78515625,23.906250000000004
-3.3398437499999996,6.328124999999999,-25.751953125,0.17578125,24.2578125,23.994140625
-3.3398437499999996,6.328124999999999,-25.48828125,0.17578125,23.818359374999996,23.994140625
-3.3398437499999996,6.328124999999999,-25.48828125,0.17578125,23.73046875,23.906250000000004
-3.4277343749999996,6.50390625,-25.400390625,0.17578125,23.5546875,23.906250000000004
-3.3398437499999996,7.207031249999999,-25.83984375,0.17578125,23.5546875,23.994140625
-3.4277343749999996,7.822265625000001,-26.279296875,0.17578125,23.466796875,23.906250000000004
-3.4277343749999996,8.349609375,-26.806640625000004,0.17578125,23.115234375,23.994140625
-3.515625,8.876953125,-27.333984375,0.17578125,23.203125000000004,23.906250000000004
-3.515625,9.31640625,-27.509765625,0.17578125,23.203125000000004,23.906250000000004
-3.515625,9.4921875,-27.509765625,0.17578125,23.203125000000004,23.906250000000004
-3.1640624999999996,9.052734375,-27.509765625,0.17578125,23.203125000000004,23.906250000000004
-2.724609375,8.7890625,-27.421874999999996,0.17578125,23.203125000000004,23.906250000000004
-2.109375,8.525390625,-27.24609375,0.17578125,23.203125000000004,23.906250000000004
-1.4941406250000002,8.0859375,-26.982421875,0.17578125,23.203125000000004,23.906250000000004
-1.1425781250000002,7.822265625000001,-26.718749999999996,0.087890625,23.203125000000004,23.906250000000004
-0.87890625,7.734374999999999,-26.54296875,0.087890625,23.291015625,23.906250000000004
-0.439453125,7.207031249999999,-26.279296875,0.087890625,23.291015625,23.994140625
0.087890625,6.943359375000001,-25.927734375000004,0.087890625,23.291015625,23.906250000000004
0.615234375,6.50390625,-25.576171874999996,0.0,23.466796875,23.994140625
1.1425781250000002,6.240234375,-25.312499999999996,0.0,23.5546875,23.906250000000004
1.6699218749999998,5.712890624999999,-24.873046875,-0.087890625,23.642578125,23.906250000000004
2.109375,5.361328124999999,-24.609375,-0.17578125,23.73046875,23.994140625
2.724609375,4.921875,-24.169921875,-0.17578125,23.73046875,23.906250000000004
2.9882812500000004,4.833984375,-23.994140625,-0.263671875,23.73046875,23.994140625
3.076171875,4.570312500000001,-23.906250000000004,-0.263671875,23.906250000000004,23.994140625
3.076171875,4.306640624999999,-23.906250000000004,-0.263671875,24.433593749999996,23.994140625
3.076171875,4.04296875,-23.994140625,-0.263671875,24.9609375,23.906250000000004
3.076171875,3.779296875,-24.345703125,-0.263671875,25.576171874999996,23.994140625
3.1640624999999996,3.3398437499999996,-24.609375,-0.263671875,26.191406250000004,23.994140625
3.1640624999999996,3.1640624999999996,-24.9609375,-0.263671875,26.718749999999996,23.906250000000004
3.1640624999999996,2.8125,-25.224609375,-0.263671875,27.421874999999996,23.994140625
3.1640624999999996,2.548828125,-25.576171874999996,-0.263671875,27.94921875,23.994140625
3.1640624999999996,2.197265625,-25.83984375,-0.263671875,28.4765625,23.994140625
3.1640624999999996,1.8457031250000002,-26.103515625,-0.263671875,29.179687500000004,23.906250000000004
3.1640624999999996,1.7578125,-26.279296875,-0.263671875,29.619140625,23.906250000000004
3.1640624999999996,1.6699218749999998,-26.279296875,-0.263671875,29.70703125,23.906250000000004
3.1640624999999996,1.6699218749999998,-26.279296875,-0.263671875,29.794921874999996,23.906250000000004
3.076171875,1.6699218749999998,-26.279296875,-0.263671875,29.794921874999996,23.906250000000004
2.548828125,1.6699218749999998,-26.455078125,-0.263671875,29.8828125,23.994140625
2.109375,1.6699218749999998,-26.455078125,-0.263671875,29.8828125,23.994140625
1.5820312499999998,1.6699218749999998,-26.455078125,-0.17578125,29.8828125,23.994140625
0.9667968749999999,1.6699218749999998,-26.455078125,-0.17578125,29.8828125,23.994140625
0.3515625,1.6699218749999998,-26.455078125,-0.17578125,29.970703124999996,23.994140625
-0.17578125,1.6699218749999998,-26.455078125,-0.17578125,29.970703124999996,23.994140625
-0.7910156249999999,1.6699218749999998,-26.455078125,-0.087890625,29.970703124999996,23.994140625
-1.3183593749999998,1.6699218749999998,-26.455078125,0.087890625,29.970703124999996,23.994140625
-1.8457031250000002,1.6699218749999998,-26.455078125,0.087890625,29.970703124999996,23.994140625
-2.373046875,1.6699218749999998,-26.455078125,0.087890625,29.970703124999996,23.994140625
-2.6367187499999996,1.6699218749999998,-26.455078125,0.17578125,29.970703124999996,23.994140625
-2.9003906250000004,1.6699218749999998,-26.455078125,0.17578125,29.970703124999996,23.994140625
-3.076171875,1.6699218749999998,-26.455078125,0.17578125,29.8828125,23.994140625
-3.076171875,1.6699218749999998,-26.279296875,0.17578125,29.70703125,23.994140625
-3.076171875,1.5820312499999998,-25.83984375,0.17578125,29.091796875,23.994140625
-3.1640624999999996,1.5820312499999998,-25.400390625,0.17578125,28.4765625,23.994140625
-3.1640624999999996,1.5820312499999998,-24.873046875,0.087890625,28.037109375,23.994140625
-3.251953125,1.5820312499999998,-24.345703125,0.087890625,27.333984375,23.994140625
-3.251953125,1.5820312499999998,-23.818359374999996,0.087890625,26.806640625000004,23.994140625
-3.3398437499999996,1.5820312499999998,-23.203125000000004,0.087890625,26.279296875,23.994140625
-3.3398437499999996,1.5820312499999998,-22.67578125,0.17578125,25.83984375,23.994140625
-3.3398437499999996,1.5820312499999998,-22.060546875000004,0.087890625,25.224609375,23.994140625
-3.3398437499999996,1.5820312499999998,-21.533203125,0.087890625,24.609375,23.994140625
-3.251953125,1.5820312499999998,-21.26953125,0.087890625,24.345703125,23.994140625
-3.3398437499999996,1.5820312499999998,-21.26953125,0.087890625,24.169921875,23.906250000000004
-3.3398437499999996,1.8457031250000002,-21.26953125,0.087890625,24.169921875,23.994140625
-3.251953125,2.548828125,-21.796875,0.087890625,24.169921875,23.994140625
-3.3398437499999996,3.076171875,-22.324218750000004,0.087890625,23.994140625,23.994140625
-3.3398437499999996,3.6914062500000004,-22.851562499999996,0.087890625,23.994140625,23.994140625
-3.3398437499999996,4.21875,-23.37890625,0.087890625,23.994140625,23.906250000000004
-3.4277343749999996,4.482421875,-23.466796875,0.087890625,23.906250000000004,23.994140625
-3.3398437499999996,4.658203125,-23.466796875,0.087890625,23.906250000000004,23.994140625
-3.3398437499999996,4.658203125,-23.466796875,0.087890625,23.906250000000004,23.994140625
-3.3398437499999996,4.74609375,-23.5546875,0.087890625,23.906250000000004,23.994140625
-3.3398437499999996,4.658203125,-23.5546875,0.087890625,23.906250000000004,23.994140625
-3.3398437499999996,4.658203125,-23.5546875,0.087890625,23.906250000000004,23.994140625
-3.3398437499999996,4.658203125,-23.5546875,0.087890625,23.906250000000004,23.994140625
-3.3398437499999996,4.658203125,-23.466796875,0.087890625,23.818359374999996,23.994140625
-3.3398437499999996,4.74609375,-22.763671875,0.087890625,22.324218750000004,23.906250000000004
-3.251953125,5.009765625,-21.884765625,0.087890625,21.62109375,23.994140625
-3.1640624999999996,5.009765625,-20.91796875,0.087890625,19.951171875,23.906250000000004
-3.076171875,5.273437499999999,-19.3359375,0.087890625,18.193359375,23.906250000000004
-2.8125,5.44921875,-18.10546875,0.087890625,16.611328125,23.906250000000004
-2.6367187499999996,5.625,-16.611328125,0.087890625,15.029296875,23.906250000000004
-2.4609375,5.888671875,-15.205078124999998,0.0,13.18359375,23.994140625
-2.373046875,5.976562500000001,-13.798828125,0.0,11.425781249999998,23.906250000000004
-2.2851562500000004,6.240234375,-12.48046875,0.0,9.931640625,23.906250000000004
-2.021484375,6.416015625,-11.07421875,0.0,7.910156250000001,23.906250000000004
-2.021484375,6.50390625,-9.66796875,0.0,6.328124999999999,23.994140625
-1.8457031250000002,6.767578125,-8.349609375,0.0,4.570312500000001,23.906250000000004
-1.6699218749999998,6.943359375000001,-6.943359375000001,0.0,2.9003906250000004,23.906250000000004
-1.6699218749999998,7.03125,-5.537109375,0.0,1.23046875,23.994140625
-1.5820312499999998,7.294921875000001,-4.21875,0.0,-0.52734375,23.906250000000004
-1.1425781250000002,7.470703125,-2.8125,0.0,-2.2851562500000004,23.906250000000004
-1.23046875,7.646484374999999,-1.40625,0.0,-3.8671874999999996,23.994140625
-1.23046875,7.822265625000001,-0.087890625,0.0,-5.625,23.906250000000004
-0.9667968749999999,7.910156250000001,1.23046875,0.0,-7.294921875000001,23.906250000000004
-0.9667968749999999,8.0859375,2.724609375,0.0,-8.96484375,23.906250000000004
-0.87890625,8.349609375,4.04296875,0.0,-10.810546875,23.994140625
-0.615234375,8.613281249999998,5.44921875,0.0,-12.48046875,23.906250000000004
-0.615234375,8.701171875,6.855468749999999,0.0,-14.23828125,23.994140625
-0.615234375,8.876953125,8.0859375,0.0,-15.908203125,23.994140625
-0.17578125,8.96484375,9.580078124999998,-0.087890625,-17.75390625,23.906250000000004
-0.17578125,9.228515625,11.07421875,0.0,-19.3359375,23.994140625
-0.17578125,9.31640625,11.953125000000002,-0.087890625,-20.830078124999996,23.994140625
-0.3515625,9.31640625,12.83203125,-0.087890625,-21.972656249999996,23.906250000000004
-0.087890625,9.404296875,13.710937499999998,-0.087890625,-22.851562499999996,23.906250000000004
0.0,9.580078124999998,14.326171875,-0.087890625,-23.818359374999996,23.906250000000004
0.0,9.580078124999998,14.414062499999998,-0.087890625,-24.169921875,23.906250000000004
-0.087890625,9.580078124999998,14.326171875,-0.087890625,-24.082031250000004,23.994140625
-0.087890625,9.580078124999998,14.326171875,-0.087890625,-24.082031250000004,23.906250000000004
-0.087890625,9.580078124999998,14.326171875,-0.087890625,-24.082031250000004,23.906250000000004
-0.087890625,9.580078124999998,14.326171875,-0.087890625,-24.082031250000004,23.906250000000004
-0.087890625,9.580078124999998,14.326171875,-0.087890625,-24.169921875,23.994140625
-0.087890625,9.580078124999998,14.414062499999998,-0.087890625,-24.082031250000004,23.906250000000004
-0.087890625,9.580078124999998,14.414062499999998,-0.087890625,-24.082031250000004,23.906250000000004
-0.087890625,9.580078124999998,14.326171875,-0.087890625,-24.169921875,23.906250000000004
-0.087890625,9.580078124999998,14.326171875,-0.087890625,-24.169921875,23.906250000000004
-0.087890625,9.580078124999998,14.326171875,-0.087890625,-24.082031250000004,23.906250000000004
-0.087890625,9.580078124999998,14.414062499999998,-0.087890625,-24.082031250000004,23.994140625
