Joint0,Joint1,Joint2,Joint3,Joint4,Joint5 
0.0,9.4921875,14.23828125,-0.087890625,-23.818359374999996,23.994140625
0.0,9.4921875,14.23828125,-0.087890625,-23.818359374999996,23.994140625
0.0,9.4921875,14.23828125,-0.087890625,-23.818359374999996,23.994140625
0.0,9.4921875,14.23828125,-0.087890625,-23.818359374999996,23.994140625
0.0,9.4921875,14.23828125,-0.087890625,-23.818359374999996,23.906250000000004
0.0,9.4921875,14.23828125,-0.087890625,-23.818359374999996,23.994140625
0.0,9.4921875,14.23828125,-0.087890625,-23.818359374999996,23.994140625
0.0,9.4921875,14.23828125,-0.087890625,-23.818359374999996,23.994140625
0.0,9.4921875,14.23828125,-0.087890625,-23.818359374999996,23.906250000000004
0.0,9.4921875,14.23828125,-0.087890625,-23.818359374999996,23.994140625
0.0,9.4921875,14.23828125,-0.087890625,-23.818359374999996,23.994140625
0.0,9.4921875,14.23828125,-0.087890625,-23.818359374999996,23.994140625
0.0,9.4921875,14.23828125,-0.087890625,-23.818359374999996,23.994140625
0.0,9.4921875,14.23828125,-0.087890625,-23.818359374999996,23.994140625
0.0,9.4921875,14.23828125,-0.087890625,-23.818359374999996,23.994140625
0.0,9.4921875,14.23828125,-0.087890625,-23.818359374999996,23.906250000000004
0.0,9.4921875,14.23828125,-0.087890625,-23.818359374999996,23.994140625
0.0,9.4921875,14.0625,-0.087890625,-23.818359374999996,23.906250000000004
0.0,9.4921875,13.623046875,-0.087890625,-23.203125000000004,23.994140625
0.0,9.66796875,13.095703125000002,-0.087890625,-22.587890625000004,23.906250000000004
0.0,10.01953125,12.744140625,-0.087890625,-21.972656249999996,23.994140625
0.0,10.283203125,12.392578125,-0.087890625,-21.357421875,23.994140625
0.0,10.634765625,11.865234375,-0.087890625,-20.830078124999996,23.906250000000004
0.17578125,10.8984375,11.425781249999998,-0.087890625,-20.214843750000004,23.994140625
0.087890625,11.162109375000002,11.162109375000002,-0.087890625,-19.599609375,23.994140625
0.17578125,11.425781249999998,10.634765625,-0.087890625,-18.984375,23.994140625
0.17578125,11.77734375,10.1953125,-0.087890625,-18.544921875,23.994140625
0.263671875,12.041015625000002,9.931640625,-0.087890625,-17.9296875,23.906250000000004
0.263671875,12.3046875,9.4921875,-0.087890625,-17.40234375,23.994140625
0.263671875,12.48046875,9.052734375,-0.087890625,-16.69921875,23.994140625
0.3515625,12.744140625,8.613281249999998,-0.087890625,-16.083984375,23.994140625
0.439453125,13.095703125000002,8.173828124999998,-0.087890625,-15.556640625000002,23.994140625
0.439453125,13.271484375,7.822265625000001,-0.087890625,-15.029296875,23.994140625
0.615234375,13.53515625,7.382812500000001,-0.087890625,-14.414062499999998,23.994140625
0.615234375,13.798828125,6.943359375000001,-0.087890625,-13.798828125,23.994140625
0.703125,14.0625,6.591796875,-0.087890625,-13.271484375,23.994140625
0.703125,14.414062499999998,6.064453125,-0.087890625,-12.656249999999998,23.994140625
0.7910156249999999,14.501953124999998,5.888671875,-0.087890625,-12.12890625,23.994140625
0.87890625,14.765625000000002,5.361328124999999,-0.087890625,-11.513671875,23.994140625
0.9667968749999999,15.029296875,5.009765625,-0.087890625,-10.986328124999998,23.994140625
0.9667968749999999,15.205078124999998,4.482421875,-0.263671875,-10.37109375,23.994140625
1.0546875,15.468749999999998,4.130859375,-0.263671875,-9.755859375,23.994140625
1.0546875,15.732421875,3.8671874999999996,-0.263671875,-9.228515625,23.994140625
1.1425781250000002,15.99609375,3.4277343749999996,-0.263671875,-8.7890625,23.994140625
1.1425781250000002,16.259765625,2.9882812500000004,-0.263671875,-7.998046875,23.994140625
1.3183593749999998,16.5234375,2.548828125,-0.3515625,-7.55859375,23.994140625
1.3183593749999998,16.787109375,2.197265625,-0.3515625,-6.855468749999999,23.994140625
1.40625,16.962890625,1.9335937499999998,-0.3515625,-6.416015625,23.994140625
1.40625,17.226562499999996,1.3183593749999998,-0.3515625,-5.888671875,23.994140625
1.40625,17.40234375,1.1425781250000002,-0.3515625,-5.185546875,23.994140625
1.4941406250000002,17.578125,0.703125,-0.439453125,-4.658203125,23.906250000000004
1.5820312499999998,17.9296875,0.263671875,-0.439453125,-4.130859375,23.994140625
1.6699218749999998,18.10546875,0.0,-0.439453125,-3.6035156249999996,23.994140625
1.6699218749999998,18.281250000000004,-0.439453125,-0.439453125,-2.9882812500000004,23.994140625
1.7578125,18.544921875,-0.7910156249999999,-0.439453125,-2.373046875,23.994140625
1.9335937499999998,18.80859375,-1.23046875,-0.52734375,-1.8457031250000002,23.994140625
1.8457031250000002,19.072265625,-1.5820312499999998,-0.615234375,-1.3183593749999998,23.994140625
1.8457031250000002,19.248046875,-1.8457031250000002,-0.615234375,-0.7910156249999999,23.994140625
2.109375,19.51171875,-2.373046875,-0.615234375,-0.17578125,23.994140625
2.109375,19.775390625,-2.724609375,-0.615234375,0.439453125,23.994140625
2.109375,19.951171875,-3.076171875,-0.703125,0.87890625,23.994140625
2.2851562500000004,20.126953125,-3.4277343749999996,-0.703125,1.40625,23.994140625
2.197265625,20.302734375,-3.779296875,-0.7910156249999999,1.9335937499999998,23.994140625
2.197265625,20.56640625,-4.130859375,-0.87890625,2.548828125,23.906250000000004
2.373046875,20.7421875,-4.658203125,-0.87890625,3.1640624999999996,23.994140625
2.4609375,20.91796875,-4.921875,-0.87890625,3.6914062500000004,23.994140625
2.4609375,21.181640625000004,-5.273437499999999,-0.87890625,4.306640624999999,23.994140625
2.548828125,21.357421875,-5.625,-0.9667968749999999,4.74609375,23.994140625
2.548828125,21.62109375,-5.976562500000001,-0.9667968749999999,5.273437499999999,23.994140625
2.724609375,21.884765625,-6.328124999999999,-1.0546875,5.888671875,23.994140625
2.724609375,22.060546875000004,-6.591796875,-1.0546875,6.416015625,23.994140625
2.8125,22.324218750000004,-7.03125,-1.0546875,6.943359375000001,23.994140625
2.8125,22.5,-7.294921875000001,-1.1425781250000002,7.55859375,23.994140625
2.9882812500000004,22.763671875,-7.910156250000001,-1.23046875,8.0859375,23.994140625
2.9882812500000004,22.939453124999996,-8.173828124999998,-1.23046875,8.701171875,23.906250000000004
2.9882812500000004,23.115234375,-8.4375,-1.3183593749999998,9.228515625,23.994140625
3.076171875,23.37890625,-8.876953125,-1.40625,9.755859375,23.994140625
3.251953125,23.5546875,-9.228515625,-1.4941406250000002,10.283203125,23.994140625
3.1640624999999996,23.818359374999996,-9.4921875,-1.4941406250000002,10.8984375,23.994140625
3.3398437499999996,23.994140625,-9.931640625,-1.4941406250000002,11.425781249999998,23.994140625
3.3398437499999996,24.169921875,-10.283203125,-1.5820312499999998,12.041015625000002,23.994140625
3.515625,24.433593749999996,-10.634765625,-1.5820312499999998,12.568359375,23.994140625
3.6035156249999996,24.609375,-10.986328124999998,-1.5820312499999998,13.095703125000002,23.994140625
3.6035156249999996,24.78515625,-11.337890625,-1.6699218749999998,13.623046875,23.994140625
3.6035156249999996,25.048828125000004,-11.689453125,-1.6699218749999998,14.150390624999998,23.994140625
3.6035156249999996,25.224609375,-12.041015625000002,-1.7578125,14.765625000000002,23.906250000000004
3.8671874999999996,25.400390625,-12.392578125,-1.7578125,15.292968749999998,23.994140625
3.8671874999999996,25.6640625,-12.744140625,-1.8457031250000002,15.820312500000002,23.994140625
4.04296875,25.83984375,-13.095703125000002,-1.9335937499999998,16.435546875,23.994140625
4.04296875,26.015625,-13.271484375,-2.021484375,16.962890625,23.906250000000004
3.9550781250000004,26.191406250000004,-13.710937499999998,-2.021484375,17.490234375000004,23.994140625
4.306640624999999,26.455078125,-14.0625,-2.109375,18.017578125,23.994140625
4.21875,26.718749999999996,-14.414062499999998,-2.197265625,18.6328125,23.994140625
4.306640624999999,27.0703125,-14.765625000000002,-2.2851562500000004,19.248046875,23.994140625
4.482421875,27.24609375,-15.029296875,-2.2851562500000004,19.775390625,23.994140625
4.39453125,27.509765625,-15.468749999999998,-2.373046875,20.302734375,23.994140625
4.482421875,27.59765625,-15.732421875,-2.4609375,20.91796875,23.994140625
4.570312500000001,27.773437500000004,-15.99609375,-2.548828125,21.357421875,23.994140625
4.570312500000001,28.037109375,-16.435546875,-2.548828125,21.884765625,23.994140625
5.009765625,28.037109375,-16.787109375,-2.6367187499999996,22.412109375,23.994140625
4.74609375,28.125,-17.138671875,-2.9003906250000004,23.02734375,23.994140625
4.833984375,28.300781249999996,-17.314453125,-2.9003906250000004,23.37890625,23.994140625
4.921875,28.388671875,-17.40234375,-2.9882812500000004,23.5546875,23.906250000000004
4.921875,28.388671875,-17.490234375000004,-2.9882812500000004,23.73046875,23.994140625
4.921875,28.4765625,-17.578125,-2.9882812500000004,23.73046875,23.994140625
4.921875,28.4765625,-17.666015625,-2.9882812500000004,23.906250000000004,23.994140625
4.921875,28.4765625,-17.841796875,-2.9882812500000004,24.082031250000004,23.994140625
4.921875,28.388671875,-18.017578125,-2.9882812500000004,24.697265624999996,23.994140625
4.921875,28.037109375,-18.369140625,-2.9882812500000004,25.224609375,23.994140625
4.833984375,27.773437500000004,-18.544921875,-2.9882812500000004,25.83984375,23.994140625
4.74609375,27.509765625,-18.984375,-3.076171875,26.3671875,23.994140625
4.74609375,27.0703125,-19.248046875,-3.076171875,26.982421875,23.994140625
4.74609375,26.89453125,-19.423828125,-3.1640624999999996,27.509765625,23.994140625
4.658203125,26.3671875,-19.775390625,-3.1640624999999996,28.037109375,23.994140625
4.570312500000001,26.279296875,-19.951171875,-3.1640624999999996,28.65234375,23.994140625
4.570312500000001,25.83984375,-20.126953125,-3.251953125,29.003906249999996,23.994140625
4.570312500000001,25.751953125,-20.214843750000004,-3.251953125,29.179687500000004,23.994140625
4.570312500000001,25.751953125,-20.302734375,-3.251953125,29.267578125,23.994140625
4.570312500000001,25.83984375,-20.478515625,-3.251953125,29.443359374999996,23.994140625
4.570312500000001,26.630859375,-21.181640625000004,-3.4277343749999996,29.70703125,23.906250000000004
4.658203125,27.0703125,-21.62109375,-3.6035156249999996,29.70703125,23.994140625
4.74609375,27.59765625,-22.324218750000004,-3.6035156249999996,29.794921874999996,23.994140625
4.74609375,28.212890625,-22.851562499999996,-3.6035156249999996,29.8828125,23.994140625
4.833984375,28.828124999999996,-23.37890625,-3.6035156249999996,29.8828125,23.994140625
4.833984375,29.443359374999996,-23.994140625,-3.6035156249999996,29.970703124999996,23.994140625
4.921875,30.146484375000004,-24.609375,-3.6035156249999996,29.970703124999996,23.994140625
5.009765625,30.76171875,-25.224609375,-3.6035156249999996,29.8828125,23.994140625
5.009765625,31.113281250000004,-25.751953125,-3.6035156249999996,29.8828125,23.994140625
5.09765625,31.81640625,-26.3671875,-3.6035156249999996,29.8828125,23.994140625
5.185546875,32.34375,-26.89453125,-3.6035156249999996,29.70703125,23.994140625
5.185546875,32.87109375,-27.421874999999996,-3.6035156249999996,29.70703125,23.994140625
5.273437499999999,33.046875,-27.509765625,-3.6035156249999996,29.267578125,23.994140625
5.09765625,33.046875,-27.509765625,-3.6035156249999996,29.35546875,23.994140625
4.39453125,33.046875,-27.509765625,-3.1640624999999996,29.35546875,23.994140625
3.6035156249999996,33.134765625,-27.59765625,-2.2851562500000004,29.443359374999996,23.994140625
2.9882812500000004,33.134765625,-27.59765625,-1.9335937499999998,29.443359374999996,23.994140625
2.4609375,33.134765625,-27.685546875000004,-2.021484375,29.443359374999996,23.994140625
1.8457031250000002,33.22265625,-27.685546875000004,-1.5820312499999998,29.443359374999996,23.994140625
1.1425781250000002,33.22265625,-27.685546875000004,-1.1425781250000002,29.443359374999996,23.994140625
0.52734375,33.22265625,-27.685546875000004,-0.703125,29.443359374999996,23.994140625
-0.17578125,33.22265625,-27.685546875000004,-0.3515625,29.443359374999996,23.994140625
-0.7910156249999999,33.22265625,-27.685546875000004,0.087890625,29.443359374999996,23.994140625
-1.3183593749999998,33.22265625,-27.685546875000004,0.439453125,29.443359374999996,23.994140625
-2.197265625,33.22265625,-27.685546875000004,0.9667968749999999,29.443359374999996,23.994140625
-2.724609375,33.22265625,-27.685546875000004,1.23046875,29.35546875,23.994140625
-3.3398437499999996,33.22265625,-27.685546875000004,1.5820312499999998,29.35546875,23.994140625
-4.04296875,33.134765625,-27.685546875000004,2.109375,29.35546875,23.994140625
-4.658203125,33.134765625,-27.685546875000004,2.548828125,29.35546875,23.994140625
-5.185546875,33.134765625,-27.685546875000004,2.9003906250000004,29.35546875,23.994140625
-5.361328124999999,33.134765625,-27.685546875000004,3.1640624999999996,29.35546875,23.994140625
-5.361328124999999,33.134765625,-27.685546875000004,3.3398437499999996,29.267578125,23.994140625
-5.361328124999999,33.046875,-27.509765625,3.3398437499999996,28.65234375,23.994140625
-5.361328124999999,33.046875,-26.982421875,3.3398437499999996,27.861328125,23.994140625
-5.44921875,32.958984375,-26.54296875,3.4277343749999996,27.59765625,23.994140625
-5.44921875,32.87109375,-26.015625,3.4277343749999996,26.3671875,23.994140625
-5.537109375,32.958984375,-25.400390625,3.4277343749999996,26.3671875,23.994140625
-5.44921875,32.958984375,-24.697265624999996,3.4277343749999996,25.400390625,23.906250000000004
-5.44921875,32.958984375,-24.2578125,3.515625,25.312499999999996,23.994140625
-5.537109375,32.958984375,-23.5546875,3.515625,24.433593749999996,23.994140625
-5.537109375,32.87109375,-23.203125000000004,3.515625,24.169921875,23.994140625
-5.537109375,32.958984375,-22.851562499999996,3.515625,24.169921875,23.994140625
-5.537109375,32.87109375,-22.324218750000004,3.515625,23.291015625,23.994140625
-5.625,32.87109375,-22.1484375,3.515625,23.37890625,23.994140625
-5.537109375,33.310546875,-22.1484375,3.515625,23.37890625,23.994140625
-5.625,34.013671875,-22.324218750000004,3.515625,23.37890625,23.994140625
-5.625,34.8046875,-22.851562499999996,3.6914062500000004,23.37890625,23.994140625
-5.800781250000001,35.15625,-23.37890625,3.779296875,23.37890625,23.994140625
-5.800781250000001,35.771484375,-23.906250000000004,3.9550781250000004,23.37890625,23.994140625
-5.888671875,36.03515625,-24.169921875,4.04296875,23.115234375,23.994140625
-5.625,35.947265625,-24.2578125,3.9550781250000004,23.115234375,23.906250000000004
-5.44921875,35.771484375,-24.2578125,3.779296875,23.115234375,23.994140625
-4.306640624999999,35.33203125,-24.2578125,3.515625,23.115234375,23.994140625
-3.9550781250000004,34.98046875000001,-24.169921875,3.4277343749999996,23.203125000000004,23.906250000000004
-3.6914062500000004,34.62890625,-23.906250000000004,3.1640624999999996,23.203125000000004,23.906250000000004
-2.2851562500000004,34.27734375,-23.466796875,2.6367187499999996,23.291015625,23.994140625
-2.197265625,33.75,-23.203125000000004,2.109375,23.291015625,23.994140625
-1.7578125,33.310546875,-22.67578125,1.5820312499999998,23.37890625,23.994140625
-0.9667968749999999,32.958984375,-22.1484375,1.1425781250000002,23.5546875,23.994140625
0.263671875,32.607421875,-21.884765625,0.615234375,23.5546875,23.906250000000004
0.0,32.080078125,-21.445312499999996,0.17578125,23.642578125,23.906250000000004
0.52734375,31.728515624999996,-21.005859375,-0.17578125,23.642578125,23.994140625
1.4941406250000002,31.376953125,-20.7421875,-0.439453125,23.73046875,23.994140625
2.021484375,30.849609375,-20.214843750000004,-0.87890625,23.73046875,23.994140625
2.197265625,30.498046875,-19.951171875,-1.3183593749999998,23.73046875,23.994140625
2.9882812500000004,30.05859375,-19.3359375,-1.6699218749999998,23.73046875,23.994140625
3.6035156249999996,29.531250000000004,-18.984375,-2.109375,23.73046875,23.994140625
3.8671874999999996,29.091796875,-18.544921875,-2.4609375,23.73046875,23.994140625
4.658203125,28.65234375,-18.193359375,-2.724609375,23.73046875,23.994140625
4.921875,28.388671875,-17.841796875,-2.9882812500000004,23.818359374999996,23.994140625
5.009765625,28.300781249999996,-17.841796875,-3.1640624999999996,23.906250000000004,23.994140625
4.921875,28.125,-17.841796875,-3.251953125,24.345703125,23.994140625
4.921875,27.773437500000004,-17.841796875,-3.251953125,25.048828125000004,23.994140625
4.833984375,27.685546875000004,-17.841796875,-3.251953125,25.576171874999996,23.994140625
4.74609375,27.333984375,-18.017578125,-3.251953125,26.103515625,23.994140625
4.74609375,26.982421875,-18.45703125,-3.251953125,26.718749999999996,23.906250000000004
4.658203125,26.806640625000004,-18.6328125,-3.3398437499999996,27.333984375,23.994140625
4.658203125,26.191406250000004,-18.984375,-3.3398437499999996,27.861328125,23.994140625
4.658203125,26.103515625,-19.160156249999996,-3.3398437499999996,28.388671875,23.994140625
4.570312500000001,25.751953125,-19.51171875,-3.3398437499999996,29.003906249999996,23.994140625
4.570312500000001,25.576171874999996,-19.775390625,-3.4277343749999996,29.267578125,23.994140625
4.570312500000001,25.576171874999996,-19.86328125,-3.4277343749999996,29.443359374999996,23.994140625
4.39453125,25.48828125,-19.86328125,-3.4277343749999996,29.619140625,23.994140625
3.9550781250000004,25.48828125,-19.86328125,-3.4277343749999996,29.619140625,23.994140625
3.3398437499999996,25.576171874999996,-20.0390625,-3.3398437499999996,29.619140625,23.906250000000004
2.6367187499999996,25.6640625,-20.0390625,-2.9882812500000004,29.70703125,23.994140625
2.021484375,25.6640625,-20.126953125,-2.548828125,29.70703125,23.994140625
1.40625,25.6640625,-20.126953125,-2.109375,29.70703125,23.994140625
0.7910156249999999,25.6640625,-20.126953125,-1.5820312499999998,29.70703125,23.994140625
0.17578125,25.6640625,-20.126953125,-1.0546875,29.70703125,23.994140625
-0.3515625,25.6640625,-20.126953125,-0.615234375,29.70703125,23.994140625
-0.9667968749999999,25.6640625,-20.126953125,-0.087890625,29.794921874999996,23.994140625
-1.6699218749999998,25.6640625,-20.126953125,0.439453125,29.70703125,23.994140625
-2.197265625,25.6640625,-20.126953125,0.87890625,29.70703125,23.994140625
-2.8125,25.6640625,-20.126953125,1.40625,29.70703125,23.994140625
-3.4277343749999996,25.576171874999996,-20.126953125,1.8457031250000002,29.70703125,23.994140625
-4.04296875,25.576171874999996,-20.302734375,2.197265625,29.70703125,23.994140625
-4.570312500000001,25.576171874999996,-20.214843750000004,2.6367187499999996,29.70703125,23.994140625
-4.658203125,25.576171874999996,-20.302734375,2.8125,29.70703125,23.994140625
-4.74609375,25.6640625,-20.302734375,2.9882812500000004,29.70703125,23.994140625
-4.74609375,25.751953125,-20.214843750000004,2.9882812500000004,29.003906249999996,23.994140625
-4.658203125,25.83984375,-20.126953125,2.9882812500000004,28.4765625,23.994140625
-4.74609375,25.927734375000004,-19.599609375,2.9882812500000004,27.685546875000004,23.994140625
-4.74609375,26.103515625,-19.248046875,3.076171875,27.158203125,23.994140625
-4.833984375,26.191406250000004,-18.80859375,3.076171875,26.279296875,23.994140625
-4.833984375,26.455078125,-18.281250000000004,3.076171875,26.191406250000004,23.994140625
-4.833984375,26.54296875,-17.841796875,3.076171875,25.224609375,23.994140625
-4.921875,26.718749999999996,-17.40234375,3.076171875,24.609375,23.906250000000004
-4.833984375,26.89453125,-16.875,3.076171875,24.521484375,23.994140625
-5.009765625,26.982421875,-16.787109375,3.076171875,23.818359374999996,23.994140625
-4.921875,26.982421875,-16.787109375,3.076171875,23.818359374999996,23.994140625
-4.921875,27.421874999999996,-16.787109375,3.076171875,23.73046875,23.994140625
-5.009765625,28.037109375,-16.787109375,3.1640624999999996,23.818359374999996,23.994140625
-5.09765625,28.4765625,-17.05078125,3.1640624999999996,23.818359374999996,23.994140625
-5.009765625,28.564453124999996,-17.05078125,3.251953125,23.818359374999996,23.994140625
-5.09765625,28.388671875,-17.490234375000004,3.251953125,23.994140625,23.906250000000004
-4.921875,27.94921875,-17.666015625,3.3398437499999996,24.609375,23.994140625
-4.921875,27.861328125,-18.10546875,3.4277343749999996,25.312499999999996,23.994140625
-4.833984375,27.333984375,-18.369140625,3.4277343749999996,25.83984375,23.994140625
-4.921875,27.158203125,-18.720703125,3.515625,26.455078125,23.994140625
-4.74609375,26.89453125,-19.072265625,3.515625,27.0703125,23.994140625
-4.74609375,26.455078125,-19.3359375,3.515625,27.685546875000004,23.994140625
-4.658203125,26.279296875,-19.423828125,3.4277343749999996,28.212890625,23.994140625
-4.658203125,25.751953125,-19.951171875,3.3398437499999996,28.828124999999996,23.994140625
-4.658203125,25.751953125,-19.951171875,3.3398437499999996,29.179687500000004,23.994140625
-4.658203125,25.6640625,-20.126953125,3.251953125,29.267578125,23.994140625
-4.658203125,25.751953125,-20.126953125,3.251953125,29.267578125,23.994140625
-4.658203125,26.191406250000004,-20.830078124999996,3.1640624999999996,29.443359374999996,23.994140625
-4.658203125,26.718749999999996,-21.26953125,3.1640624999999996,29.70703125,23.906250000000004
-4.833984375,27.333984375,-21.972656249999996,3.1640624999999996,29.70703125,23.994140625
-4.833984375,27.94921875,-22.587890625000004,3.1640624999999996,29.794921874999996,23.994140625
-4.833984375,28.564453124999996,-23.115234375,3.1640624999999996,29.794921874999996,23.994140625
-5.009765625,29.179687500000004,-23.73046875,3.1640624999999996,29.794921874999996,23.994140625
-4.921875,29.70703125,-24.345703125,3.1640624999999996,29.794921874999996,23.994140625
-5.009765625,30.410156249999996,-24.873046875,3.251953125,29.794921874999996,23.994140625
-5.009765625,31.113281250000004,-25.48828125,3.251953125,29.794921874999996,23.994140625
-5.185546875,31.640625000000004,-26.015625,3.3398437499999996,29.70703125,23.994140625
-5.185546875,32.255859375,-26.630859375,3.3398437499999996,29.619140625,23.994140625
-5.273437499999999,32.87109375,-27.158203125,3.4277343749999996,29.443359374999996,23.994140625
-5.361328124999999,32.958984375,-27.421874999999996,3.4277343749999996,29.443359374999996,23.994140625
-5.361328124999999,32.958984375,-27.509765625,3.4277343749999996,29.443359374999996,23.994140625
-5.361328124999999,32.958984375,-27.421874999999996,3.4277343749999996,29.003906249999996,23.994140625
-5.361328124999999,33.046875,-27.158203125,3.4277343749999996,28.388671875,23.994140625
-5.361328124999999,33.134765625,-26.89453125,3.4277343749999996,27.861328125,23.994140625
-5.361328124999999,33.046875,-26.630859375,3.4277343749999996,27.158203125,23.994140625
-5.361328124999999,33.046875,-26.191406250000004,3.4277343749999996,27.158203125,23.994140625
-5.361328124999999,33.134765625,-25.83984375,3.4277343749999996,26.3671875,23.994140625
-5.361328124999999,33.134765625,-25.576171874999996,3.4277343749999996,26.455078125,23.994140625
-5.361328124999999,33.046875,-24.78515625,3.4277343749999996,26.3671875,23.994140625
-5.712890624999999,33.046875,-24.2578125,3.4277343749999996,25.13671875,23.906250000000004
-5.273437499999999,33.046875,-23.818359374999996,3.4277343749999996,24.9609375,23.994140625
-5.625,32.958984375,-23.115234375,3.4277343749999996,24.433593749999996,23.994140625
-5.44921875,32.958984375,-22.587890625000004,3.4277343749999996,23.73046875,23.994140625
-5.44921875,32.958984375,-22.1484375,3.4277343749999996,23.73046875,23.994140625
-5.537109375,33.134765625,-22.060546875000004,3.4277343749999996,23.5546875,23.994140625
-5.625,33.75,-22.060546875000004,3.4277343749999996,23.5546875,23.994140625
-5.625,34.62890625,-22.587890625000004,3.4277343749999996,23.466796875,23.994140625
-5.625,35.15625,-23.203125000000004,3.4277343749999996,23.115234375,23.906250000000004
-5.888671875,35.59570312499999,-23.5546875,3.4277343749999996,23.115234375,23.906250000000004
-5.888671875,35.947265625,-24.082031250000004,3.515625,23.115234375,23.906250000000004
-5.712890624999999,36.03515625,-24.2578125,3.6035156249999996,23.203125000000004,23.906250000000004
-5.537109375,36.03515625,-24.2578125,3.515625,23.115234375,23.906250000000004
-4.658203125,35.859375,-24.2578125,3.251953125,23.115234375,23.906250000000004
-4.04296875,35.59570312499999,-24.2578125,3.076171875,23.115234375,23.906250000000004
-3.515625,35.244140625,-24.2578125,2.9003906250000004,23.115234375,23.906250000000004
-2.724609375,35.068359375,-24.169921875,2.6367187499999996,23.203125000000004,23.906250000000004
-1.7578125,34.8046875,-23.906250000000004,2.021484375,23.203125000000004,23.994140625
-1.5820312499999998,34.541015625,-23.818359374999996,1.4941406250000002,23.291015625,23.994140625
-1.23046875,34.189453125,-23.466796875,0.9667968749999999,23.291015625,23.994140625
0.439453125,33.92578125,-23.203125000000004,0.439453125,23.37890625,23.994140625
0.439453125,33.662109375,-22.851562499999996,0.0,23.466796875,23.994140625
0.87890625,33.3984375,-22.587890625000004,-0.439453125,23.5546875,23.994140625
1.8457031250000002,33.134765625,-22.236328125,-0.7910156249999999,23.5546875,23.906250000000004
2.9003906250000004,32.958984375,-21.972656249999996,-1.23046875,23.642578125,23.994140625
2.8125,32.431640625,-21.708984374999996,-1.8457031250000002,23.73046875,23.994140625
3.3398437499999996,32.16796875,-21.445312499999996,-2.197265625,23.73046875,23.994140625
4.482421875,31.9921875,-21.093749999999996,-2.6367187499999996,23.73046875,23.994140625
4.921875,31.552734374999996,-20.91796875,-2.9882812500000004,23.73046875,23.994140625
5.009765625,31.376953125,-20.7421875,-3.3398437499999996,23.73046875,23.994140625
5.273437499999999,31.289062500000004,-20.7421875,-3.4277343749999996,23.73046875,23.994140625
5.625,31.025390624999996,-20.7421875,-3.515625,24.2578125,23.994140625
5.009765625,30.76171875,-20.7421875,-3.6035156249999996,24.873046875,23.994140625
4.658203125,30.498046875,-20.654296875,-3.6035156249999996,25.48828125,23.994140625
5.273437499999999,30.234375,-21.005859375,-3.6035156249999996,26.015625,23.994140625
5.273437499999999,29.8828125,-21.26953125,-3.6914062500000004,26.630859375,23.994140625
4.658203125,29.619140625,-21.62109375,-3.779296875,27.24609375,23.994140625
5.009765625,29.35546875,-21.884765625,-3.779296875,27.773437500000004,23.994140625
5.361328124999999,29.091796875,-22.236328125,-3.8671874999999996,28.388671875,23.994140625
4.74609375,28.65234375,-22.587890625000004,-3.8671874999999996,29.003906249999996,23.994140625
4.74609375,28.564453124999996,-22.763671875,-3.8671874999999996,29.443359374999996,23.994140625
4.921875,28.4765625,-22.763671875,-3.8671874999999996,29.619140625,23.906250000000004
4.74609375,28.388671875,-22.763671875,-3.6914062500000004,29.619140625,23.906250000000004
4.130859375,28.388671875,-22.939453124999996,-3.4277343749999996,29.619140625,23.994140625
3.515625,28.4765625,-22.939453124999996,-2.9882812500000004,29.70703125,23.994140625
2.9003906250000004,28.564453124999996,-22.939453124999996,-2.6367187499999996,29.70703125,23.994140625
2.2851562500000004,28.564453124999996,-22.939453124999996,-2.4609375,29.70703125,23.994140625
1.7578125,28.4765625,-22.939453124999996,-2.109375,29.70703125,23.994140625
1.0546875,28.564453124999996,-22.939453124999996,-1.5820312499999998,29.70703125,23.994140625
0.439453125,28.65234375,-23.02734375,-1.1425781250000002,29.70703125,23.994140625
-0.17578125,28.564453124999996,-23.02734375,-0.703125,29.70703125,23.994140625
-0.7910156249999999,28.65234375,-23.02734375,-0.087890625,29.70703125,23.994140625
-1.4941406250000002,28.4765625,-23.02734375,0.439453125,29.70703125,23.994140625
-2.109375,28.564453124999996,-23.02734375,0.9667968749999999,29.70703125,23.994140625
-2.548828125,28.564453124999996,-23.02734375,1.3183593749999998,29.70703125,23.994140625
-3.4277343749999996,28.564453124999996,-23.02734375,1.8457031250000002,29.70703125,23.994140625
-3.9550781250000004,28.388671875,-23.02734375,2.197265625,29.70703125,23.994140625
-4.306640624999999,28.388671875,-23.02734375,2.548828125,29.70703125,23.994140625
-4.833984375,28.388671875,-23.02734375,2.9003906250000004,29.70703125,23.994140625
-5.009765625,28.4765625,-23.02734375,3.1640624999999996,29.70703125,23.994140625
-5.009765625,28.388671875,-23.02734375,3.251953125,29.619140625,23.994140625
-4.921875,28.388671875,-23.02734375,3.251953125,28.828124999999996,23.994140625
-5.009765625,28.4765625,-22.67578125,3.251953125,28.300781249999996,23.994140625
-5.009765625,28.4765625,-22.060546875000004,3.251953125,27.24609375,23.994140625
-5.009765625,28.564453124999996,-21.445312499999996,3.3398437499999996,27.24609375,23.994140625
-4.921875,28.564453124999996,-20.830078124999996,3.3398437499999996,26.191406250000004,23.994140625
-5.09765625,28.4765625,-20.390625,3.3398437499999996,26.015625,23.994140625
-5.09765625,28.564453124999996,-19.599609375,3.3398437499999996,25.13671875,23.906250000000004
-5.009765625,28.564453124999996,-19.072265625,3.3398437499999996,24.78515625,23.994140625
-5.09765625,28.4765625,-18.544921875,3.3398437499999996,24.2578125,23.994140625
-5.09765625,28.4765625,-18.369140625,3.3398437499999996,24.082031250000004,23.994140625
-5.009765625,28.4765625,-18.193359375,3.3398437499999996,23.906250000000004,23.994140625
-5.009765625,28.65234375,-18.10546875,3.3398437499999996,23.818359374999996,23.994140625
-5.09765625,29.091796875,-18.10546875,3.3398437499999996,23.73046875,23.994140625
-5.273437499999999,29.8828125,-18.45703125,3.4277343749999996,23.73046875,23.994140625
-5.185546875,30.498046875,-19.072265625,3.515625,23.818359374999996,23.994140625
-5.273437499999999,30.849609375,-19.423828125,3.6035156249999996,23.73046875,23.994140625
-5.361328124999999,31.376953125,-20.0390625,3.6035156249999996,23.73046875,23.994140625
-5.273437499999999,31.376953125,-20.126953125,3.6035156249999996,23.73046875,23.994140625
-5.361328124999999,31.46484375,-20.214843750000004,3.6035156249999996,23.73046875,23.994140625
-5.361328124999999,31.46484375,-20.126953125,3.6035156249999996,23.73046875,23.994140625
-5.361328124999999,31.552734374999996,-20.214843750000004,3.6035156249999996,23.73046875,23.994140625
-5.361328124999999,31.46484375,-20.214843750000004,3.515625,23.73046875,23.994140625
-5.361328124999999,31.552734374999996,-20.214843750000004,3.4277343749999996,23.73046875,23.994140625
-5.361328124999999,31.552734374999996,-20.214843750000004,3.4277343749999996,23.73046875,23.994140625
-5.273437499999999,31.113281250000004,-20.214843750000004,3.3398437499999996,23.466796875,23.994140625
-5.09765625,30.673828125000004,-20.0390625,3.251953125,21.972656249999996,23.994140625
-5.09765625,30.234375,-19.072265625,3.251953125,21.181640625000004,23.994140625
-4.833984375,29.443359374999996,-17.841796875,3.1640624999999996,19.160156249999996,23.906250000000004
-4.658203125,28.564453124999996,-16.69921875,3.076171875,18.193359375,23.994140625
-4.570312500000001,27.861328125,-15.468749999999998,2.9882812500000004,15.468749999999998,23.906250000000004
-4.306640624999999,26.89453125,-13.974609375,2.8125,14.677734375,23.906250000000004
-4.306640624999999,26.191406250000004,-12.744140625,2.724609375,12.216796874999998,23.994140625
-3.8671874999999996,25.312499999999996,-11.425781249999998,2.548828125,10.986328124999998,23.906250000000004
-3.6914062500000004,24.521484375,-10.1953125,2.373046875,8.96484375,23.906250000000004
-3.6035156249999996,23.73046875,-8.876953125,2.2851562500000004,7.207031249999999,23.906250000000004
-3.4277343749999996,22.939453124999996,-7.734374999999999,2.197265625,5.537109375,23.994140625
-3.1640624999999996,22.1484375,-6.416015625,2.021484375,3.6914062500000004,23.994140625
-2.9882812500000004,21.357421875,-5.009765625,1.8457031250000002,2.2851562500000004,23.906250000000004
-2.8125,20.478515625,-3.8671874999999996,1.7578125,0.52734375,23.906250000000004
-2.6367187499999996,19.775390625,-2.548828125,1.5820312499999998,-1.23046875,23.906250000000004
-2.4609375,18.80859375,-1.23046875,1.4941406250000002,-2.9882812500000004,23.994140625
-2.2851562500000004,18.193359375,0.087890625,1.40625,-4.833984375,23.994140625
-2.109375,17.138671875,1.23046875,1.1425781250000002,-6.50390625,23.906250000000004
-1.8457031250000002,16.5234375,2.6367187499999996,0.9667968749999999,-8.26171875,23.906250000000004
-1.6699218749999998,15.644531250000002,3.9550781250000004,0.87890625,-9.931640625,23.906250000000004
-1.4941406250000002,14.94140625,5.185546875,0.7910156249999999,-11.689453125,23.994140625
-1.3183593749999998,14.0625,6.50390625,0.615234375,-13.359374999999998,23.994140625
-1.1425781250000002,13.18359375,7.646484374999999,0.439453125,-15.1171875,23.906250000000004
-0.9667968749999999,12.568359375,8.96484375,0.439453125,-16.875,23.906250000000004
-0.703125,11.689453125,10.283203125,0.263671875,-18.6328125,23.994140625
-0.52734375,10.986328124999998,11.601562500000002,0.17578125,-20.214843750000004,23.906250000000004
-0.3515625,10.37109375,12.744140625,0.0,-21.796875,23.994140625
-0.263671875,10.01953125,13.271484375,0.0,-22.587890625000004,23.994140625
-0.17578125,9.66796875,13.974609375,0.0,-23.37890625,23.994140625
-0.087890625,9.31640625,14.414062499999998,-0.087890625,-23.994140625,23.994140625
-0.087890625,9.31640625,14.501953124999998,-0.087890625,-24.082031250000004,23.994140625
-0.087890625,9.31640625,14.501953124999998,-0.17578125,-24.082031250000004,23.994140625
-0.087890625,9.31640625,14.501953124999998,-0.17578125,-24.082031250000004,23.994140625
-0.087890625,9.31640625,14.501953124999998,-0.17578125,-24.082031250000004,23.994140625
-0.087890625,9.31640625,14.501953124999998,-0.17578125,-24.082031250000004,23.994140625
-0.087890625,9.31640625,14.501953124999998,-0.17578125,-24.082031250000004,23.994140625
-0.087890625,9.31640625,14.501953124999998,-0.17578125,-24.082031250000004,23.994140625
-0.087890625,9.31640625,14.501953124999998,-0.17578125,-24.082031250000004,23.994140625
-0.087890625,9.31640625,14.501953124999998,-0.17578125,-24.082031250000004,23.994140625
-0.087890625,9.31640625,14.501953124999998,-0.17578125,-24.082031250000004,23.906250000000004
-0.087890625,9.31640625,14.501953124999998,-0.17578125,-24.082031250000004,23.906250000000004
-0.087890625,9.31640625,14.501953124999998,-0.087890625,-24.082031250000004,23.906250000000004
