Joint0,Joint1,Joint2,Joint3,Joint4,Joint5 
-0.087890625,9.4921875,14.326171875,-0.087890625,-23.818359374999996,23.642578125
-0.087890625,9.4921875,14.326171875,-0.087890625,-23.818359374999996,23.642578125
-0.087890625,9.4921875,14.326171875,-0.087890625,-23.818359374999996,23.642578125
-0.087890625,9.4921875,14.326171875,-0.087890625,-23.818359374999996,23.642578125
-0.087890625,9.4921875,14.326171875,-0.087890625,-23.818359374999996,23.642578125
-0.087890625,9.4921875,14.326171875,-0.087890625,-23.818359374999996,23.642578125
-0.087890625,9.4921875,14.326171875,-0.087890625,-23.818359374999996,23.642578125
-0.087890625,9.404296875,14.326171875,-0.087890625,-23.818359374999996,23.642578125
-0.087890625,9.4921875,14.326171875,-0.087890625,-23.818359374999996,23.642578125
-0.087890625,9.404296875,14.326171875,-0.087890625,-23.818359374999996,23.642578125
-0.087890625,9.404296875,14.326171875,-0.087890625,-23.818359374999996,23.642578125
-0.087890625,9.4921875,14.326171875,-0.087890625,-23.818359374999996,23.642578125
-0.087890625,9.404296875,14.326171875,-0.087890625,-23.818359374999996,23.642578125
-0.087890625,9.4921875,14.326171875,-0.087890625,-23.818359374999996,23.642578125
-0.087890625,9.4921875,14.326171875,-0.087890625,-23.818359374999996,23.642578125
-0.087890625,9.4921875,14.326171875,-0.087890625,-23.818359374999996,23.642578125
-0.087890625,9.404296875,14.326171875,-0.087890625,-23.818359374999996,23.642578125
-0.087890625,9.4921875,14.326171875,-0.087890625,-23.818359374999996,23.642578125
0.0,9.404296875,14.326171875,-0.087890625,-23.73046875,23.642578125
0.087890625,9.052734375,14.326171875,-0.087890625,-23.02734375,23.642578125
0.087890625,8.701171875,14.326171875,-0.087890625,-22.5,23.642578125
0.087890625,8.349609375,14.501953124999998,-0.087890625,-22.060546875000004,23.642578125
0.263671875,8.349609375,14.501953124999998,0.0,-21.445312499999996,23.642578125
0.263671875,7.822265625000001,15.1171875,-0.087890625,-20.91796875,23.642578125
0.263671875,7.55859375,15.292968749999998,-0.087890625,-20.56640625,23.642578125
0.263671875,7.294921875000001,15.732421875,-0.087890625,-19.951171875,23.642578125
0.3515625,7.03125,15.908203125,-0.087890625,-19.423828125,23.642578125
0.3515625,6.679687499999999,16.259765625,-0.087890625,-18.984375,23.642578125
0.439453125,6.416015625,16.435546875,-0.087890625,-18.45703125,23.642578125
0.439453125,6.15234375,16.875,-0.087890625,-17.9296875,23.642578125
0.52734375,5.800781250000001,17.138671875,0.0,-17.578125,23.642578125
0.52734375,5.537109375,17.490234375000004,-0.087890625,-16.962890625,23.642578125
0.615234375,5.273437499999999,17.666015625,-0.087890625,-16.5234375,23.642578125
0.615234375,4.833984375,18.017578125,-0.087890625,-15.99609375,23.642578125
0.703125,4.658203125,18.281250000000004,-0.087890625,-15.468749999999998,23.642578125
0.7910156249999999,4.21875,18.6328125,-0.17578125,-15.029296875,23.642578125
0.7910156249999999,4.04296875,18.984375,-0.17578125,-14.501953124999998,23.642578125
0.7910156249999999,3.6035156249999996,19.3359375,-0.17578125,-13.798828125,23.642578125
0.87890625,3.4277343749999996,19.51171875,-0.087890625,-13.53515625,23.642578125
0.87890625,2.9882812500000004,19.86328125,-0.17578125,-12.919921875,23.642578125
0.9667968749999999,2.8125,20.126953125,-0.17578125,-12.48046875,23.642578125
0.9667968749999999,2.373046875,20.478515625,-0.17578125,-12.041015625000002,23.642578125
1.0546875,2.197265625,20.654296875,-0.17578125,-11.513671875,23.642578125
1.0546875,1.7578125,21.093749999999996,-0.263671875,-10.8984375,23.642578125
1.1425781250000002,1.5820312499999998,21.357421875,-0.263671875,-10.634765625,23.642578125
1.1425781250000002,1.1425781250000002,21.796875,-0.3515625,-10.01953125,23.642578125
1.23046875,0.87890625,22.060546875000004,-0.3515625,-9.4921875,23.642578125
1.23046875,0.615234375,22.236328125,-0.3515625,-9.052734375,23.642578125
1.3183593749999998,0.263671875,22.763671875,-0.3515625,-8.4375,23.642578125
1.3183593749999998,-0.087890625,22.939453124999996,-0.3515625,-7.910156250000001,23.642578125
1.3183593749999998,-0.3515625,23.291015625,-0.439453125,-7.55859375,23.642578125
1.40625,-0.703125,23.642578125,-0.439453125,-6.855468749999999,23.642578125
1.40625,-1.0546875,23.994140625,-0.439453125,-6.50390625,23.642578125
1.4941406250000002,-1.4941406250000002,24.345703125,-0.439453125,-6.064453125,23.642578125
1.4941406250000002,-1.6699218749999998,24.609375,-0.439453125,-5.44921875,23.642578125
1.5820312499999998,-2.109375,24.9609375,-0.52734375,-4.921875,23.642578125
1.5820312499999998,-2.4609375,25.312499999999996,-0.52734375,-4.482421875,23.642578125
1.6699218749999998,-2.9003906250000004,25.6640625,-0.52734375,-3.9550781250000004,23.642578125
1.6699218749999998,-3.076171875,26.015625,-0.52734375,-3.515625,23.642578125
1.6699218749999998,-3.515625,26.54296875,-0.52734375,-3.076171875,23.642578125
1.6699218749999998,-3.779296875,26.89453125,-0.615234375,-2.4609375,23.642578125
1.6699218749999998,-4.21875,27.24609375,-0.615234375,-1.9335937499999998,23.642578125
1.7578125,-4.482421875,27.59765625,-0.615234375,-1.5820312499999998,23.642578125
1.8457031250000002,-4.833984375,27.94921875,-0.615234375,-0.9667968749999999,23.642578125
1.9335937499999998,-5.273437499999999,28.300781249999996,-0.703125,-0.439453125,23.642578125
1.9335937499999998,-5.537109375,28.740234375,-0.703125,-0.087890625,23.642578125
1.9335937499999998,-5.976562500000001,29.091796875,-0.703125,0.52734375,23.642578125
1.9335937499999998,-6.416015625,29.531250000000004,-0.7910156249999999,0.9667968749999999,23.642578125
1.9335937499999998,-6.679687499999999,29.970703124999996,-0.7910156249999999,1.40625,23.642578125
2.109375,-7.207031249999999,30.410156249999996,-0.87890625,2.021484375,23.642578125
2.109375,-7.382812500000001,30.585937499999996,-0.87890625,2.548828125,23.642578125
2.109375,-7.910156250000001,31.201171875,-0.87890625,2.9882812500000004,23.642578125
2.109375,-8.26171875,31.46484375,-0.9667968749999999,3.515625,23.642578125
2.197265625,-8.701171875,31.9921875,-0.9667968749999999,4.04296875,23.642578125
2.197265625,-9.052734375,32.431640625,-0.9667968749999999,4.39453125,23.642578125
2.2851562500000004,-9.4921875,32.958984375,-0.9667968749999999,5.009765625,23.642578125
2.2851562500000004,-9.755859375,33.310546875,-1.0546875,5.361328124999999,23.642578125
2.2851562500000004,-10.107421875000002,33.662109375,-1.0546875,5.888671875,23.642578125
2.2851562500000004,-10.634765625,34.189453125,-1.0546875,6.328124999999999,23.642578125
2.2851562500000004,-10.986328124999998,34.62890625,-1.0546875,6.767578125,23.642578125
2.4609375,-11.425781249999998,35.15625,-1.0546875,7.294921875000001,23.642578125
2.4609375,-11.77734375,35.59570312499999,-1.1425781250000002,7.734374999999999,23.642578125
2.4609375,-12.12890625,36.03515625,-1.1425781250000002,8.173828124999998,23.642578125
2.4609375,-12.48046875,36.474609375,-1.23046875,8.613281249999998,23.642578125
2.4609375,-13.0078125,36.9140625,-1.40625,9.052734375,23.642578125
2.548828125,-13.359374999999998,37.353515625,-1.40625,9.4921875,23.642578125
2.6367187499999996,-13.710937499999998,37.96875,-1.4941406250000002,10.01953125,23.642578125
2.6367187499999996,-14.150390624999998,38.49609375,-1.5820312499999998,10.37109375,23.642578125
2.6367187499999996,-14.23828125,38.583984375,-1.5820312499999998,10.634765625,23.642578125
2.6367187499999996,-14.23828125,38.583984375,-1.5820312499999998,10.634765625,23.642578125
2.6367187499999996,-14.501953124999998,38.583984375,-1.5820312499999998,11.07421875,23.642578125
2.6367187499999996,-14.501953124999998,38.583984375,-1.5820312499999998,11.513671875,23.642578125
2.6367187499999996,-14.765625000000002,38.583984375,-1.5820312499999998,12.041015625000002,23.642578125
2.6367187499999996,-14.94140625,38.14453125,-1.5820312499999998,12.568359375,23.642578125
2.6367187499999996,-15.029296875,37.880859375,-1.5820312499999998,13.0078125,23.642578125
2.6367187499999996,-15.292968749999998,37.44140625,-1.5820312499999998,13.53515625,23.642578125
2.6367187499999996,-15.468749999999998,37.08984375,-1.5820312499999998,14.0625,23.642578125
2.6367187499999996,-15.644531250000002,36.73828125,-1.5820312499999998,14.501953124999998,23.642578125
2.6367187499999996,-15.644531250000002,36.650390625,-1.5820312499999998,14.589843750000002,23.642578125
2.6367187499999996,-15.732421875,36.56250000000001,-1.5820312499999998,14.765625000000002,23.642578125
2.6367187499999996,-15.732421875,36.298828125,-1.6699218749999998,14.853515625,23.642578125
2.6367187499999996,-15.732421875,36.03515625,-1.7578125,15.029296875,23.642578125
2.6367187499999996,-15.468749999999998,35.244140625,-2.197265625,15.468749999999998,23.642578125
2.724609375,-15.029296875,34.45312499999999,-2.2851562500000004,15.99609375,23.642578125
2.724609375,-14.414062499999998,33.662109375,-2.2851562500000004,16.083984375,23.642578125
2.8125,-13.886718750000002,32.783203125,-2.197265625,16.435546875,23.642578125
2.8125,-13.447265625,32.080078125,-2.197265625,16.5234375,23.642578125
2.8125,-12.919921875,31.289062500000004,-2.109375,16.875,23.642578125
2.8125,-12.48046875,30.498046875,-2.021484375,17.05078125,23.642578125
2.8125,-11.953125000000002,29.619140625,-2.021484375,17.490234375000004,23.642578125
2.8125,-11.425781249999998,28.916015625000004,-1.9335937499999998,17.578125,23.642578125
2.8125,-10.986328124999998,28.212890625,-1.9335937499999998,17.666015625,23.642578125
2.8125,-10.546874999999998,27.421874999999996,-1.8457031250000002,18.10546875,23.642578125
2.8125,-10.01953125,26.630859375,-1.8457031250000002,18.544921875,23.642578125
2.8125,-9.4921875,26.015625,-1.8457031250000002,18.544921875,23.642578125
2.8125,-9.052734375,25.224609375,-1.8457031250000002,18.720703125,23.642578125
2.8125,-8.613281249999998,24.609375,-1.8457031250000002,19.072265625,23.642578125
2.8125,-8.349609375,24.169921875,-1.8457031250000002,19.160156249999996,23.642578125
2.8125,-8.26171875,24.082031250000004,-1.8457031250000002,19.248046875,23.642578125
2.8125,-8.26171875,24.082031250000004,-1.7578125,19.248046875,23.642578125
2.548828125,-8.26171875,24.082031250000004,-1.4941406250000002,19.248046875,23.642578125
2.109375,-8.26171875,24.082031250000004,-1.0546875,19.3359375,23.73046875
1.6699218749999998,-8.173828124999998,23.906250000000004,-0.52734375,19.248046875,23.642578125
1.23046875,-8.173828124999998,23.906250000000004,-0.52734375,19.248046875,23.642578125
0.52734375,-8.173828124999998,23.906250000000004,-0.087890625,19.248046875,23.73046875
-0.087890625,-8.173828124999998,23.906250000000004,0.087890625,19.248046875,23.642578125
-0.439453125,-8.173828124999998,23.818359374999996,0.439453125,19.248046875,23.73046875
-0.9667968749999999,-8.173828124999998,23.818359374999996,0.7910156249999999,19.248046875,23.73046875
-1.5820312499999998,-8.173828124999998,23.818359374999996,1.0546875,19.248046875,23.73046875
-2.109375,-8.173828124999998,23.818359374999996,1.40625,19.248046875,23.642578125
-2.548828125,-8.173828124999998,23.818359374999996,1.5820312499999998,19.248046875,23.73046875
-2.548828125,-8.173828124999998,23.818359374999996,1.6699218749999998,19.248046875,23.73046875
-2.548828125,-8.173828124999998,23.994140625,1.6699218749999998,18.720703125,23.73046875
-2.548828125,-8.173828124999998,24.345703125,1.6699218749999998,18.10546875,23.642578125
-2.548828125,-8.173828124999998,24.873046875,1.6699218749999998,17.40234375,23.73046875
-2.548828125,-8.26171875,25.400390625,1.6699218749999998,16.962890625,23.642578125
-2.6367187499999996,-8.349609375,26.103515625,1.6699218749999998,16.435546875,23.642578125
-2.8125,-8.4375,26.806640625000004,1.6699218749999998,15.99609375,23.642578125
-2.8125,-8.613281249999998,27.59765625,1.6699218749999998,15.380859375,23.642578125
-2.8125,-8.701171875,28.125,1.6699218749999998,15.029296875,23.73046875
-2.8125,-8.876953125,28.65234375,1.6699218749999998,14.326171875,23.642578125
-2.8125,-8.96484375,29.443359374999996,1.6699218749999998,14.0625,23.73046875
-2.8125,-9.140625000000002,30.146484375000004,1.6699218749999998,13.359374999999998,23.642578125
-2.8125,-9.228515625,30.498046875,1.6699218749999998,13.0078125,23.642578125
-2.8125,-9.228515625,30.585937499999996,1.6699218749999998,13.0078125,23.642578125
-2.8125,-9.228515625,30.585937499999996,1.6699218749999998,13.095703125000002,23.642578125
-2.8125,-9.140625000000002,30.498046875,1.6699218749999998,13.095703125000002,23.642578125
-2.8125,-8.701171875,29.70703125,1.6699218749999998,13.359374999999998,23.642578125
-2.8125,-8.26171875,28.916015625000004,1.6699218749999998,13.710937499999998,23.642578125
-2.8125,-7.646484374999999,28.125,1.6699218749999998,14.0625,23.642578125
-2.9003906250000004,-7.207031249999999,27.421874999999996,1.6699218749999998,14.23828125,23.642578125
-2.9003906250000004,-7.119140625,27.0703125,1.6699218749999998,14.326171875,23.642578125
-2.9003906250000004,-6.943359375000001,26.89453125,1.6699218749999998,14.501953124999998,23.642578125
-2.9003906250000004,-6.943359375000001,26.806640625000004,1.6699218749999998,14.501953124999998,23.642578125
-2.8125,-6.943359375000001,26.806640625000004,1.5820312499999998,14.501953124999998,23.642578125
-2.724609375,-6.943359375000001,27.0703125,1.4941406250000002,14.501953124999998,23.642578125
-2.373046875,-6.943359375000001,27.685546875000004,1.3183593749999998,14.414062499999998,23.642578125
-2.109375,-7.55859375,28.564453124999996,1.1425781250000002,14.0625,23.642578125
-1.7578125,-7.910156250000001,29.003906249999996,1.0546875,13.886718750000002,23.642578125
-1.4941406250000002,-8.4375,29.794921874999996,0.9667968749999999,13.710937499999998,23.642578125
-1.0546875,-8.7890625,30.322265625,0.87890625,13.447265625,23.642578125
-0.7910156249999999,-9.228515625,31.025390624999996,0.7910156249999999,13.095703125000002,23.73046875
-0.52734375,-9.66796875,31.46484375,0.615234375,12.919921875,23.642578125
-0.263671875,-10.107421875000002,32.16796875,0.52734375,12.744140625,23.642578125
0.087890625,-10.546874999999998,32.958984375,0.263671875,12.392578125,23.642578125
0.3515625,-10.986328124999998,33.3984375,0.0,12.392578125,23.642578125
0.703125,-11.425781249999998,34.189453125,-0.263671875,12.041015625000002,23.642578125
0.9667968749999999,-11.865234375,34.892578125,-0.439453125,11.77734375,23.73046875
1.23046875,-12.216796874999998,35.5078125,-0.703125,11.601562500000002,23.642578125
1.5820312499999998,-12.744140625,36.298828125,-0.9667968749999999,10.8984375,23.642578125
1.7578125,-13.18359375,36.826171875,-1.0546875,10.986328124999998,23.73046875
2.021484375,-13.623046875,37.44140625,-1.3183593749999998,10.8984375,23.642578125
2.197265625,-13.798828125,37.96875,-1.4941406250000002,10.8984375,23.642578125
2.2851562500000004,-13.974609375,38.056640625,-1.5820312499999998,10.546874999999998,23.642578125
2.2851562500000004,-14.0625,38.14453125,-1.5820312499999998,10.458984375,23.642578125
2.373046875,-14.150390624999998,38.32031249999999,-1.5820312499999998,10.458984375,23.642578125
2.373046875,-14.23828125,38.32031249999999,-1.5820312499999998,10.458984375,23.642578125
2.373046875,-14.414062499999998,38.32031249999999,-1.5820312499999998,10.8984375,23.642578125
2.373046875,-14.501953124999998,38.32031249999999,-1.5820312499999998,11.425781249999998,23.642578125
2.373046875,-14.765625000000002,38.232421875,-1.5820312499999998,11.953125000000002,23.642578125
2.373046875,-14.853515625,37.880859375,-1.5820312499999998,12.48046875,23.642578125
2.373046875,-15.029296875,37.529296875,-1.5820312499999998,13.095703125000002,23.642578125
2.373046875,-15.292968749999998,37.08984375,-1.6699218749999998,13.53515625,23.642578125
2.373046875,-15.468749999999998,36.826171875,-1.6699218749999998,14.0625,23.642578125
2.373046875,-15.556640625000002,36.56250000000001,-1.6699218749999998,14.23828125,23.642578125
2.373046875,-15.556640625000002,36.56250000000001,-1.6699218749999998,14.414062499999998,23.642578125
2.373046875,-15.644531250000002,36.38671875,-1.6699218749999998,14.501953124999998,23.642578125
2.373046875,-15.644531250000002,36.298828125,-1.6699218749999998,14.677734375,23.642578125
2.373046875,-15.644531250000002,36.2109375,-1.6699218749999998,14.677734375,23.642578125
2.109375,-15.644531250000002,36.123046875,-1.6699218749999998,14.677734375,23.642578125
1.8457031250000002,-15.644531250000002,36.123046875,-1.5820312499999998,14.677734375,23.642578125
1.3183593749999998,-15.644531250000002,36.123046875,-1.0546875,14.677734375,23.73046875
0.703125,-15.644531250000002,36.03515625,-0.7910156249999999,14.765625000000002,23.642578125
0.263671875,-15.644531250000002,36.03515625,-0.439453125,14.765625000000002,23.642578125
-0.263671875,-15.644531250000002,36.03515625,0.0,14.765625000000002,23.642578125
-0.703125,-15.644531250000002,36.03515625,0.263671875,14.765625000000002,23.73046875
-1.40625,-15.644531250000002,36.03515625,0.703125,14.765625000000002,23.642578125
-1.8457031250000002,-15.644531250000002,36.03515625,0.9667968749999999,14.765625000000002,23.642578125
-2.197265625,-15.644531250000002,35.947265625,1.3183593749999998,14.765625000000002,23.642578125
-2.2851562500000004,-15.644531250000002,35.947265625,1.3183593749999998,14.765625000000002,23.642578125
-2.2851562500000004,-15.644531250000002,36.123046875,1.3183593749999998,14.677734375,23.73046875
-2.2851562500000004,-15.732421875,36.298828125,1.40625,14.0625,23.73046875
-2.2851562500000004,-15.732421875,36.9140625,1.40625,13.447265625,23.73046875
-2.2851562500000004,-15.732421875,37.353515625,1.40625,12.656249999999998,23.642578125
-2.2851562500000004,-15.732421875,37.880859375,1.40625,12.12890625,23.642578125
-2.4609375,-15.908203125,38.583984375,1.40625,11.513671875,23.642578125
-2.548828125,-15.908203125,39.0234375,1.40625,11.07421875,23.73046875
-2.548828125,-15.99609375,39.7265625,1.40625,10.458984375,23.73046875
-2.548828125,-15.99609375,40.25390625,1.4941406250000002,9.931640625,23.642578125
-2.548828125,-15.99609375,40.78125,1.4941406250000002,9.4921875,23.642578125
-2.548828125,-15.99609375,40.78125,1.4941406250000002,9.4921875,23.642578125
-2.548828125,-15.99609375,40.78125,1.40625,9.4921875,23.642578125
-2.548828125,-15.99609375,40.693359375,1.4941406250000002,9.580078124999998,23.642578125
-2.548828125,-15.556640625000002,39.90234375,1.4941406250000002,9.755859375,23.642578125
-2.548828125,-15.380859375,39.7265625,1.4941406250000002,9.755859375,23.642578125
-2.548828125,-15.205078124999998,39.19921875,1.4941406250000002,10.1953125,23.642578125
-2.548828125,-15.1171875,39.0234375,1.4941406250000002,10.1953125,23.642578125
-2.548828125,-15.029296875,38.935546875,1.4941406250000002,10.546874999999998,23.642578125
-2.548828125,-15.029296875,38.49609375,1.4941406250000002,11.162109375000002,23.642578125
-2.548828125,-15.029296875,37.96875,1.4941406250000002,11.689453125,23.642578125
-2.548828125,-15.029296875,37.70507812500001,1.4941406250000002,12.12890625,23.642578125
-2.548828125,-15.029296875,37.44140625,1.4941406250000002,12.744140625,23.642578125
-2.548828125,-15.029296875,37.001953125,1.4941406250000002,13.271484375,23.642578125
-2.548828125,-15.029296875,36.650390625,1.4941406250000002,13.710937499999998,23.642578125
-2.4609375,-15.205078124999998,36.38671875,1.4941406250000002,14.23828125,23.642578125
-2.548828125,-15.292968749999998,36.123046875,1.4941406250000002,14.501953124999998,23.642578125
-2.548828125,-15.380859375,36.123046875,1.4941406250000002,14.501953124999998,23.642578125
-2.548828125,-15.380859375,36.123046875,1.4941406250000002,14.677734375,23.642578125
-2.548828125,-15.380859375,35.771484375,1.4941406250000002,14.853515625,23.642578125
-2.6367187499999996,-15.292968749999998,35.15625,1.4941406250000002,15.205078124999998,23.642578125
-2.6367187499999996,-14.853515625,34.365234375,1.4941406250000002,15.732421875,23.642578125
-2.724609375,-14.414062499999998,33.57421875,1.4941406250000002,16.259765625,23.642578125
-2.724609375,-13.798828125,32.783203125,1.4941406250000002,16.259765625,23.642578125
-2.724609375,-13.271484375,31.9921875,1.5820312499999998,16.347656249999996,23.642578125
-2.724609375,-12.83203125,31.201171875,1.5820312499999998,16.69921875,23.642578125
-2.8125,-12.392578125,30.498046875,1.5820312499999998,16.962890625,23.642578125
-2.8125,-11.865234375,29.619140625,1.5820312499999998,17.40234375,23.642578125
-2.8125,-11.425781249999998,29.003906249999996,1.5820312499999998,17.490234375000004,23.642578125
-2.8125,-10.8984375,28.212890625,1.5820312499999998,17.75390625,23.642578125
-2.8125,-10.458984375,27.421874999999996,1.5820312499999998,18.017578125,23.642578125
-2.8125,-10.01953125,26.718749999999996,1.5820312499999998,18.369140625,23.642578125
-2.8125,-9.4921875,26.015625,1.5820312499999998,18.544921875,23.642578125
-2.8125,-9.052734375,25.312499999999996,1.6699218749999998,18.720703125,23.642578125
-2.8125,-8.525390625,24.609375,1.6699218749999998,18.984375,23.642578125
-2.8125,-8.26171875,24.169921875,1.6699218749999998,19.072265625,23.642578125
-2.8125,-8.26171875,24.082031250000004,1.6699218749999998,19.072265625,23.642578125
-2.8125,-8.26171875,23.906250000000004,1.6699218749999998,19.160156249999996,23.642578125
-2.8125,-8.173828124999998,23.994140625,1.6699218749999998,19.072265625,23.642578125
-2.8125,-8.173828124999998,24.2578125,1.6699218749999998,18.544921875,23.73046875
-2.8125,-8.26171875,24.873046875,1.6699218749999998,17.841796875,23.73046875
-2.8125,-8.26171875,25.224609375,1.6699218749999998,17.138671875,23.642578125
-2.8125,-8.26171875,25.927734375000004,1.6699218749999998,16.787109375,23.642578125
-2.8125,-8.349609375,26.630859375,1.6699218749999998,16.171875,23.642578125
-2.8125,-8.525390625,27.421874999999996,1.6699218749999998,15.732421875,23.73046875
-2.8125,-8.613281249999998,27.861328125,1.6699218749999998,15.205078124999998,23.642578125
-2.8125,-8.7890625,28.65234375,1.6699218749999998,14.589843750000002,23.73046875
-2.8125,-8.876953125,29.267578125,1.6699218749999998,14.150390624999998,23.642578125
-2.8125,-8.96484375,29.970703124999996,1.6699218749999998,13.710937499999998,23.642578125
-2.9003906250000004,-9.228515625,30.498046875,1.6699218749999998,13.271484375,23.642578125
-2.9003906250000004,-9.228515625,30.585937499999996,1.6699218749999998,13.095703125000002,23.642578125
-2.9003906250000004,-9.228515625,30.585937499999996,1.6699218749999998,13.095703125000002,23.642578125
-2.9003906250000004,-9.228515625,30.585937499999996,1.6699218749999998,13.18359375,23.642578125
-2.9003906250000004,-8.96484375,29.8828125,1.6699218749999998,13.271484375,23.642578125
-2.9003906250000004,-8.349609375,29.091796875,1.6699218749999998,13.623046875,23.642578125
-2.9003906250000004,-7.734374999999999,28.388671875,1.6699218749999998,13.886718750000002,23.642578125
-2.9003906250000004,-7.294921875000001,27.59765625,1.6699218749999998,14.23828125,23.642578125
-2.9882812500000004,-6.943359375000001,27.158203125,1.6699218749999998,14.326171875,23.642578125
-2.9882812500000004,-6.855468749999999,26.982421875,1.6699218749999998,14.501953124999998,23.642578125
-2.9882812500000004,-6.855468749999999,26.89453125,1.6699218749999998,14.501953124999998,23.642578125
-2.8125,-6.855468749999999,26.89453125,1.6699218749999998,14.501953124999998,23.642578125
-2.724609375,-6.943359375000001,26.982421875,1.40625,14.501953124999998,23.642578125
-2.197265625,-6.943359375000001,27.333984375,1.3183593749999998,14.501953124999998,23.642578125
-1.6699218749999998,-7.119140625,27.861328125,1.1425781250000002,14.326171875,23.642578125
-1.1425781250000002,-7.55859375,28.564453124999996,1.0546875,13.974609375,23.642578125
-0.7910156249999999,-7.910156250000001,28.916015625000004,0.87890625,13.974609375,23.642578125
-0.3515625,-8.349609375,29.443359374999996,0.52734375,13.710937499999998,23.642578125
0.17578125,-8.701171875,30.146484375000004,0.17578125,13.53515625,23.642578125
0.615234375,-9.140625000000002,30.585937499999996,-0.087890625,13.271484375,23.642578125
0.9667968749999999,-9.404296875,31.113281250000004,-0.3515625,13.18359375,23.73046875
1.40625,-9.755859375,31.640625000000004,-0.703125,13.0078125,23.642578125
1.7578125,-10.1953125,32.34375,-1.0546875,12.744140625,23.642578125
2.197265625,-10.546874999999998,32.87109375,-1.3183593749999998,12.48046875,23.642578125
2.373046875,-10.722656249999998,33.046875,-1.5820312499999998,12.392578125,23.642578125
2.373046875,-10.722656249999998,33.22265625,-1.5820312499999998,12.3046875,23.642578125
2.373046875,-10.8984375,33.22265625,-1.6699218749999998,12.392578125,23.642578125
2.373046875,-11.162109375000002,33.22265625,-1.6699218749999998,12.83203125,23.642578125
2.373046875,-11.25,33.22265625,-1.6699218749999998,13.447265625,23.642578125
2.373046875,-11.513671875,33.046875,-1.6699218749999998,13.798828125,23.642578125
2.373046875,-11.77734375,32.51953125,-1.6699218749999998,14.501953124999998,23.642578125
2.373046875,-11.865234375,32.255859375,-1.6699218749999998,15.029296875,23.642578125
2.4609375,-12.12890625,31.904296875000004,-1.6699218749999998,15.468749999999998,23.642578125
2.4609375,-12.392578125,31.640625000000004,-1.6699218749999998,16.083984375,23.642578125
2.4609375,-12.392578125,31.46484375,-1.7578125,16.259765625,23.642578125
2.4609375,-12.392578125,31.289062500000004,-1.7578125,16.435546875,23.73046875
2.4609375,-12.392578125,31.201171875,-1.7578125,16.5234375,23.642578125
2.373046875,-12.392578125,31.113281250000004,-1.7578125,16.5234375,23.642578125
2.197265625,-12.392578125,31.113281250000004,-1.7578125,16.5234375,23.642578125
1.8457031250000002,-12.392578125,31.113281250000004,-1.7578125,16.5234375,23.642578125
1.3183593749999998,-12.48046875,31.113281250000004,-1.40625,16.69921875,23.642578125
0.703125,-12.48046875,30.937499999999996,-0.87890625,16.787109375,23.642578125
0.263671875,-12.48046875,30.937499999999996,-0.52734375,16.787109375,23.642578125
-0.263671875,-12.48046875,30.937499999999996,-0.087890625,16.787109375,23.73046875
-0.7910156249999999,-12.48046875,30.937499999999996,0.17578125,16.787109375,23.642578125
-1.3183593749999998,-12.48046875,30.937499999999996,0.615234375,16.787109375,23.73046875
-1.8457031250000002,-12.48046875,30.937499999999996,0.9667968749999999,16.787109375,23.73046875
-2.197265625,-12.48046875,30.937499999999996,1.23046875,16.787109375,23.642578125
-2.4609375,-12.48046875,30.937499999999996,1.40625,16.787109375,23.73046875
-2.4609375,-12.568359375,30.937499999999996,1.4941406250000002,16.69921875,23.642578125
-2.4609375,-12.744140625,31.201171875,1.4941406250000002,16.083984375,23.73046875
-2.4609375,-12.919921875,31.904296875000004,1.4941406250000002,15.732421875,23.73046875
-2.4609375,-13.0078125,32.34375,1.4941406250000002,15.029296875,23.73046875
-2.4609375,-13.18359375,33.046875,1.4941406250000002,14.326171875,23.73046875
-2.548828125,-13.359374999999998,33.486328125,1.4941406250000002,13.974609375,23.642578125
-2.4609375,-13.447265625,34.189453125,1.4941406250000002,13.359374999999998,23.73046875
-2.548828125,-13.623046875,35.068359375,1.5820312499999998,12.744140625,23.73046875
-2.548828125,-13.710937499999998,35.771484375,1.5820312499999998,12.392578125,23.73046875
-2.548828125,-13.886718750000002,36.298828125,1.5820312499999998,11.77734375,23.642578125
-2.548828125,-14.0625,36.9140625,1.5820312499999998,11.337890625,23.73046875
-2.548828125,-14.23828125,37.79296875,1.5820312499999998,10.722656249999998,23.642578125
-2.548828125,-14.23828125,38.14453125,1.5820312499999998,10.458984375,23.73046875
-2.548828125,-14.23828125,38.232421875,1.5820312499999998,10.37109375,23.642578125
-2.548828125,-14.23828125,38.232421875,1.5820312499999998,10.37109375,23.642578125
-2.548828125,-14.23828125,38.14453125,1.4941406250000002,10.458984375,23.642578125
-2.6367187499999996,-13.798828125,37.17773437499999,1.5820312499999998,10.810546875,23.642578125
-2.724609375,-13.271484375,36.38671875,1.5820312499999998,11.07421875,23.642578125
-2.724609375,-12.83203125,35.68359375,1.5820312499999998,11.425781249999998,23.642578125
-2.724609375,-12.3046875,34.892578125,1.5820312499999998,11.689453125,23.642578125
-2.724609375,-11.953125000000002,34.365234375,1.5820312499999998,11.953125000000002,23.642578125
-2.724609375,-11.77734375,34.189453125,1.5820312499999998,11.953125000000002,23.642578125
-2.724609375,-11.513671875,33.92578125,1.5820312499999998,12.12890625,23.642578125
-2.724609375,-11.513671875,33.92578125,1.5820312499999998,12.12890625,23.642578125
-2.724609375,-11.513671875,33.92578125,1.5820312499999998,12.12890625,23.642578125
-2.724609375,-11.513671875,33.92578125,1.5820312499999998,12.12890625,23.642578125
-2.724609375,-11.513671875,33.92578125,1.5820312499999998,12.12890625,23.642578125
-2.724609375,-11.513671875,33.92578125,1.5820312499999998,12.12890625,23.642578125
-2.724609375,-11.513671875,33.92578125,1.5820312499999998,12.12890625,23.642578125
-2.724609375,-11.425781249999998,33.92578125,1.5820312499999998,12.216796874999998,23.642578125
-2.724609375,-10.546874999999998,32.87109375,1.5820312499999998,11.77734375,23.73046875
-2.724609375,-10.107421875000002,32.607421875,1.5820312499999998,10.722656249999998,23.73046875
-2.724609375,-9.66796875,32.080078125,1.5820312499999998,9.931640625,23.73046875
-2.724609375,-8.349609375,31.113281250000004,1.4941406250000002,7.55859375,23.73046875
-2.724609375,-7.294921875000001,30.146484375000004,1.40625,6.240234375,23.73046875
-2.548828125,-6.416015625,29.267578125,1.23046875,4.04296875,23.73046875
-2.548828125,-5.537109375,28.388671875,1.1425781250000002,2.548828125,23.73046875
-2.373046875,-4.39453125,27.421874999999996,1.0546875,0.52734375,23.73046875
-2.197265625,-3.3398437499999996,26.54296875,1.0546875,-0.7910156249999999,23.73046875
-2.109375,-2.373046875,25.576171874999996,0.9667968749999999,-3.076171875,23.73046875
-1.8457031250000002,-1.40625,24.697265624999996,0.87890625,-4.306640624999999,23.642578125
-1.6699218749999998,-0.3515625,23.642578125,0.7910156249999999,-6.15234375,23.73046875
-1.4941406250000002,0.615234375,22.851562499999996,0.703125,-7.734374999999999,23.642578125
-1.40625,1.5820312499999998,21.972656249999996,0.615234375,-9.4921875,23.642578125
-1.23046875,2.724609375,21.005859375,0.52734375,-11.337890625,23.73046875
-1.0546875,3.779296875,20.126953125,0.439453125,-13.0078125,23.642578125
-0.9667968749999999,4.74609375,19.248046875,0.3515625,-14.765625000000002,23.73046875
-0.7910156249999999,5.712890624999999,18.193359375,0.3515625,-16.5234375,23.73046875
-0.615234375,6.679687499999999,17.40234375,0.263671875,-18.281250000000004,23.73046875
-0.439453125,7.646484374999999,16.435546875,0.17578125,-20.0390625,23.73046875
-0.439453125,8.701171875,15.468749999999998,0.087890625,-21.62109375,23.642578125
-0.263671875,9.052734375,15.205078124999998,0.0,-22.236328125,23.642578125
-0.17578125,9.31640625,14.589843750000002,0.0,-23.37890625,23.642578125
-0.087890625,9.84375,14.23828125,0.0,-24.169921875,23.642578125
-0.087890625,9.84375,14.23828125,-0.087890625,-24.169921875,23.642578125
-0.087890625,9.84375,14.23828125,-0.087890625,-24.169921875,23.642578125
-0.087890625,9.84375,14.23828125,-0.087890625,-24.169921875,23.642578125
-0.087890625,9.84375,14.23828125,-0.087890625,-24.169921875,23.642578125
0.0,9.84375,14.23828125,-0.087890625,-24.169921875,23.642578125
0.0,9.84375,14.23828125,-0.087890625,-24.169921875,23.642578125
-0.087890625,9.84375,14.23828125,-0.087890625,-24.082031250000004,23.642578125
0.0,9.84375,14.23828125,-0.087890625,-24.082031250000004,23.642578125
-0.087890625,9.84375,14.23828125,-0.087890625,-24.082031250000004,23.642578125
-0.087890625,9.84375,14.23828125,-0.087890625,-24.082031250000004,23.642578125
-0.087890625,9.84375,14.23828125,-0.087890625,-24.082031250000004,23.642578125
-0.087890625,9.84375,14.23828125,-0.087890625,-24.082031250000004,23.642578125
