Joint0,Joint1,Joint2,Joint3,Joint4,Joint5 
-0.0046353249746009335,9.579973806586787,14.255779100936074,0.0029537577376426653,-23.826188946549184,-0.002001947680239653
-0.0046353249746009335,9.579973806586787,14.255779100936074,0.0029537577376426653,-23.826188946549184,-0.002001947680239653
-0.0046353249746009335,9.579973806586787,14.255779100936074,0.0029537577376426653,-23.826188946549184,-0.002001947680239653
-0.0046353249746009335,9.579973806586787,14.255779100936074,0.0029537577376426653,-23.826188946549184,-0.002001947680239653
-0.0046353249746009335,9.579973806586787,14.255779100936074,0.0029537577376426653,-23.826188946549184,-0.002001947680239653
-0.0046353249746009335,9.579973806586787,14.255779100936074,0.0029537577376426653,-23.826188946549184,-0.002001947680239653
-0.0046353249746009335,9.579973806586787,14.255779100936074,0.0029537577376426653,-23.826188946549184,-0.002001947680239653
-0.0046353249746009335,9.579973806586787,14.255779100936074,0.0029537577376426653,-23.826188946549184,-0.002001947680239653
-0.0046353249746009335,9.579973806586787,14.255779100936074,0.0029537577376426653,-23.826188946549184,-0.002001947680239653
-0.0046353249746009335,9.579973806586787,14.255779100936074,0.0029537577376426653,-23.826188946549184,-0.002001947680239653
-0.0046353249746009335,9.579973806586787,14.255779100936074,0.0029537577376426653,-23.826188946549184,-0.002001947680239653
-0.0046353249746009335,9.579973806586787,14.255779100936074,0.0029537577376426653,-23.826188946549184,-0.002001947680239653
-0.0046353249746009335,9.579973806586787,14.255779100936074,0.0029537577376426653,-23.826188946549184,-0.002001947680239653
-0.0046353249746009335,9.579973806586787,14.255779100936074,0.0029537577376426653,-23.826188946549184,-0.002001947680239653
-0.0046353249746009335,9.579973806586787,14.255779100936074,0.0029537577376426653,-23.826188946549184,-0.002001947680239653
-0.004634816686869405,9.579973303364817,14.255773359184454,0.0029537573759372063,-23.82618199466111,-0.002001436044954392
0.013859436613479624,9.561095414670286,14.047019107024386,0.0029315334473039843,-23.572775416480585,0.016611298020783802
0.052829613705891426,9.517549163227768,13.608218859573425,0.002825218519584943,-23.035771074522568,0.05581004486469885
0.0931597727424985,9.46700251973007,13.155679889931578,0.0026301803276531145,-22.475618657649264,0.09634841344428759
0.13316462677909913,9.411228204617112,12.708422385621814,0.0023511387713616976,-21.91546910096679,0.13653352218135653
0.17298647991083765,9.350001613628985,12.264877066243407,0.001988501191155698,-21.35332752447649,0.17651103848757188
0.2124816783005692,9.283519637665531,11.8266666336099,0.0015449469124239972,-20.791222911504878,0.2161394250244009
0.2514118863168166,9.212243800893992,11.396434626822707,0.0010256691518779515,-20.2326167330323,0.2551824430807416
0.29025210583387206,9.135313637977562,10.968947271857086,0.000426038959536667,-19.6707234936851,0.2941191260424742
0.3286585174852552,9.053392310793079,10.548013753786295,-0.00024738366044206513,-19.110527371339792,0.3326073042413274
0.36676014889804254,8.966236511438929,10.13223111286828,-0.0009949880350699999,-18.550196830397038,0.37077884424892116
0.4045197457566313,8.873943463720172,9.722024229920969,-0.0018145156851459266,-17.990315720723792,0.40859887139897727
0.4421104088995652,8.776072539561262,9.31554138458212,-0.002708647604520941,-17.42833176054888,0.4462431200704878
0.4792778309980605,8.673288409352681,8.915556061321116,-0.003670059552392702,-16.868077785060517,0.48345924445717814
0.5162376638540613,8.56500811033023,8.51976870866173,-0.004702973185856526,-16.306343455070422,0.5204654655291863
0.5527485375330268,8.451961046748913,8.130783223072692,-0.00579924455009912,-15.746845047174887,0.557022331329117
0.5889728405858994,8.333688420629858,7.746882394670249,-0.006962145102842241,-15.187159075819242,0.5932945960414104
0.6249650847714834,8.210003284974901,7.3675197962740375,-0.008192535449340954,-14.626469369371689,0.629338969470853
0.6607620235178016,8.080748515965972,6.992347831243396,-0.009491097391022522,-14.064214329927918,0.6651943744010451
0.6961263387936475,7.946803979320211,6.62387603532959,-0.010848057882988574,-13.504172984162906,0.7006251251391414
0.7312866418405882,7.80733118617762,6.259744016603064,-0.012271029031143434,-12.942780488730541,0.7358622346125535
0.7659722578547667,7.66344562854839,5.902771891758309,-0.0137477928851067,-12.384424898099315,0.7706363214268648
0.8006033294706405,7.513407657896145,5.548667214535334,-0.015295473211699077,-11.822382184042413,0.8053705316779338
0.8349354163362496,7.358232014992161,5.199978946225073,-0.016902978346718285,-11.260625553982292,0.839821711714841
0.8687729646822778,7.198885062696823,4.858696891479956,-0.018559595745126833,-10.702451394720354,0.8737952766410946
0.9024962954571359,7.033607526987106,4.521008158717954,-0.02028301867182197,-10.141647263209839,0.907674825423614
0.9360106167983274,6.862816381846789,4.187915604273857,-0.02206841465022909,-9.579796044066576,0.941367104474152
0.9691812308562329,6.687218964200206,3.8607863192174867,-0.023907905200723417,-9.019210708499463,0.9747384276199078
1.0020168829111298,6.506829884638711,3.539547260075856,-0.02580088427751206,-8.459825992162521,1.0077991332806169
1.0347085519322343,6.320603798884868,3.2223662115724454,-0.027757948425401476,-7.898432562678489,1.040743249546344
1.0670843735774909,6.129519775875601,2.9109489384705403,-0.02976848627925698,-7.3380238900603265,1.0733993206376062
1.099267244490903,5.932869636397801,2.6041454788342993,-0.03183966809114317,-6.776527001298082,1.1058929545149347
1.1310695011592757,5.731841224437296,2.3037674494408957,-0.03395874533389131,-6.217286415895771,1.1380361780142356
1.1628365424855756,5.524244012671437,2.006596048769814,-0.0361486311524071,-5.654267770605519,1.1701798330781175
1.1941571315292898,5.312781364504641,1.7165124449345366,-0.038380674284677826,-5.094814298550431,1.2019094033404212
1.2252710751817735,5.095909792823189,1.4313046742267563,-0.04067106843788199,-4.534735912700589,1.2334690770517247
1.256162614148426,4.873744024665344,1.151157206889213,-0.04301856508903762,-3.974364877568014,1.2648445025249493
1.2869016743762545,4.645769329420788,0.875484159619885,-0.04542861632996134,-3.412471632988052,1.2961084383606998
1.3172758659227315,4.413600505632574,0.6062159823174519,-0.047884202976649484,-2.8530097902340006,1.3270462718684404
1.3475412192397442,4.1753075748051955,0.3411149737258406,-0.05040583958772493,-2.291327534786513,1.3579202663104655
1.3775756553853638,3.9318347428974487,0.0813032823517707,-0.052983691561882734,-1.729728238350594,1.3886076626680914
1.407230880961897,3.684465283436186,-0.17192887230861298,-0.05560435617124259,-1.1710817315893525,1.4189580231230754
1.4368494229348094,3.4303562317289553,-0.4214668620058486,-0.05829819892011753,-0.6089930703450938,1.4493234623833036
1.466185227112128,3.1716023007657133,-0.6651829424664099,-0.06104331519201004,-0.04817192813040319,1.4794535078436835
1.4951768443095161,2.908842533040085,-0.9025666102442549,-0.06383324178300612,0.510100819281485,1.509285956400045
1.5242379264079187,2.638298654204642,-1.13694191290245,-0.06670850230264587,1.0737561652431133,1.5392483761557336
1.5528853413932282,2.36446793382029,-1.3643633006657192,-0.06962174544482848,1.6333723185949593,1.5688443398745584
1.5812889140627693,2.085846392255305,-1.586190076538717,-0.07258941316252399,2.192148358254592,1.5982499792069857
1.6097374786201053,1.7995494586095098,-1.8046009448874132,-0.07564280201567067,2.7557416353857915,1.627766483103977
1.637854327150238,1.509352711530765,-2.016644367271257,-0.07874225148874375,3.316644006388361,1.657004872491783
1.665601584702589,1.2157947711761286,-2.222061238999746,-0.08188256162625045,3.8739671075226667,1.6859261404545063
1.693453273676061,0.9138418944332378,-2.42429793538577,-0.08511829558877028,4.43718695529445,1.7150263075610217
1.7209132342086304,0.608865402559988,-2.61969423101903,-0.08839265048546031,4.996218916635891,1.7437888219364142
1.7483574834874358,0.2967314636568339,-2.8108944274564385,-0.09175078476731546,5.558639777022112,1.7726089311657818
1.7754817359338895,-0.019082820067499673,-2.9957326838511262,-0.09515613505330603,6.118148637670723,1.8011687519127184
1.8025467316804011,-0.34157704670795386,-3.1759500751182923,-0.09864193002271554,6.680047946885276,1.8297443067513115
1.8293028645984033,-0.6677411543360013,-3.3498484049524957,-0.1021765658732802,7.2390797345923055,1.8580735492237355
1.8559390142835361,-0.999814559557474,-3.518634249239546,-0.10578526380915663,7.799100824945834,1.8863576799512236
1.8824758553691565,-1.3380767811572878,-3.68236702400464,-0.10947218415297649,8.360495989501377,1.9146208349301572
1.9087746153299885,-1.6807274663145453,-3.8401496216687905,-0.11321880942121235,8.92025385950907,1.9427168242532695
1.9350708904323217,-2.0308451029717065,-3.9933290083609325,-0.1170600386762483,9.48333063978987,1.9708994694109698
1.9610447411080356,-2.3841387747319054,-4.139998813752949,-0.1209500206071713,10.042798660938304,1.9988275521586527
1.9869043178231272,-2.7433577727404956,-4.281322513703207,-0.12492021901422803,10.60304148514055,2.026725965811094
2.0120692727795753,-3.100193213410014,-4.4142225460941615,-0.12887966885471827,11.151316836290247,2.0539675634479355
2.0371300659395204,-3.462771420208396,-4.541912668837908,-0.13291941702849833,11.700322514982858,2.081190439475014
2.062144872585535,-3.8319652638650736,-4.664606614039346,-0.13705071987946713,12.251282670428559,2.10846028523576
2.086928330666138,-4.205011978230711,-4.7813494565810375,-0.1412441176452829,12.800039621805084,2.135576795520699
2.11152960818044,-4.582562577154858,-4.892367674217318,-0.1455082788358178,13.347581923963155,2.16259471419847
2.1358394833455647,-4.962822028546161,-4.9971838632371925,-0.14982422772530302,13.891367696401254,2.189394610991763
2.1600265096461,-5.348330843746745,-5.0965250511781806,-0.15422220071995146,14.435065409789496,2.2161631466045124
2.1840559256791074,-5.73849573235019,-5.190209601380998,-0.15869704926729652,14.977812962826835,2.24286352479603
2.2080466632150952,-6.135244595212417,-5.278635958364251,-0.16327269458963053,15.52222789284013,2.269630157014383
2.2319231163353335,-6.537339816024005,-5.361447568196682,-0.1679368042707246,16.06653006990192,2.2963812474102134
2.255685368337731,-6.944761443135346,-5.438589793428327,-0.17269104387716414,16.610643883437874,2.3231189829081984
2.2792536558239638,-7.356079662876489,-5.509777821424781,-0.17752052813190125,17.152651209871806,2.34975509416374
2.3026224520217937,-7.771094430155025,-5.574999596986746,-0.18242458320891236,17.69231997773862,2.3762841604242615
2.325885172364902,-8.191399817189158,-5.634491567045526,-0.18742393247977632,18.23171469723998,2.4028137060921533
2.3490520491558615,-8.617160093537324,-5.6882213801191,-0.19252267971353143,18.770992698464998,2.429357659441759
2.372106557633081,-9.048046344472196,-5.736094574025437,-0.19771908911396227,19.309686967565767,2.4558993198428167
2.395034800778961,-9.48375715234793,-5.778037956916326,-0.20301171884349684,19.84738487646113,2.482424680346864
2.4177674224115075,-9.922891590134162,-5.813912515965925,-0.20838558198645268,20.382360537544514,2.5088547797956986
2.440338333801064,-10.366001918135423,-5.84377567051499,-0.2138493992493597,20.915307643974753,2.5352299644359384
2.4628236362670055,-10.814529156359615,-5.867691503452016,-0.21942323683089315,21.44793118482163,2.5616410324475622
2.4853124507580726,-11.270274307348508,-5.885654005234794,-0.22513232214630796,21.98226712021808,2.5881960627237275
2.507678422319136,-11.730680684261136,-5.897475611053557,-0.23094745172258557,22.51523191729551,2.6147489572550735
2.5298130980126707,-12.19340552880373,-5.903108157210833,-0.23684116901996313,23.044134561577792,2.6411718194225005
2.5452171656962843,-12.519613153204903,-5.9033955633343425,-0.24102633485642563,23.413023329845817,2.6596472754622895
2.5463036132095542,-12.61546861682095,-5.974465426530518,-0.24165136321485944,23.584187333534032,2.661646802910185
2.5446849695236624,-12.846206903819239,-6.228406992634376,-0.24240198438745278,24.068869322099804,2.6622119873254726
2.542888092826928,-13.108262079203113,-6.50547635320062,-0.24326444402015165,24.607996188426466,2.6628609899308078
2.541098438773817,-13.375466825439757,-6.776334625152095,-0.24415458755817987,25.146061484334876,2.663530631515232
2.5393107581979866,-13.64857877912111,-7.041772474618154,-0.24507544953055352,25.68461351828423,2.6642234050560716
2.537525536592023,-13.92752130092184,-7.301693316524667,-0.24602734356658074,26.2234790641357,2.664939754958626
2.535744782122162,-14.211963809476984,-7.555790887469647,-0.24700970926425397,26.762021273613804,2.665679466291961
2.5339626504539607,-14.50284157629864,-7.8048683802429055,-0.24802640295933265,27.30197861678715,2.6664456504198206
2.532171818763647,-14.801419543409951,-8.049859676749152,-0.24908263441188075,27.845549924348116,2.6672424499042338
2.530682682346963,-15.054502267440864,-8.249497798675632,-0.24998787272831058,28.29827243086971,2.6679261014581326
2.530062758249091,-15.161148375341611,-8.331507654955281,-0.2503720511920606,28.48692907567367,2.668216468207928
2.531433554148446,-15.14291051670665,-8.408289752867336,-0.2506470303588854,28.545467247275237,2.6699384152900656
2.5434117372498166,-14.786913082514092,-8.842770108598467,-0.2520223441345831,28.623901172469843,2.6828315643108325
2.5603961312668093,-14.287009961543248,-9.449393684371797,-0.2539656840409164,28.730551781656818,2.7010975971176534
2.5776529738545633,-13.78479873753237,-10.054697384816611,-0.2559320009757616,28.833572846265824,2.7196378400254946
2.595288094584842,-13.277355081949818,-10.662092220445507,-0.25793282661539585,28.93345058540174,2.738565030526992
2.6132742109723113,-12.765651908857127,-11.270275173896959,-0.2599644720334295,29.029854980955093,2.757848784381485
2.6315023289625663,-12.252907564355777,-11.875333925480513,-0.2620141237915995,29.12209249269633,2.7773713547115824
2.650145939896109,-11.734383779835742,-12.482753577248923,-0.2641007325646589,29.210909195790073,2.7973175481804744
2.669112243852831,-11.212837729478563,-13.089171063156897,-0.2662132813855955,29.29569956212741,2.817586922251102
2.688476407934003,-10.686363417945742,-13.696680008581353,-0.2683595175592702,29.3766508704403,2.838258669430121
2.708168175172138,-10.157029296019141,-14.302772249124562,-0.27053101629830123,29.45332367867714,2.859256627500658
2.7279653291124197,-9.630828712231311,-14.90057224034514,-0.27270287881699995,29.524836735397297,2.8803431973434734
2.748055172776226,-9.102785496746668,-15.49573455060348,-0.27489529004660856,29.591867605265733,2.9017172989973785
2.7664683460826276,-8.62391712506233,-16.031360563471843,-0.27689448351476786,29.648543856651788,2.921286234833979
2.7734340840654257,-8.444005162854209,-16.23158404342926,-0.27764822751198237,29.668824452999193,2.928683909865951
2.512205685772941,-8.427020361326932,-16.24921638482934,-0.2514776087541593,29.67057180547178,2.6554977253783094
2.0291323114296222,-8.402347463730191,-16.27465339086297,-0.2030647609611411,29.6730840748025,2.150299320228556
1.5397972928307346,-8.382712607043025,-16.294889276765613,-0.1540064121496902,29.67507769096484,1.638540871536058
1.0504074968429142,-8.368463813990886,-16.30957038029968,-0.10492882573678479,29.676521901416265,1.126716272263041
0.5593942427654272,-8.359579558419831,-16.31872265608663,-0.05567899601097992,29.677422331809172,0.6131877183571404
0.0686447236792775,-8.356114141087371,-16.322292520804268,-0.006450552636973048,29.67777563117255,0.09993173944937694
-0.41998120024084634,-8.358040570954275,-16.320308699125757,0.04256555632252507,29.67758534693684,-0.4111036880865623
-0.9101006473594723,-8.365363022487909,-16.312766382006874,0.09172782687293222,29.6768506190642,-0.9236987702618873
-1.4008911752560822,-8.378107826070812,-16.299633043114625,0.1409461516423201,29.675535674765467,-1.4369880366843197
-1.8912706932881604,-8.396252652946956,-16.280935191906806,0.19011376788355966,29.673702353687297,-1.9498417655942144
-2.38147599080476,-8.419801730300469,-16.25666019171077,0.23924713045710508,29.671314473734412,-2.462502431254807
-2.7465600449681333,-8.440858283469469,-16.234946776701097,0.2758260553844054,29.66917171995407,-2.8443015289965707
-2.771471949242752,-8.431949288245292,-16.082253590520537,0.2778765442904771,29.507462344031026,-2.8694525126147736
-2.7640459333710043,-8.403024071901772,-15.61773718287582,0.2758003947935904,29.014059108085014,-2.8589613778456666
-2.7559668325032964,-8.377456923732645,-15.1054419694709,0.27358450221041747,28.4762382916517,-2.8475880002336726
-2.7478648972438853,-8.358033342817379,-14.584355573944734,0.27140613248930806,27.9357697520931,-2.8362234681976815
-2.7398288601329455,-8.344958589713974,-14.060143411350227,0.2692877727689492,27.398523716392752,-2.8249906427396483
-2.7317377839400985,-8.3380669331677,-13.524827299656069,0.26719646790637064,26.85635689025729,-2.8137191409493743
-2.723636558335233,-8.33751770282665,-12.981178136851257,0.26514336702293856,26.31219927480245,-2.8024707253664323
-2.715634274574361,-8.34326064467173,-12.43653176986147,0.26315455010692723,25.77333592046107,-2.791395074909881
-2.707731209575677,-8.355109968900416,-11.891078346052039,0.2612278030433367,25.239771194053905,-2.7804901451318282
-2.699995538013166,-8.372699789187832,-11.349793076288865,0.2593771129165559,24.716114093244823,-2.769847291653235
-2.693010209551013,-8.393714710637505,-10.854642579357087,0.25773530102359105,24.24201298688454,-2.760262375167665
-2.6903286167072786,-8.403083682984326,-10.662935460420506,0.25711232003241136,24.059688032736908,-2.756589125259045
-2.6932778011264435,-8.30901434992079,-10.732582530201913,0.2573445428701299,24.035253522419012,-2.759521651273384
-2.709248360034521,-7.868254167223042,-11.217473844579468,0.2589557412020565,24.079316321797737,-2.7762696295589273
-2.7290782494839676,-7.326718675567831,-11.808880897907514,0.2609479800714063,24.129102515910354,-2.797044023833563
-2.7492630716785,-6.781841285461968,-12.39908843066503,0.26296645438169614,24.17434516914368,-2.818166830230508
-2.7697115122222082,-6.236196389869399,-12.985243717022787,0.26500163526566384,24.214766317565196,-2.8395416377608598
-2.788603329150065,-5.737612143754258,-13.5165639994095,0.26687329146498107,24.247419359616732,-2.859268151725714
-2.7835227336866497,-5.603014796924049,-13.65924935057476,0.26640518305777966,24.25552960934707,-2.8540488958216224
-2.5189286832367603,-5.909803233512582,-13.332340612528073,0.24110216639079932,24.236515230685928,-2.579989506710935
-2.135477103603874,-6.3607895627200275,-12.849183638335251,0.20443225357055037,24.20575166946391,-2.1828386242688964
-1.7574339795610128,-6.812965666353163,-12.361649940406997,0.16828293499376298,24.171554641358348,-1.7913170313378988
-1.3870360348447082,-7.263437847547141,-11.872861867881172,0.13287239154806604,24.13415752401092,-1.4077474254556401
-1.0223113898449596,-7.714374338803406,-11.380477532937977,0.0980161037056581,24.09340321672585,-1.0300936513557801
-0.6641245910094332,-8.164506306706569,-10.885884598151957,0.06380043140388135,24.04941942112248,-0.6592565514591615
-0.31309721160918325,-8.61280414039697,-10.390240750112083,0.030288080485730347,24.002344978998355,-0.2958846185522083
0.033915704498227665,-9.06310925891566,-9.889297284731581,-0.002817937279020416,23.95178437188779,0.06327252146139478
0.3745562790516574,-9.512208258494603,-9.386621402007398,-0.03528959658860664,23.89809940286519,0.4157694213779828
0.7087792882691752,-9.959809459628206,-8.882568784877078,-0.06712005090406878,23.841364442710276,0.7615552649413373
1.0376944466696425,-10.407197591602117,-8.375711802394887,-0.09841259233475085,23.78144496027486,1.1017741967148313
1.3604857427708748,-10.853065359882523,-7.867552011347687,-0.1290874327848133,23.71854529672312,1.4355785102657779
1.6796171740511074,-11.300671411854427,-7.354372867230202,-0.1593706797620291,23.65218220090153,1.7655033774797182
1.9919285642092663,-11.745405695352291,-6.8414814805129,-0.1889720933743737,23.583124780392584,2.0882961229174573
2.292361198444389,-12.17962554213101,-6.337827090085706,-0.21740663797899762,23.51267968580592,2.398720208380606
2.444831030053105,-12.40244221161556,-6.078273714255468,-0.23182073434964146,23.475375953777732,2.556224188940233
2.510603353715221,-12.49907675271815,-5.965473527254551,-0.23803510044536627,23.45895445318189,2.624160218969644
2.546692541209002,-12.560888336065663,-5.912964458692024,-0.24147738699747373,23.4681135423991,2.6615184926435695
2.545475735144521,-12.73296178683287,-6.104980633484814,-0.24203491560746232,23.832204782601615,2.6619383791373616
2.543676991535967,-12.992544586434809,-6.384569406396612,-0.2428846782541632,24.37137870679249,2.662577938912395
2.5418901287243196,-13.256594012405786,-6.657242598776022,-0.2437596330866033,24.90810361863465,2.663236170316512
2.5401003655253533,-13.527270002539801,-6.925251125799111,-0.24466744149375966,25.446790389125482,2.663919047730623
2.5383108319912426,-13.804134275834937,-7.188071334526383,-0.24560726207076874,25.98647707899182,2.6646261472814805
2.536527457532883,-14.086256041115137,-7.444816204074866,-0.24657650111122564,26.525345867788406,2.6653557255963376
2.534751303455951,-14.373416066089396,-7.695347182693767,-0.24757492079535068,27.063038969384053,2.6661078073795155
2.5329748644928416,-14.666808747636166,-7.940708960043353,-0.24860727065251412,27.60179547810775,2.6668861746748194
2.531247357109852,-14.958068741793758,-8.174273430514827,-0.2496442822011813,28.126621888262616,2.6676689287155053
2.530350263658196,-15.111638410086895,-8.293589322555176,-0.25019591185490886,28.399508439863716,2.668085700824284
2.529914018791155,-15.186890740448778,-8.351121116356465,-0.25046744163069123,28.53229304128835,2.6682909551354306
2.286616771236153,-15.174674603001087,-8.368270404623297,-0.2263650922576505,28.538157641800584,2.414423926594927
1.8213466246019205,-15.152004021641734,-8.39413270488501,-0.18024333469780454,28.54286924664102,1.9288981914685304
1.3485500615389407,-15.134232723774186,-8.4144003361316,-0.1333577398234081,28.54655826376798,1.4355027578493451
0.8753804050950846,-15.12175779225017,-8.428624746026026,-0.08642185391798732,28.54914618716501,0.9417062977556679
0.4041660413027968,-15.114610084211845,-8.436773920292786,-0.03967131813971263,28.55062947607363,0.4499428201865807
-0.06688560022065183,-15.112725070842087,-8.438923244549228,0.0070670682810534,28.551023147254853,-0.041654331095972816
-0.5389664798903994,-15.116111913614297,-8.435062750837627,0.05390698802390618,28.550325742148797,-0.5343250752853403
-1.0125120986545166,-15.124816992376747,-8.425138704037455,0.10088701540705616,28.548526882414418,-1.0285198323083633
-1.484325449257788,-15.138779615682225,-8.409214650540372,0.14768400076803603,28.545605587226913,-1.5208991272557537
-1.949840238707832,-15.157732713211772,-8.387598600715789,0.1938432250138531,28.541677155552744,-2.0066917561067106
-2.2022502117706075,-15.170161444688487,-8.373420439937997,0.21886409671114,28.539097818695108,-2.2700901543907213
-2.477207304158919,-15.185423757416926,-8.356006444685672,0.24611300931711366,28.53592710966515,-2.5570110528055707
-2.529690768426107,-15.153442264284623,-8.265971643468843,0.25102444128139023,28.41370385776585,-2.6111714930013448
-2.5272325907666144,-15.018347028754581,-7.923963028572552,0.24966566019807776,27.93661439251357,-2.6062449090307265
-2.5244342334675887,-14.869917012143052,-7.52900614336969,0.24815373745088123,27.393243787616782,-2.600666100838851
-2.5216227894829184,-14.72655840726815,-7.126146484701862,0.2466713568861972,26.84704181454083,-2.595091935332207
-2.5188263220161673,-14.589714767210593,-6.719377520438678,0.24523247530125492,26.30344533374918,-2.5895770570209495
-2.516030992232996,-14.458677530359243,-6.306703179073921,0.24382889321159343,25.759749794588167,-2.5840929792399723
-2.5132362651158147,-14.333434316572255,-5.888013383041486,0.24245956655062104,25.21583274442494,-2.5786377075490807
-2.5104423177629207,-14.214007663668555,-5.463299925133858,0.24112384562412673,24.67170851479324,-2.573210672296199
-2.5076498974044483,-14.10044040990395,-5.0326439547642465,0.23982135679620137,24.127501091051528,-2.567812411830861
-2.504892847623616,-13.994012781121583,-4.601345497678085,0.23856659773558403,23.589790536472194,-2.5625070016765465
-2.5032038414939626,-13.931620119761284,-4.334114812103051,0.23781297978991986,23.260176671097003,-2.559268496132127
-2.503551348360342,-13.899727295143043,-4.309416733446326,0.23774514743769143,23.203584885516914,-2.5593722886300254
-2.513832220841657,-13.578174302193403,-4.692393361980424,0.2388288218539206,23.264967463255005,-2.5702760340446704
-2.5301662088001042,-13.072088650300241,-5.29184067492339,0.24054548304550707,23.358263569451747,-2.587585513565716
-2.5435565176526014,-12.661493538431877,-5.775196375695733,0.24194812968679522,23.43097012197412,-2.6017626938240332
-2.5471073258175263,-12.55658821428024,-5.908095962598968,0.242336348132245,23.458949928484067,-2.6055628848348444
-2.5460484998713406,-12.70635029120897,-6.0756430492307505,0.24282248899899314,23.77626050430392,-2.6059326464782204
-2.544278659167039,-12.961508240910092,-6.3517584839014205,0.24365879370191934,24.30753621691271,-2.606568178595981
-2.5424842326353216,-13.226399483527377,-6.626637876543677,0.24453756146946884,24.847309170330163,-2.6072354524699146
-2.54069553338761,-13.496669555641505,-6.895514588544402,0.24544509160988165,25.386458221431493,-2.607924261451102
-2.538920087114653,-13.771103627904974,-7.1572957053785835,0.2463777336185759,25.922675616227924,-2.6086320427039285
-2.5371401737925945,-14.052415048734343,-7.4145881887068095,0.2473452482717644,26.461281685842174,-2.609366407803457
-2.5353572166970677,-14.340436898616378,-7.66710946074551,0.24834777908744513,27.001826929625583,-2.6101276713250314
-2.533580414284138,-14.633684179013663,-7.913526017642171,0.2493807948336086,27.541492833013077,-2.6109125965934674
-2.5318347742734,-14.92785049426169,-8.150489931130638,0.2504294194628847,28.072625043174305,-2.6117100633925
-2.530803272357317,-15.104503819101442,-8.288104492523912,0.25106506350626323,28.386894077126666,-2.612193850185768
-2.5303357902776873,-15.185257231367178,-8.349880033484036,0.25135711009426837,28.529423544755627,-2.612416232172228
-2.5359804842635305,-15.019710859617208,-8.558885521893869,0.2520203586450125,28.572859558007867,-2.6185239685143498
-2.55129531735227,-14.566326823648302,-9.110953064289362,0.25377678647607166,28.671480294265802,-2.635003881826445
-2.568382349391534,-14.065911842695492,-9.716390518297873,0.255728793716969,28.776432315435205,-2.65337310248475
-2.585853759019675,-13.560000434215835,-10.324300545539831,0.25771628908560285,28.87835844204972,-2.6721363368295847
-2.603581620668096,-13.052445729631449,-10.92994402173761,0.25972419524926194,28.976373187291482,-2.6911552469020914
-2.621680938929588,-12.54009083903805,-11.536987586456283,0.2617650153675846,29.070985796045136,-2.7105522736613628
-2.640112516046753,-12.024213844651783,-12.143791256051705,0.2638337392545144,29.16183450348653,-2.7302843266807018
-2.6589053077129994,-11.504161744960479,-12.751004763571679,0.2659330253507897,29.248915890500907,-2.750381328627472
-2.6781357086467446,-10.978021102675902,-13.360709831049414,0.2680707225261444,29.332397883462637,-2.7709237049358166
-2.6976197837068505,-10.450970079183026,-13.96679477874738,0.2702257762955577,29.411347723373,-2.791713873283282
-2.71726283937985,-9.925582027363253,-14.566293431508969,0.27238733659495357,29.485372979412347,-2.8126501890290094
-2.7371283044856165,-9.400157472215797,-15.161150148782504,0.2745620338452743,29.55471824440574,-2.8337997054578574
-2.757291575628886,-8.872759275497755,-15.753515660072356,0.2767576553074529,29.619596757466404,-2.85524188983791
-2.771834518177486,-8.495963190873443,-16.17381940965843,0.27833395827457624,29.663039997718922,-2.8706920883192426
-2.773267401323439,-8.4397245823488,-16.193716027999198,0.27837702265315567,29.62669211889376,-2.871987465982091
-2.7672420806713576,-8.414843227009257,-15.818466582784254,0.27668206129998907,29.226592517747832,-2.8634653353213366
-2.759130502229497,-8.386737418636304,-15.306975179546251,0.2744397658036671,28.687037106804894,-2.852029812834864
-2.7510561004745666,-8.364941219382867,-14.79054567495482,0.2722518178491389,28.14885278567787,-2.8406880845724376
-2.742972681829443,-8.349338703901761,-14.266163020701642,0.27010441668252966,27.608908822136122,-2.829373741527104
-2.7349072848990943,-8.340015252389847,-13.735490366925745,0.2680036748951134,27.068953612389603,-2.818123301316397
-2.7267773948942615,-8.336973837965301,-13.192927337206775,0.26592748198767824,26.523390172968494,-2.806820741900826
-2.718737434768448,-8.34028878739826,-12.648705242899158,0.26391415894341597,25.982523367320127,-2.7956793674903517
-2.7108243893166484,-8.34973689046288,-12.105525516123654,0.26197050853437404,25.448831243274938,-2.78474783769792
-2.7030182375933247,-8.365116194455348,-11.562236257195988,0.26008916092469403,24.9209600600859,-2.7739959317091967
-2.6953946124593027,-8.38598901868338,-11.02440471883205,0.25828564771225565,24.404039027389558,-2.7635250755676495
-2.690961806314415,-8.400803004108298,-10.708344441686322,0.25725209505671576,24.10281456327995,-2.757449821615432
-2.690312175451197,-8.391299340245137,-10.6417076454799,0.257037626492307,24.026677617180365,-2.756403415241544
-2.7020172070796677,-8.067281144215126,-10.998912349497022,0.2582198919734953,24.05981413279073,-2.76868173373366
-2.721335252729832,-7.5374037497208315,-11.579363744542308,0.26016408836773375,24.110305184414567,-2.7889283436029095
-2.7412404178820626,-6.997629468746257,-12.165930580449643,0.26215825203192344,24.157011695110967,-2.8097675659790537
-2.7616419161131076,-6.450750223261434,-12.755344539385073,0.26419256885220915,24.19945761457517,-2.8311027018014676
-2.7821243252123655,-5.9079914757015715,-13.3354581829507,0.26622524902986383,24.236722749699144,-2.8524985356477206
-2.7938838212299277,-5.599158480971876,-13.663382347321232,0.267387889477809,24.255762107128135,-2.8647717137477806
-2.6131447119921747,-5.714287637982589,-13.540510054320057,0.25011549599512384,24.248789385786417,-2.6775937014886306
-2.1583665879566496,-6.029435986614011,-13.203465707204858,0.20664803229688222,24.228604450407243,-2.2066212918654013
-1.6910466279696343,-6.360415526612326,-12.84812459224983,0.16197997076367163,24.20566190416194,-1.7226852995378565
-1.231938761411958,-6.692741775332314,-12.489911476828338,0.11809997241605066,24.180834233250316,-1.2472838404404698
-0.7735728338792268,-7.031732760889541,-12.123024391315083,0.07429903009749525,24.15366444328739,-0.7726869929726958
-0.33670239356798637,-7.3616373559634125,-11.764511033009862,0.032564480752543944,24.125439928233558,-0.32038661165718907
-0.1370379840583666,-7.514658832476262,-11.59772685642646,0.013495669433513548,24.111752761913213,-0.11368480273264228
0.23500705087551116,-7.8035968812662375,-11.281944077294778,-0.022025394232133153,24.08488128232581,0.2714462606496385
0.6882938490390018,-8.162412821911984,-10.888219900173432,-0.06528028070369601,24.049645904986022,0.7406238911234374
1.1435623749150912,-8.530430013788116,-10.482574246577759,-0.10868551152918307,24.011334981595727,1.2117776349426077
1.5970135567180135,-8.904722343737776,-10.068108992151737,-0.15188966937094198,23.97018636592862,1.6809865290513828
2.051851549668635,-9.288076343076812,-9.641603740745829,-0.1951840786741091,23.925731547913458,2.1515481358648727
2.48198707211533,-9.65804867215682,-9.22805028302627,-0.23608308914745638,23.88061843481983,2.5964692313216755
2.6400606251938363,-9.804843670936013,-9.083405507063802,-0.25113815848607507,23.882132441537312,2.7600447817448366
2.6388252002668806,-9.972248386864479,-9.267301418838896,-0.25170897854272883,24.233434802127533,2.760455548305858
2.6369192502008487,-10.235725719745838,-9.546964836098349,-0.25261686839759023,24.776578184996605,2.7611102416339097
2.6350235485314686,-10.504087802164932,-9.820218959933898,-0.2535533483724354,25.318196959547443,2.761787372566032
2.633115472905769,-10.780575515165443,-10.090269804467862,-0.2545304267325576,25.864738049984453,2.762495881813987
2.6312267604681043,-11.060580721654263,-10.352606843204649,-0.25553244949392906,26.40708274933965,2.763224659542488
2.629330174474103,-11.348108506043966,-10.611011479588885,-0.25657436456205845,26.95301757976593,2.763984811750219
2.6274480741971984,-11.63975927534313,-10.862416525855206,-0.25764453324150133,27.496075730787542,2.7647680862777757
2.625563630555614,-11.938101375150913,-11.109071359611269,-0.2587530282329864,28.04107494540393,2.7655820832845714
2.6237112365549784,-12.23756098909617,-11.346546801803882,-0.25987960384879794,28.57801218628568,2.766412119424228
2.622541799490862,-12.429781702386965,-11.49390275632419,-0.26061006635833256,28.917590203256196,2.766951780859666
2.6220334067920024,-12.514112783951742,-11.557340247670174,-0.2609323383291006,29.065359355293797,2.7671902387542904
2.450007538722053,-12.509344977717392,-11.572445948707589,-0.2438218917444844,29.076391364967236,2.5875450086272482
1.988100410205746,-12.48558285936082,-11.59853330805881,-0.19780074486139687,29.080348260085096,2.105036896134806
1.5082983194475104,-12.466143869630336,-11.619867800258804,-0.1499781145549727,29.083579894619756,1.6038209537400452
1.0259816744512429,-12.451983510090576,-11.635405221604875,-0.10189035340630777,29.085931533192767,1.0999667202461996
0.546862383469251,-12.443254236826,-11.644981961728895,-0.05411154924327728,29.087381184449537,0.5994448314854924
0.06492564208509775,-12.439837757799014,-11.64873008585248,-0.006046500667047605,29.08795056560298,0.09597545902671949
-0.41530929876105915,-12.441784556389395,-11.646591625727607,0.04185045039802488,29.087600436738924,-0.4057191397692565
-0.89404453662828,-12.44904121516657,-11.6386316127955,0.08959275666301704,29.08640247184948,-0.9058412857830922
-1.370619748969433,-12.46153956222778,-11.624919507015317,0.13711133688548133,29.084334633271748,-1.4037002925051862
-1.8486426974917463,-12.479365391172287,-11.605357965704046,0.18476143396587488,29.081379807711116,-1.9030614767518526
-2.230421319489464,-12.497410335667665,-11.585550626723196,0.22280548572409256,29.078383098613834,-2.3018723688061975
-2.4364587896358847,-12.50855496533806,-11.573314870081166,0.24333160510466248,29.076529693197124,-2.5170974624212605
-2.622327449128749,-12.519117578981524,-11.555254249035029,0.26182847410827437,29.06828628581512,-2.711217878809136
-2.618074041157555,-12.503484837292877,-11.257414655425833,0.26061652762188514,28.75483488786651,-2.7051445611928076
-2.610738844218202,-12.48133782532986,-10.737870974820625,0.2585590038473269,28.21318015187254,-2.694700439829547
-2.6033072902862955,-12.465155604428178,-10.203785535232607,0.2565156292730141,27.662948728167013,-2.6841562828987673
-2.595938455350569,-12.45537972870336,-9.666425672167025,0.25452950682286346,27.115848732339867,-2.6737368642595967
-2.588537809403753,-12.451899124326541,-9.118830676152493,0.25257401589406275,26.564808843703293,-2.6633071278382907
-2.5812142057938323,-12.454762881269506,-8.569007376826374,0.2506767288162853,26.017884461038996,-2.6530190478378617
-2.5740090691090134,-12.463758557303933,-8.020262539682829,0.2488460965619252,25.478169718521,-2.6429284412391425
-2.566872060108878,-12.47876567285522,-7.468944569244532,0.24706722480996518,24.941892790672487,-2.6329626076827566
-2.559864928241545,-12.49945763053272,-6.920025177357664,0.24535342841988084,24.41369850754839,-2.62320562053649
-2.552953494077926,-12.525704167624879,-6.371075026039481,0.24369417913482055,23.891027439898256,-2.6136076840532345
-2.548012258685247,-12.548052851856669,-5.973961826536837,0.24252656378447476,23.516286102117718,-2.606760998840911
-2.5475986318059425,-12.538286744387896,-5.919713912909516,0.24236966812104346,23.452274308143384,-2.6060381754685427
-2.5578527108246467,-12.227271462725941,-6.283446979818509,0.2434399870155477,23.504950471845667,-2.616884440728036
-2.5746685610459776,-11.721882415018444,-6.871205870404016,0.2451898835779372,23.58725172113056,-2.6346570241991176
-2.5922559263281317,-11.199336751190364,-7.474615651883451,0.24701295618704355,23.668043649626526,-2.653226030675399
-2.610063446387502,-10.676356795805079,-8.074132627534624,0.24885143089945835,23.7445071102764,-2.67200788524507
-2.6279980048729414,-10.155680842663353,-8.666627976841617,0.2506954703250539,23.816251947797618,-2.6909039919513287
-2.6394397709991004,-9.826590096191133,-9.038851567700036,0.2518679574554005,23.85933697729988,-2.702948935832784
-2.6405104449139776,-9.79591597018392,-9.073456881411909,0.2519775164887766,23.863263680802856,-2.7040756464863667
-2.6405104449139776,-9.79591597018392,-9.073456881411909,0.2519775164887766,23.863263680802856,-2.7040756464863667
-2.6405104449139776,-9.79591597018392,-9.073456881411909,0.2519775164887766,23.863263680802856,-2.7040756464863667
-2.6405104449139776,-9.79591597018392,-9.073456881411909,0.2519775164887766,23.863263680802856,-2.7040756464863667
-2.6405104449139776,-9.79591597018392,-9.073456881411909,0.2519775164887766,23.863263680802856,-2.7040756464863667
-2.6405104449139776,-9.79591597018392,-9.073456881411909,0.2519775164887766,23.863263680802856,-2.7040756464863667
-2.640505676867915,-9.795880976830507,-9.073414744558953,0.25197705320031477,23.86317752826277,-2.7040707665781154
-2.5877827167939897,-9.408939837648669,-8.60748392358168,0.24685421278337574,22.910540562910583,-2.650110883519524
-2.535181956219839,-9.022895537596954,-8.142633021356565,0.24174324591328428,21.960111587407024,-2.59627606685911
-2.482753613276073,-8.638116634522618,-7.679305832670357,0.23664903204803706,21.0127979796285,-2.5426177128851557
-2.402508327288944,-8.049185316358862,-6.970150809372835,0.22885197752478403,19.562867520120722,-2.4604898080445072
-2.307066879849775,-7.348727255098758,-6.126702112671455,0.21957838393847973,17.83836171221871,-2.3628092276002537
-2.2120478321738295,-6.651369244468262,-5.286986307070716,0.21034583293734352,16.12148813187066,-2.2655609567568953
-2.116927449460492,-5.9532675218998845,-4.446374969104203,0.2011034356903881,14.402783556025213,-2.1682089734747865
-2.0219973452239075,-5.256562279545308,-3.6074451870814985,0.19187952690215757,12.687517070727248,-2.071051732755305
-1.9265691846083324,-4.5562017321321235,-2.764113910582187,0.18260722433359627,10.963251338862127,-1.9733847508541982
-1.83156670143382,-3.8589652906822183,-1.924544491143019,0.17337628282664078,9.246677058029048,-1.8761534331287788
-1.7366219580665971,-3.162152609711188,-1.085485338118628,0.16415095162339413,7.531146062222434,-1.778981209832898
-1.641257675104189,-2.4622608692817143,-0.242718570276273,0.15488485574396646,5.808034518467795,-1.6813796042060012
-1.5461929822834004,-1.7645678625827304,0.5974006170727703,0.14564786962020984,4.090336188291483,-1.5840846173460437
-1.451116442957907,-1.066787912737549,1.4376244960334932,0.1364097324276775,2.372423806812362,-1.4867775060528678
-1.355995640722481,-0.36868311123819303,2.2782395414601178,0.12716729441774693,0.6537116507352833,-1.3894250934063446
-1.260937448115829,0.3289621894848829,3.1183012841948012,0.11793093988902309,-1.0638692288225347,-1.2921367592607682
-1.1655902723319405,1.0287283779511285,3.960916870052666,0.10866650623313931,-2.786671667576094,-1.194552662160537
-1.0706681180865076,1.725375274214579,4.799776395285937,0.09944336990791032,-4.501794506625159,-1.0974035579453847
-0.975299735984232,2.4252970988018427,5.642579388628551,0.09017687573446885,-6.224980116634015,-0.9997977570095068
-0.880072423654352,3.124183592702848,6.484135700169247,0.08092408864292533,-7.945616774920711,-0.9023363354561768
-0.7851955035933484,3.820498508993464,7.322595475451873,0.07170534750923901,-9.659922289674542,-0.8052335266557479
-0.6900404841469916,4.518854435364385,8.163512910068292,0.062459584774921466,-11.379252707319974,-0.7078460940350461
-0.5950788044519506,5.215791414401575,9.002721735211122,0.053232607948884736,-13.09508972107236,-0.6106565370714956
-0.4997841164940535,5.915172387410383,9.844873468208274,0.043973274286552344,-14.816943771434975,-0.5131261592038063
-0.40476222824450747,6.612551245405737,10.684614376928941,0.03474044728032786,-16.53386867734234,-0.4158749811447088
-0.3094280245864759,7.312222229635541,11.527115323676222,0.02547727406449793,-18.25643672624766,-0.3183041605068252
-0.21437212987662715,8.009850665774279,12.36715675911134,0.01624114281152723,-19.973976085727053,-0.22101817816855646
-0.1452557613223309,8.517105310563041,12.977961734748463,0.009525432506082744,-21.22282113356592,-0.15028028410124752
-0.0927256342263917,8.902631221691122,13.44218842478129,0.004421328756659411,-22.171973851775856,-0.09651775803716867
-0.039997900853516906,9.289607392778047,13.908161429033084,-0.0007019754591396176,-23.124697064581134,-0.04255298969420149
-0.0012721254278605016,9.573821246436735,14.25039434447937,-0.004464775712571683,-23.82442267047808,-0.002918676476739979
-0.0012721254278605016,9.573821246436735,14.25039434447937,-0.004464775712571683,-23.82442267047808,-0.002918676476739979
-0.0012721254278605016,9.573821246436735,14.25039434447937,-0.004464775712571683,-23.82442267047808,-0.002918676476739979
-0.0012721254278605016,9.573821246436735,14.25039434447937,-0.004464775712571683,-23.82442267047808,-0.002918676476739979
-0.0012721254278605016,9.573821246436735,14.25039434447937,-0.004464775712571683,-23.82442267047808,-0.002918676476739979
-0.0012721254278605016,9.573821246436735,14.25039434447937,-0.004464775712571683,-23.82442267047808,-0.002918676476739979
-0.0012721254278605016,9.573821246436735,14.25039434447937,-0.004464775712571683,-23.82442267047808,-0.002918676476739979
-0.0012721254278605016,9.573821246436735,14.25039434447937,-0.004464775712571683,-23.82442267047808,-0.002918676476739979
-0.0012721254278605016,9.573821246436735,14.25039434447937,-0.004464775712571683,-23.82442267047808,-0.002918676476739979
-0.0012721254278605016,9.573821246436735,14.25039434447937,-0.004464775712571683,-23.82442267047808,-0.002918676476739979
-0.0012721254278605016,9.573821246436735,14.25039434447937,-0.004464775712571683,-23.82442267047808,-0.002918676476739979
-0.0012721254278605016,9.573821246436735,14.25039434447937,-0.004464775712571683,-23.82442267047808,-0.002918676476739979
-0.0012721254278605016,9.573821246436735,14.25039434447937,-0.004464775712571683,-23.82442267047808,-0.002918676476739979
-0.0012721254278605016,9.573821246436735,14.25039434447937,-0.004464775712571683,-23.82442267047808,-0.002918676476739979
