Joint0,Joint1,Joint2,Joint3,Joint4,Joint5 
-0.005065301948730016,9.572237750611414,14.247977117891091,-0.0026555108523824552,-23.82650491120157,-0.0012048226384564085
-0.005065301948730016,9.572237750611414,14.247977117891091,-0.0026555108523824552,-23.82650491120157,-0.0012048226384564085
-0.005065301948730016,9.572237750611414,14.247977117891091,-0.0026555108523824552,-23.82650491120157,-0.0012048226384564085
-0.005065301948730016,9.572237750611414,14.247977117891091,-0.0026555108523824552,-23.82650491120157,-0.0012048226384564085
-0.005065301948730016,9.572237750611414,14.247977117891091,-0.0026555108523824552,-23.82650491120157,-0.0012048226384564085
-0.005065301948730016,9.572237750611414,14.247977117891091,-0.0026555108523824552,-23.82650491120157,-0.0012048226384564085
-0.005065301948730016,9.572237750611414,14.247977117891091,-0.0026555108523824552,-23.82650491120157,-0.0012048226384564085
-0.005065301948730016,9.572237750611414,14.247977117891091,-0.0026555108523824552,-23.82650491120157,-0.0012048226384564085
-0.005065301948730016,9.572237750611414,14.247977117891091,-0.0026555108523824552,-23.82650491120157,-0.0012048226384564085
-0.005065301948730016,9.572237750611414,14.247977117891091,-0.0026555108523824552,-23.82650491120157,-0.0012048226384564085
-0.005065301948730016,9.572237750611414,14.247977117891091,-0.0026555108523824552,-23.82650491120157,-0.0012048226384564085
-0.005065301948730016,9.572237750611414,14.247977117891091,-0.0026555108523824552,-23.82650491120157,-0.0012048226384564085
-0.005065301948730016,9.572237750611414,14.247977117891091,-0.0026555108523824552,-23.82650491120157,-0.0012048226384564085
-0.005065301948730016,9.572237750611414,14.247977117891091,-0.0026555108523824552,-23.82650491120157,-0.0012048226384564085
-0.005065301948730016,9.572237750611414,14.247977117891091,-0.0026555108523824552,-23.82650491120157,-0.0012048226384564085
-0.005064834981950841,9.572240605723465,14.24797235418379,-0.0026555088328727916,-23.8264984381708,-0.0012043517522367347
0.01254617088379893,9.679643025899177,14.068779287329347,-0.0026373575736237604,-23.58286636052825,0.01653078847538003
0.0518194714040872,9.91720010483524,13.672475004301186,-0.0030107772741997307,-23.043048567585227,0.055915303791392264
0.09382214249015654,10.168342765973852,13.253567027382573,-0.004030030866311998,-22.47094574902685,0.09779764043759727
0.1362366076995407,10.418959976979867,12.835593712762813,-0.005693951539819959,-21.89858822905089,0.1398568307381442
0.17895358616778273,10.668408353757924,12.419623710563316,-0.007999285447794777,-21.32745608867059,0.18199557145096235
0.22229290209286262,10.918536851182974,12.002569773120198,-0.010969051500499972,-20.753316335612002,0.2245389137863722
0.2657153330041298,11.166236339322289,11.589611584092872,-0.014567675301579775,-20.18331645649142,0.26696858226340625
0.3097920098228204,11.414765348254194,11.175312277879142,-0.01884462359918292,-19.609967653466153,0.30985358953900216
0.35401895354901475,11.661275405854138,10.764416096661822,-0.023754921037449427,-19.03984708014202,0.3527139728295556
0.3988556771000929,11.9083253709571,10.352653535910607,-0.02935282308380714,-18.46704467778908,0.3960058017308509
0.4440678595319172,12.15460077088939,9.942211441513031,-0.035617114839249606,-17.89460538668022,0.43951244790414207
0.4895103369690768,12.39932314809423,9.53438280949426,-0.04252820724762214,-17.32435384577258,0.48310574241039106
0.5356784688918361,12.645140331540047,9.12475094505032,-0.05016925296735008,-16.75011886882985,0.5272709495225328
0.5820138763428468,12.889065086493666,8.718289660713522,-0.05845466448663269,-16.178880202923935,0.5714842878354911
0.6287359892478214,13.132269181286228,8.313042063319191,-0.0674239292386129,-15.607911023772981,0.6159668212031436
0.6759000968421022,13.375032402312868,7.908537773089888,-0.0770936241330255,-15.036558906379284,0.6607819573769005
0.7235511570215147,13.617569708140145,7.504414451132755,-0.0874810996888329,-14.464317871413781,0.7059830420101654
0.7716380683406026,13.859605223450211,7.101127579194817,-0.09858348836245776,-13.891838989653577,0.7515324101911788
0.8200625466528423,14.10064182438692,6.699501283148253,-0.11038360136112212,-13.320305167346328,0.7973482092706153
0.8690638458470747,14.341856287178684,6.297570537657767,-0.12294821791946485,-12.746926893778866,0.8436679645189511
0.918277797227527,14.58145181412077,5.8983251242962265,-0.1361903838058087,-12.175981209528853,0.8901588411574799
0.9680184839867502,14.82095829880894,5.499211569368981,-0.1502001626792781,-11.603830970688337,0.9371291364436615
1.018146726731724,15.059691882953205,5.101365213661161,-0.16494758600949605,-11.032110437306013,0.9844590088844822
1.0687484077387641,15.298052762102845,4.704114914791966,-0.18046630523325483,-10.459864366040202,1.0322413414313283
1.1197524076778613,15.53569588400768,4.308031496927565,-0.19674348673833436,-9.887923505693136,1.0804209344024958
1.1710942515269454,15.772321759373737,3.9136100181172515,-0.21376515081230596,-9.317016879637546,1.1289489028495028
1.2231028923289402,16.009427085914385,3.5183513097495736,-0.2316522765426156,-8.743530412406983,1.1781486392832399
1.275233317139306,16.244524564632187,3.1263976117611247,-0.2502254578382389,-8.173486243551531,1.2275169104774246
1.3282452222895016,16.481022223611795,2.7320626402790977,-0.2697676767467784,-7.598618381038664,1.2777861457534379
1.3812418948346574,16.71491157794137,2.3420258958905418,-0.28995841865674427,-7.028673358430787,1.3281188754177022
1.4344272190374703,16.947133543443687,1.9547151101003768,-0.3108729758175678,-6.461388762005967,1.3787201318394464
1.4872717812419385,17.175439127447387,1.5738787639332323,-0.3322950763867232,-5.902300966689354,1.4290964047266632
1.5406616127917214,17.403692550238773,1.1930679914695064,-0.35458277035139596,-5.341974523545806,1.48010333995374
1.5947103471744137,17.63234788370415,0.811520573394551,-0.37780079374450615,-4.779283309118273,1.5318636962277332
1.648967091822178,17.859489028114947,0.4324297655280482,-0.4017668693584199,-4.218944308568932,1.5839590048983228
1.7037681230809256,18.086522919037616,0.053443595948694585,-0.42663919434164105,-3.657492834321133,1.6367253201174672
1.7589074971543734,18.31258711914862,-0.32400236552695466,-0.4523365981896057,-3.0970628153769497,1.6899782260999243
1.814477588602061,18.538058625425208,-0.7005414146614241,-0.4789126673094229,-2.536725088165587,1.743820577142153
1.8703572172944236,18.762445861553747,-1.0753563743133976,-0.5063197567482424,-1.9777077310016808,1.798148648938124
1.9268580720009227,18.986988877135904,-1.4505228171094748,-0.5347248397899986,-1.4169208744168096,1.8532803928454957
1.9838806406172624,19.211267675312413,-1.8253437586745798,-0.5640962955257312,-0.8554051082565514,1.9091351275260036
2.041233008399034,19.43452136946425,-2.1985516018493576,-0.5943485872562017,-0.29506802703439516,1.9655400007020627
2.099046020202129,19.657257182359597,-2.5709981066844994,-0.6255632407548267,0.2653585296786185,2.0226387522047276
2.1567153995514357,19.877172571035132,-2.9388356003052953,-0.6574180575768381,0.8200595944946482,2.0798467693444507
2.2148805550924227,20.096729152402094,-3.306183995349805,-0.6902711738644834,1.3752240334384673,2.137810824655022
2.2735920063331516,20.316100558978572,-3.673338295804106,-0.7241693490202236,1.9312954927666206,2.196598648296751
2.3327056537442257,20.534737025039973,-4.039382604672388,-0.759046244942342,2.486881575701205,2.2560830745548994
2.392047706610803,20.752002547356586,-4.403255354182375,-0.7948105339144553,3.040356129369184,2.316104271477284
2.452200880478299,20.970014746935632,-4.7685076213409365,-0.8318327928678798,3.5971178383074527,2.3772702314644096
2.512467202336526,21.18623458182031,-5.130889704847121,-0.8697010466659512,4.15068267840659,2.438889269747576
2.573315214018715,21.40234662799399,-5.4932283129147255,-0.9087232713209987,4.7053555515915475,2.5014569642659814
2.6346714478372553,21.618072214036808,-5.855060931653234,-0.9488740412589782,5.260426858497049,2.5649181165127777
2.6967170877953928,21.834025254612193,-6.217422398848382,-0.9902963213482102,5.8174853606460255,2.6294820830597634
2.7589920811470696,22.04859673317823,-6.577616967323477,-1.0327022586519385,6.3723799154767296,2.694689926708367
2.8218132128400226,22.262878059567964,-6.937480352542783,-1.0763245018755154,6.927927401859891,2.7608922290357776
2.8849183893526513,22.475972207526333,-7.2955098786654595,-1.1209995762960756,7.481798575162683,2.8278326001843355
2.94879270091608,22.689503052159587,-7.654438542913113,-1.1670945398013557,8.038217885734328,2.896048332321885
3.0128154624685157,22.901388854687543,-8.010771187319161,-1.2141826907530693,8.591759649930344,2.9648982048191153
3.077666245697102,23.113868961515333,-8.368278118751427,-1.2627870602516658,9.14827490291978,3.0351360654637003
3.1426881222342047,23.324780408479164,-8.723324477146589,-1.312439448879885,9.702100022386068,3.106074167393018
3.2083505907368264,23.535645098151164,-9.078475856960448,-1.3635191737061425,10.257226389442085,3.178246886493292
3.274540737121139,23.746082090548562,-9.43309580931818,-1.4159675405091938,10.812657913646108,3.2515572783579003
3.341231534886418,23.955994490352925,-9.78702558855099,-1.4697898449131366,11.368140657069594,3.326001484838003
3.4084770345068356,24.165540392887635,-10.14053642236054,-1.5250577673543788,11.924095526056826,3.4016670139014926
3.47580361845748,24.373251435069335,-10.491153931367913,-1.5814015060660125,12.476615907584323,3.478043107898105
3.5440241856368746,24.581627959026232,-10.843102971388918,-1.6395288851516683,13.032352316598617,3.5560793018562644
3.6126713029887134,24.789218471149596,-11.193937868455388,-1.699078056304267,13.587444421119454,3.6352741117784886
3.6818981479366313,24.996477532242643,-11.544431262660376,-1.7602118451751296,14.143107918473758,3.715833735806088
3.751383258733646,25.202441747729747,-11.892957566433266,-1.8226731176908475,14.696754738155228,3.797411733412411
3.8215808103478395,25.408450615476646,-12.241787667131199,-1.8869009095222087,15.251984374807735,3.8805718741023507
3.892317551238365,25.61397674988823,-12.590034163180336,-1.9527751651134644,15.807382923585134,3.965144863202243
3.962874298594954,25.81695062203816,-12.934191549699971,-2.0196435345223303,16.357337388910725,4.0502928264279365
4.033797048136763,26.01897022437526,-13.2769695225243,-2.0880370439214824,16.906151717023313,4.1366940851758764
4.105709889427845,26.2217905235988,-13.62135195443504,-2.158601262334079,17.458603856346418,4.225149315355924
4.177754849783909,26.422979250374937,-13.96321383066305,-2.2305330805339785,18.008071533033537,4.314640423494764
4.250026221914147,26.62281899852491,-14.303036235257874,-2.303946743546887,18.55530604717352,4.405308829499914
4.32321260629214,26.823201017634677,-14.644040170243798,-2.379583114247724,19.105489347272385,4.49805811240685
4.397081182434333,27.023456848047083,-14.985095497083666,-2.4572563760201036,19.65680247114928,4.59264299349882
4.471008380042476,27.221899967701653,-15.323332667561507,-2.536343715158765,20.20459264659852,4.688299158785849
4.545941658494742,27.421064617255123,-15.663075730124454,-2.6179019309601648,20.75585532942647,4.786294625007646
4.620790757424442,27.61804999564266,-15.999380057201941,-2.7007843287350646,21.302556704285028,4.885243445536407
4.696948687626914,27.816507547025793,-16.33848498328157,-2.7865837318648667,21.854834566863214,4.987035225235883
4.773012598979119,28.012767518472444,-16.674125297802682,-2.873770904666719,22.40247986528573,5.089843962609031
4.850168033845202,28.209883661078884,-17.01152749109787,-2.9637512767332272,22.954010056270086,5.195317950035392
4.908041377776689,28.35646208472695,-17.262622274525867,-3.0322744952714875,23.36511455456743,5.275233689487728
4.935861703413664,28.426539250760218,-17.3827278325016,-3.065531078065228,23.561954508398866,5.3138977657910065
4.95405140462189,28.472223539535843,-17.461047651779666,-3.0873870133933154,23.690380912751927,5.339265214696427
4.968456507179851,28.50832778468603,-17.522955687080493,-3.1047584371258847,23.79193411196881,5.359404113172912
4.984585682606115,28.54867486135808,-17.592151485272808,-3.124275148646643,23.90548212791556,5.382005482543327
4.969105334237852,28.4516723838921,-17.70567637737137,-3.1200952685973458,24.120321068885605,5.378102062991671
4.928913652607197,28.199703340860996,-17.97984156812436,-3.107848803130665,24.64782525434989,5.3661593648429005
4.8866642494896055,27.924022517646737,-18.26801331481469,-3.0954213240174893,25.213103493768088,5.353983287396623
4.845174919259802,27.642059599399353,-18.550811299671135,-3.083685011194847,25.779249744858955,5.342424903962737
4.804541402266203,27.354656799014638,-18.82742817781952,-3.0726632454779685,26.344611808265952,5.331509948294367
4.764522719936148,27.060258721925386,-19.099353522777836,-3.06228901879898,26.91224308912737,5.321174423607719
4.725429965970152,26.761354424204075,-19.364331015820863,-3.0526393919940156,27.477388560334933,5.3114976332464625
4.687037463970649,26.45647581240944,-19.623757164567788,-3.0436528702253676,28.042920678050496,5.302420666392743
4.649264323438785,26.145123777457346,-19.878043162271307,-3.035309903189225,28.609752729105534,5.293925756013384
4.614902494470385,25.851671053391645,-20.108408498166813,-3.0281912257082997,29.13464507081429,5.2865774717620795
4.599221185622308,25.714440392954305,-20.213175734017355,-3.025082210287187,29.377129366854046,5.283362307253992
4.590511446593376,25.637301706546694,-20.27126279245053,-3.023396695212077,29.51262421416181,5.281612949742392
4.606781483698305,25.831343296463235,-20.482153115551792,-3.0345799302985617,29.52859338555314,5.301225740298002
4.651817962729499,26.3583061214924,-21.02690083664123,-3.0646793965366372,29.543967386803075,5.353778866725193
4.701606321791753,26.931735640464645,-21.61422216863372,-3.0977867456237465,29.555174321275285,5.4115403963274105
4.752860017938275,27.51234523327579,-22.203094752009914,-3.131686897277606,29.560652040623676,5.470638543406586
4.805628163592283,28.10017394639049,-22.793338479511785,-3.166399279844955,29.56017697342163,5.531104144309907
4.859516019152665,28.690419713686378,-23.379984624541557,-3.201653193546245,29.553602524785155,5.592462963606773
4.914157709592181,29.27889234594756,-23.958859435342223,-3.237202557693627,29.54096425017691,5.654284894523041
4.969599072677397,29.86599777194711,-24.530412859246052,-3.273072451316955,29.52230274027757,5.7166120328035825
5.02623711899356,30.455741103139765,-25.09852974236257,-3.3095128808011176,29.49747428512215,5.779876479792956
5.083877850365236,31.045855422357043,-25.66098605193528,-3.346391303309767,29.466531403757095,5.843845333355527
5.142531812464755,31.63626006091989,-26.21770307118864,-3.3837080416587253,29.42947422768708,5.908516441311409
5.20208242826555,32.22562704614939,-26.76744984043207,-3.421383358306727,29.386405307909794,5.973748868185756
5.257946820148508,32.76958680224417,-27.269538484403814,-3.4565367582221933,29.341273797889787,6.034559373007572
5.279251008759413,33.00787598994506,-27.487785560938363,-3.4697957785077413,29.319987382413945,6.057450380911237
5.01580541326073,33.02538327280869,-27.496323478206,-3.29710015956735,29.326537001473472,5.756610995358876
4.442595706366343,33.06033997959795,-27.51335419600062,-2.921095602201818,29.339584304391302,5.102016039275362
3.7933499682581466,33.094769465192925,-27.53011445231266,-2.49485134403609,29.352464555988597,4.360559321969401
3.1443375369549007,33.12372586948398,-27.544199665175714,-2.068429232457736,29.36331749130623,3.6193412189741463
2.4980487577518886,33.14715378209254,-27.555590902773577,-1.6435250393086427,29.372131678396368,2.8812111598412407
1.8486010461514952,33.16527480533027,-27.564398004913006,-1.2163259573641716,29.378962130185897,2.1394544470737342
1.199665531403262,33.177965822877226,-27.570564319300647,-0.7893020412694977,29.383753930874768,1.3982686263796813
0.5495326827385151,33.185258521092216,-27.574103136751805,-0.36138455446142154,29.386476877928175,0.6557056749396523
-0.09866345184866891,33.187132751711545,-27.575014331987447,0.06530556087308724,29.387189261335948,-0.08464895898521203
-0.7452742919955301,33.183634486957274,-27.573316586698496,0.49094369770928264,29.385874577565158,-0.8231921941503942
-1.3953050964418359,33.1747116048009,-27.568984049630323,0.9187679064859153,29.382515482823813,-1.565635953834449
-2.0416723247189883,33.160458559334174,-27.562060894977428,1.3440598217659563,29.377150737530656,-2.3038847673446177
-2.6938061061921865,33.140631251665354,-27.552426073622303,1.7729666373831736,29.369696001935385,-3.04870436252434
-3.3407470114500835,33.115544463704,-27.540228856626054,2.198223717292652,29.360277404738234,-3.787572946942299
-3.989369439568895,33.08495887256642,-27.525347673389966,2.6242948558938415,29.348810534980583,-4.528337154295435
-4.632678387367178,33.04923039684446,-27.507948692000607,3.046530676053111,29.335429035163,-5.26300356568554
-5.122568169042117,33.01840785093332,-27.492932035942857,3.3678102447724894,29.3239519175295,-5.822443337669781
-5.282947907324854,33.00792151700364,-27.483889828822285,3.4727956201240646,29.315857614127285,-6.005303856277512
-5.29012253248168,33.02447999120122,-27.246458132051178,3.4688921904653705,29.061900964660218,-5.995854054981118
-5.305048405455303,33.053804576114125,-26.75192754958786,3.4611992833292695,28.538106125223223,-5.976631232670545
-5.320796869159365,33.077452461111,-26.22935671484912,3.4536854351384934,27.991937838396133,-5.956962318658826
-5.336658218293223,33.09395528448993,-25.70230938711062,3.446715711865258,27.44842543338184,-5.937758253858053
-5.352737914474847,33.10345063250101,-25.167343301061624,3.4402350972942983,26.90398956523554,-5.918880023012532
-5.368998579557715,33.10590262195586,-24.625761008942263,3.4342539051695664,26.35996878412841,-5.900364013416961
-5.385312360037178,33.101389846740396,-24.081889374484494,3.428806046561503,25.820611611620667,-5.882339811789814
-5.4016332290075875,33.090131785131284,-23.537338037085885,3.4238858239108,25.287308733377827,-5.864834309442453
-5.417891342324978,33.0724456020997,-22.99451345368984,3.4194890873384542,24.762150098402593,-5.847894420301781
-5.431727528830466,33.05247564316326,-22.532315869927658,3.416128151011134,24.319897260997557,-5.833851871247756
-5.437103866201955,33.043538936119184,-22.352912893865216,3.414950061098548,24.14941133995286,-5.828509235745262
-5.448903600708262,33.02161905755858,-21.95855639220094,3.412459759100525,23.77694539637795,-5.816899942862807
-5.456995895892428,33.06127681829532,-21.90135683231172,3.4149680858826676,23.67978714123659,-5.819258747143465
-5.504483684408995,33.48084981067812,-22.284933876013458,3.4436066163617016,23.64106964042906,-5.867679995821697
-5.572427468804228,34.0712580180671,-22.81982835651302,3.484444821584437,23.581631521776306,-5.936620756668472
-5.641859329813865,34.66292819143706,-23.350176482573545,3.5260157903081812,23.516262164717507,-6.006669061202059
-5.713009450575357,35.257422260134895,-23.877333950720764,3.568451409978969,23.444739460569895,-6.078039725539762
-5.781461170576362,35.818458661029794,-24.36957754901911,3.6091259140065706,23.3718825281135,-6.1463208594292
-5.8147307643140875,36.087381343148365,-24.603724035129154,3.628842673115178,23.33511805031657,-6.179374857602059
-5.624465053769262,35.989101253492635,-24.513509428344236,3.5108739206308917,23.354790416080093,-5.977234515392304
-5.088289934513317,35.68102535448311,-24.232080205121807,3.1781615660210587,23.41205639999334,-5.407405198395186
-4.476993439098511,35.32225616308276,-23.904134194864998,2.7982052194885014,23.47405705920478,-4.756969940903047
-3.8667920107982208,34.9559171038257,-23.568963242660004,2.418316167526179,23.53239607973293,-4.106918791570788
-3.258348404456469,34.58223683460236,-23.226681433427135,2.0389687187411387,23.586977979299963,-3.458003322080796
-2.6667918018734365,34.21066108573958,-22.88585066281897,1.669664868246862,23.63645578231408,-2.8264163363894417
-2.07801486801103,33.8325099436082,-22.538434678776923,1.301679847630007,23.682157495833128,-2.1971764701949024
-1.4928316428522528,33.4482074900605,-22.18472090192669,0.9355770843568367,23.723951049719368,-1.5711964726980532
-0.9134016571493601,33.05913294923096,-21.82587895060868,0.5727658543559021,23.761639484017227,-0.9508360214212935
-0.34124449507472604,32.666353877880155,-21.46280917046494,0.21426329624757662,23.795207747031963,-0.3377895366272375
0.2294441473475619,32.26583224789789,-21.091671479302,-0.14351367078722171,23.8249155241857,0.27411527839050603
0.7934804189708666,31.861141245456782,-20.71567812808977,-0.49725727575330947,23.850519486117708,0.879259673594972
1.354480141007665,31.44965350490779,-20.332282304139696,-0.8491811496354831,23.872144886110306,1.481468832063672
1.9081975480565094,31.034467998490435,-19.944268542384854,-1.1965681061822253,23.88961470226221,2.076127527585108
2.459998359384509,30.611514782619942,-19.547722654047558,-1.5427313452926918,23.903057320676858,2.6689410586818907
3.0030362221351377,30.186036723150725,-19.147457343132515,-1.883324811318601,23.912312147528677,3.2524937590931207
3.5455355660117096,29.7515459767308,-18.73725809557055,-2.2234572018055516,23.91750808070869,3.8355633765272885
4.0805974790746316,29.313489933608672,-18.322146558535707,-2.5587533111679863,23.91851840111512,4.4106761220593595
4.609656623035847,28.87076271838549,-17.90097664020185,-2.8900665849483316,23.915361945199653,4.979312943161568
4.960400931514721,28.571852285142796,-17.61566565243802,-3.109565604709567,23.91091105647297,5.356251817718267
4.976340294468737,28.49598419289846,-17.656346141400412,-3.122343846580444,24.02643787353812,5.380289579072467
4.939523326266245,28.267163700764186,-17.907478747244323,-3.1110438672226834,24.507648588188353,5.369280478770064
4.897127497635536,27.993343210506474,-18.19667004335946,-3.098456821895637,25.072094713671696,5.3569631523735435
4.855473525740101,27.713105499134205,-18.480651845004235,-3.0865552379366346,25.63770875742077,5.345257406133897
4.81459684367433,27.426833739195043,-18.75902547546836,-3.0753474215682868,26.20370818494569,5.334173892313089
4.774478850347256,27.134571387764076,-19.03176655513665,-3.0648255145920094,26.770026288671236,5.323707363611117
4.735071177245642,26.836128847310466,-19.299057727793063,-3.0549748025182155,27.33703736956573,5.313845532804546
4.696399248415987,26.531873179584263,-19.56058623987626,-3.045799373570064,27.904061253761988,5.304594799248465
4.6584147513240834,26.221605379405883,-19.81654402521784,-3.0372854780942657,28.471490880020163,5.295943541511794
4.622090084218946,25.913895651984397,-20.06029176387853,-3.029629282685501,29.02408685156462,5.288095975491172
4.600633683168103,25.726887455703025,-20.203749102881932,-3.0253586268382264,29.355212550367906,5.283648482642628
4.590501227272703,25.63721047086565,-20.27133124381785,-3.0233949828184787,29.51278480774918,5.281610872974874
4.394300740317409,25.644532192153246,-20.282132273640485,-2.8946948031551423,29.526361118334957,5.05763574762781
3.8742860582100906,25.67460886996136,-20.299391328048433,-2.552711519217268,29.538151966582944,4.462564784886517
3.2696231665552613,25.70479321002519,-20.316705962015735,-2.1547742633386857,29.550044240055364,3.770571472514649
2.665298321266486,25.729830126513356,-20.331056292169894,-1.7567930271516257,29.559896285535906,3.0789102991749204
2.061161001590784,25.749747137388358,-20.34246656958591,-1.358720241178375,29.56774210758491,2.3874202158313578
1.459597286278223,25.764511275248008,-20.350921605591243,-0.9621779252671753,29.573561906293804,1.6988423354328543
0.8561123334644134,25.77424946824279,-20.35649947295081,-0.5642522656752058,29.57742277405262,1.008041777776098
0.2509016060315142,25.778917012467563,-20.35917246344935,-0.1651189775229823,29.57927146942929,0.31525140499698656
-0.3511898401410559,25.77849674332456,-20.358931629890762,0.23197742960760392,29.579099835247803,-0.37397244306618177
-0.9549224614245303,25.773003917472852,-20.355786948242542,0.6301277277188624,29.576924973828874,-1.0650690937279246
-1.5586711605076773,25.762429493245776,-20.349732204191067,1.0282114146961612,29.572744954588075,-1.7561683585314847
-2.163442669070283,25.74673776018717,-20.340748802456464,1.4268447575318521,29.56658087291323,-2.4484133767019074
-2.7671182413674975,25.725974628368434,-20.328852477345418,1.824579877083782,29.5583924879859,-3.139367891783979
-3.374065769182115,25.69995195977254,-20.313935387748632,2.224245687417098,29.54814471493824,-3.834021748812636
-3.9740328449940083,25.669141681578477,-20.296263179359013,2.6190448619213478,29.53603056899074,-4.520631767855389
-4.450937155494923,25.641032962472078,-20.28013275312267,2.9326429654166515,29.52501565894032,-5.066363015855712
-4.590436971096593,25.634746119501422,-20.269643606636187,3.0240927789916507,29.51358735321942,-5.225503544290739
-4.603043186755579,25.72731986323288,-20.0674190855487,3.0236032737973106,29.218537536366743,-5.2220386757198
-4.626539894391263,25.893513104984827,-19.690158446980337,3.0230848776599624,28.674607268095098,-5.215955807138467
-4.651195130290676,26.059264828102705,-19.293923009373668,3.0230706084236294,28.112110067230883,-5.210075853295317
-4.676043036182289,26.217673482007623,-18.89431612140724,3.0235795635408875,27.553570394107215,-5.204644649563457
-4.701446424070117,26.370976226620336,-18.485603203064457,3.0246175848520336,26.991008821796914,-5.199579128939878
-4.727110828854241,26.517294489625442,-18.072624144968298,3.0261730016467334,26.43115007019137,-5.194935980379373
-4.753244622259985,26.657769629533874,-17.652132577065906,3.0282558840582894,25.869601838688336,-5.19067260954444
-4.779702270108899,26.791551413909666,-17.22657937741306,3.0308537299440226,25.309668430963633,-5.186809301233265
-4.80657837628966,26.919084978444676,-16.794554799809955,3.0339732762929676,24.749492813559698,-5.183327133942165
-4.832436863429524,27.03412801017873,-16.37922875923105,3.0374112467128933,24.21852088199098,-5.180375894911415
-4.844667653732513,27.086004684615066,-16.182925265956623,3.039181022839264,23.970052669352246,-5.1791105800194295
-4.851721091931361,27.143184458530676,-16.18328436530626,3.0422508450311128,23.912944670199277,-5.18337978620667
-4.890117204586182,27.55393524986377,-16.59877010116188,3.0663536148314123,23.915664882138703,-5.22483314159538
-4.944378786642183,28.125393817078493,-17.172191768812272,3.1003020514505977,23.914760436176127,-5.28314029225452
-4.9814824359119445,28.510235997756677,-17.55532357236411,3.123440309867884,23.911075596991775,-5.322828009586684
-4.977598961277076,28.503143096893226,-17.648349941403858,3.123437321339582,24.011253970740007,-5.324631052021593
-4.941499639879737,28.279076919442712,-17.894627170752674,3.112347093417124,24.482830971037068,-5.31383263820804
-4.899044403185173,28.0053185559576,-18.184276162217998,3.0997259053007102,25.047675379199934,-5.301489963004653
-4.857291983966708,27.72485202055608,-18.468987594989635,3.087780108251935,25.614251851749707,-5.2897487255580256
-4.816472518650158,27.439415162232834,-18.747035732117045,3.0765717533661894,26.179089657560212,-5.278672652754261
-4.776396738348687,27.147916864239562,-19.019560748578623,3.0660436271318185,26.744426949013988,-5.2682080485273195
-4.7369407778925785,26.849532780917194,-19.28729238717311,3.056191787665996,27.31181947421082,-5.258313033544708
-4.698269710782657,26.545747620561244,-19.548897682967816,3.046998827437375,27.87845029257482,-5.2490530058947105
-4.660277717389753,26.235890431172123,-19.804995040537232,3.0384649996760067,28.44560980565032,-5.240389997692142
-4.623727672399705,25.926704687598196,-20.050344940484756,3.030744540252526,29.001291651907557,-5.23248479558636
-4.602282106302024,25.74006142474351,-20.193762904393356,3.0264478571103335,29.332019339341937,-5.228051595595002
-4.592141049592422,25.650424445683555,-20.261428979902984,3.024478005937646,29.48963596061033,-5.226009849579557
-4.598000342565712,25.72584568018092,-20.372528274880125,3.0293893963118967,29.524956316353787,-5.2348681642469925
-4.6374207474350735,26.18891923460061,-20.852331760471614,3.055768712069933,29.539579974624964,-5.280934601293593
-4.686969919865845,26.762372849879085,-21.441359609483992,3.0887685498636053,29.552488405119107,-5.33852183631015
-4.737999840464988,27.343258254580046,-22.032214903249955,3.1225737717549826,29.55969159945215,-5.397468110080825
-4.790128561959482,27.92681981751674,-22.619905455331505,3.156920396969544,29.56097222194482,-5.457310675513895
-4.843682619200314,28.516335690580167,-23.20760092608364,3.1920130923757197,29.55620246330374,-5.5184036233868765
-4.898293025548847,29.10738850337102,-23.79078288980221,3.2275999699718896,29.545300114864055,-5.580305826614384
-4.953676168708526,29.696746341279574,-24.36626797288043,3.263489939396166,29.52832840647633,-5.642683038230389
-5.009778743066802,30.283775434061788,-24.933502766394092,3.29964422565786,29.50536983955798,-5.7054663192987505
-5.067103470292498,30.873555838082382,-25.497395254690836,3.33638040229128,29.476222834959547,-5.769204785650746
-5.125512173517821,31.464397964382865,-26.05627910900551,3.373601832853088,29.44091709422746,-5.8337276868077055
-5.184738755372177,32.05345580690344,-26.607482835029014,3.4111333383664797,29.39964123021018,-5.8987286747233645
-5.2440717351671875,32.63374684203948,-27.144642762054684,3.4485238754901317,29.353054718282152,-5.963425204152977
-5.280155983423103,32.981986319328854,-27.464221091743475,3.471163562720276,29.322278719992745,-6.002568746109597
-5.285742734858282,33.014573384130365,-27.391267598820868,3.471234658414589,29.21659511984975,-6.001605980050929
-5.298842771847654,33.04244912352058,-26.957473509443233,3.4643047671270812,28.754982148562156,-5.984553269701441
-5.314470872368619,33.06884157666416,-26.439206425198726,3.456607450673353,28.210377927429278,-5.964790104115542
-5.329487016329089,33.087389686679714,-25.940530243958186,3.4497709751380503,27.69319455467172,-5.946368541615127
-5.336047142481402,33.09345434782718,-25.722475309289724,3.4469502716910974,27.469089220466994,-5.938488563505795
-5.34664321375975,33.10069324504551,-25.37003429111345,3.4426008634220873,27.109427855887567,-5.925969071159569
-5.3537705724193065,33.10381733411875,-25.13281579393275,3.439815582699759,26.869094711282134,-5.917689128811342
-5.363813620107435,33.10588495959247,-24.79836305594324,3.4360775173666305,26.532583626872015,-5.906209269560913
-5.379777843493062,33.1036854456817,-24.266305035575776,3.430571336790233,26.002730511934793,-5.888396887479736
-5.3959224323865955,33.09482430515672,-23.72802009919173,3.425564187078049,25.47329688083628,-5.870920071446962
-5.412032810580694,33.07955134336494,-23.190252285979835,3.421032258167103,24.950785672056675,-5.853961512206781
-5.428231512380964,33.0579443504142,-22.64921834890847,3.4169605021672673,24.431332076536002,-5.8373870586821015
-5.444032330862891,33.03103691166907,-22.121230440461357,3.4134382271216808,23.93021623069305,-5.82165896709141
-5.451812560490396,33.01573211724982,-21.86118241350353,3.4118615352802313,23.685452312869614,-5.81406774501038
-5.479938181795422,33.264740019299566,-22.087723373166117,3.4287965882599334,23.661379553844277,-5.842679479072457
-5.5434685610407195,33.82105653416265,-22.593845869894505,3.46704095752036,23.60752928629134,-5.9072880264245695
-5.612070148312507,34.41053267011162,-23.124635822591223,3.508182500405421,23.5448598158249,-5.9766674463837575
-5.682997280285693,35.00812461896297,-23.65697087456267,3.5505540608191963,23.475446320276628,-6.04798746134999
-5.754843553881437,35.60158289861445,-24.17989767351327,3.5933096157088293,23.400664836009767,-6.1198164395548265
-5.8071773107978455,36.02657406817739,-24.550882190079335,3.6243518951224676,23.34353744931389,-6.171880755494361
-5.751629557674239,36.07672884370587,-24.592797218268036,3.5896294512924607,23.338743871210895,-6.112146229767418
-5.303981510219919,35.92932479179465,-24.45342137237185,3.311645846882863,23.37316925031509,-5.6356934764748114
-4.654797885749814,35.71044410870627,-24.24773358469256,2.9079876240447216,23.4208529075231,-4.944274542330307
-3.994949146291345,35.481662023948665,-24.03422113434778,2.497115449939343,23.466593549928472,-4.240950719957552
-3.3346509911525137,35.246238356505835,-23.815928353555556,2.0854327940426316,23.5095807459823,-3.536611517690081
-2.6709100673729558,35.00291856932039,-23.591666420483847,1.6711270337159811,23.54994647025008,-2.828074630417088
-2.013759523823018,34.7552922515483,-23.364695653390488,1.2605228160695283,23.587067567302196,-2.12607109620011
-1.360820943136042,34.502490438728394,-23.134148031254227,0.8522021250097979,23.621111756337516,-1.428090019646952
-0.7160664438422155,34.24610103036837,-22.90139710758074,0.44871557175703614,23.651916450691456,-0.7384092018156003
-0.07630235817673736,33.98491617224203,-22.665270630195916,0.0481290996985891,23.67968478685517,-0.05364503295867672
0.5567111332929228,33.71969561310709,-22.426386261155958,-0.3483941819438453,23.704406449618443,0.62428537467349
1.191759197174241,33.446679895958475,-22.181295388933787,-0.7463010402137938,23.726374953493313,1.304769524103485
1.8169870260869525,33.17093913170679,-21.934486029492067,-1.1381070254666432,23.745206374049143,1.9750752131136597
2.4443393128175366,32.887172811305845,-21.681148343762235,-1.5312421140463233,23.761279869735183,2.647979171317295
3.0608672494818876,32.60122434508845,-21.426434551671427,-1.9175404149722917,23.774315506434053,3.3095612167110495
3.6792092069634705,32.30721475437794,-21.165031078725566,-2.3048659098138815,23.784535302261087,3.9733568033970768
4.29112044321752,32.0089750303425,-20.90028173732744,-2.6880039030938465,23.79182569356937,4.630485383276168
4.885594691731289,31.712124136621636,-20.63709374820434,-3.0600247739174655,23.796207504670715,5.269088142428494
5.258044052678857,31.52249289719309,-20.46909696937074,-3.292978625005659,23.79754965797962,5.669274883302904
5.275422397493105,31.44590940442184,-20.5257966999902,-3.307219350041144,23.929631763043105,5.696289525775746
5.233680922234637,31.210311663357977,-20.78507386498348,-3.293893751395612,24.426047403446344,5.682636765287756
5.186598299702268,30.933671580688348,-21.077910658998135,-3.2793336595242693,24.99724469579585,5.667646581889597
5.140444707247662,30.650787745749554,-21.365212401208197,-3.2655705878277344,25.56909842553112,5.65339795713165
5.095411014456415,30.36309715685861,-21.645614862206752,-3.2526545897368595,26.138801314951294,5.639945993187212
5.050975494966191,30.067427937818557,-21.92219757441969,-3.240434131867229,26.712624073089025,5.6271352810586155
5.007532543228412,29.766538079020062,-22.19234275749016,-3.2290172960238936,27.28517756127342,5.615081196818634
4.9649887915273725,29.460057607833402,-22.456477089680796,-3.218373053087495,27.857262444447773,5.6037539971302355
4.923308510835532,29.147980164931177,-22.71467544703142,-3.208487360351702,28.428961870622242,5.59314145459819
4.882553935190758,28.831030048522233,-22.966431268203415,-3.1993845617311645,28.999025976656593,5.583236884984739
4.8563282409883115,28.62070828659749,-23.12796259655193,-3.1938164797523614,29.371755674864577,5.577144961446228
4.844975416291552,28.528073074780703,-23.197759664676553,-3.1914814309796538,29.534565287676593,5.574575708105753
4.690115810150868,28.52565572151194,-23.212347277448657,-3.090371631321621,29.56000794022725,5.3986712652619735
4.189688040324759,28.55577771308453,-23.22859078244373,-2.761265837035014,29.571591516431983,4.825738686608166
3.5694807206303465,28.588361121460355,-23.246149666261395,-2.3530758886335255,29.58414580215504,4.115623807241256
2.9453980746006163,28.615859942891756,-23.260957777450272,-1.9420356597042514,29.594751524492192,3.40102470384557
2.3243873728769144,28.63797374191455,-23.272859598759883,-1.5327728308294095,29.603292645992035,2.689904561496559
1.7020234733576107,28.654894796997265,-23.28196283713329,-1.1224240897553082,29.60983578475842,1.977204351578649
1.0826778328607103,28.666534586305005,-23.288222914983542,-0.7139239781282444,29.61433979088441,1.2679382020463907
0.4613633252713354,28.673007137774313,-23.291703370196924,-0.30403523057002774,29.61684493127952,0.5564031290165473
-0.16411195339500145,28.67426186492434,-23.292378240913717,0.1086371157852099,29.61732966776195,-0.1599029816529564
-0.783932578233941,28.670298261036486,-23.29024733393106,0.5175650579364118,29.615792134165833,-0.8697310811994736
-1.4068361876762046,28.661090679014045,-23.285296265358582,0.9284612750156619,29.61222498349041,-1.5830794128108432
-2.0279153579759828,28.64669062237266,-23.2775509523072,1.3380365405977794,29.606650896463943,-2.2943197868909597
-2.646838968292548,28.627148550895818,-23.267039823674235,1.7460241183264429,29.599127127348922,-3.0030659076514707
-3.268701600639504,28.602280491953184,-23.253652559031757,2.155726901542313,29.589525890401077,-3.7151423024823
-3.892109715834592,28.572072089672027,-23.237380590892176,2.5661739487495265,29.577882943021674,-4.428945485528319
-4.467851060817794,28.53946415041512,-23.219803441095987,2.944948430199416,29.565334911088026,-5.0881249785724725
-4.774738383908709,28.520229839551867,-23.209429694455366,3.146718854577278,29.557947523449467,-5.439467585450481
-4.84495741914706,28.519621119653845,-23.155077704512678,3.1911115670232464,29.500428535470903,-5.5162824508111665
-4.854882697688586,28.54635854643358,-22.765780113873234,3.184627592135672,29.084487784448633,-5.5010642837842285
-4.868060207928915,28.575547911196377,-22.247868703295,3.176515977439088,28.53750244870775,-5.481354165243924
-4.881243936014489,28.59775041204049,-21.728585074609413,3.168945402125288,27.996121219152876,-5.462174866662989
-4.894679633173615,28.61339421095849,-21.198295555950533,3.161766890071683,27.450284436341963,-5.4431586013011515
-4.908205774742408,28.62224323069674,-20.66341193685349,3.1550641756942337,26.906638925893418,-5.4245288346960105
-4.921902400711637,28.62436906733971,-20.120816615785063,3.1487903065370735,26.361996219519018,-5.406165402951105
-4.935589607071636,28.619838700053556,-19.577694262828533,3.143015271456142,25.823473290434343,-5.388294531433878
-4.949285433383009,28.608855248849856,-19.03340089400484,3.1377111631422956,25.290223587139586,-5.370870051400467
-4.962947748387276,28.591671748419248,-18.489681534795047,3.132873938398326,24.76373937555871,-5.353922978319417
-4.97466482084054,28.572128041029178,-18.022823642844887,3.1290729595899203,24.316463099220535,-5.339719434701748
-4.979143912431856,28.56352323661702,-17.844485142695458,3.127736530957627,24.146721195544014,-5.334392320588308
-4.985320061221708,28.55062075990255,-17.59811967217428,3.125919598260981,23.913274791073675,-5.327081710055993
-5.008500466629981,28.787466245549414,-17.82980888339249,3.1402747485104685,23.906882690834994,-5.351630577890183
-5.062527741247974,29.334661530966713,-18.367871316940757,3.173796441557719,23.89484331065079,-5.4090089227797025
-5.120484390270848,29.91115723026896,-18.92941070340427,3.2096187456242826,23.876743159736854,-5.4702280404474255
-5.180342222571331,30.495537933809707,-19.493048161441763,3.2464703228553984,23.852724891872622,-5.533102204237247
-5.240660637453345,31.073463423187214,-20.04493664762132,3.2834592306989117,23.82335893661063,-5.5961053386232065
-5.282299452275987,31.4661948840191,-20.41684353401537,3.3089096002255522,23.800219562032474,-5.639393920777861
-5.286742077944753,31.507803648384286,-20.456097962436036,3.3116210436290316,23.797617444766317,-5.644002903801507
-5.286742077944753,31.507803648384286,-20.456097962436036,3.3116210436290316,23.797617444766317,-5.644002903801507
-5.286742077944753,31.507803648384286,-20.456097962436036,3.3116210436290316,23.797617444766317,-5.644002903801507
-5.286742077944753,31.507803648384286,-20.456097962436036,3.3116210436290316,23.797617444766317,-5.644002903801507
-5.286742077944753,31.507803648384286,-20.456097962436036,3.3116210436290316,23.797617444766317,-5.644002903801507
-5.286742077944753,31.507803648384286,-20.456097962436036,3.3116210436290316,23.797617444766317,-5.644002903801507
-5.286633282908084,31.507352817948977,-20.455384299071195,3.3115529441740237,23.796638242368896,-5.643886866966933
-5.189760583081757,31.105926771602267,-19.8199279488936,3.2509161884424724,22.924742034433386,-5.540565963838691
-5.093052766483988,30.705183976808044,-19.185553184083325,3.1903826401581408,22.054329846887413,-5.4374209191733165
-4.996144831395884,30.30361192078211,-18.549865700976774,3.129723829172989,21.18211650635226,-5.334062435394638
-4.808684425065238,29.526803904749013,-17.32018070382851,3.0123843631687643,19.49489174942108,-5.134123974738605
-4.6176818842403495,28.73531781070012,-16.06726034871474,2.892827724065403,17.77578624962773,-4.930407602084633
-4.426675307363009,27.943814991850726,-14.814313518286825,2.7732685586246206,16.05664442361622,-4.726686924723708
-4.2358162332898734,27.15292340266276,-13.562334262766687,2.653801721481948,14.338830186655864,-4.523123568496308
-4.0446499830905,26.360758921337915,-12.30834002242223,2.5341426096967115,12.61825123166747,-4.3192325893695855
-3.8538699918200785,25.570195039511106,-11.056879526772159,2.4147252738541924,10.901148774144701,-4.1157535799871985
-3.662772508338728,24.77831551722823,-9.803336375823651,2.295109206091583,9.181188749368673,-3.911935944944248
-3.472019476348248,23.987863350643988,-8.552052725101673,2.175708745212551,7.464328937028625,-3.708485689350663
-3.2809486847793874,23.196094435672773,-7.298684665229607,2.0561093850567347,5.744609151012583,-3.5046965229320994
-3.090095735667785,22.40522822741356,-6.046745587651325,1.9366463817887964,4.026850041355839,-3.301139699366206
-2.898993028732539,21.613327059915378,-4.793168172385282,1.8170270444435448,2.3068430032349636,-3.0973164931770514
-2.708139886397321,20.82246005096627,-3.541227827317051,1.697563920228702,0.58908215448209,-2.893759463525869
-2.516866638029978,20.029852185162497,-2.286531710536658,1.5778378337252374,-1.1324598303080569,-2.6897543640394628
-2.3262981361873627,19.240164684039442,-1.0364585231802115,1.4585528781384214,-2.84765879148507,-2.486500921599283
-2.134525200160375,18.445486186964125,0.2215153973260613,1.338514015810455,-4.573698181389118,-2.2819628734042197
-1.9441078763221455,17.656425144984915,1.4705969015450886,1.2193236889863381,-6.287536475123359,-2.078870671932592
-1.7525667498302369,16.862707232112776,2.7270502198449367,1.0994299261361402,-8.011489478925219,-1.874579863368107
-1.5614609808694677,16.07079337603668,3.980647721095644,0.979808672138477,-9.73152407660051,-1.6707533913337451
-1.3706453813686654,15.280081939004274,5.232341796238748,0.860369047585397,-11.448947023601699,-1.4672364035061594
-1.180221073510614,14.490991956286654,6.481469113568731,0.7411743491653123,-13.162848176535798,-1.2641367531326553
-0.9888707148383761,13.698064556859043,7.736671051215037,0.6213999960322332,-14.885084187429802,-1.0600494105957667
-0.7983371518142708,12.908521836998442,8.986515050222964,0.5021369101425281,-16.599968684124843,-0.8568332326303986
-0.6072573659088044,12.116715650835342,10.239942110291391,0.3825319200477021,-18.3197694230615,-0.653034473179094
-0.4161951842403412,11.32498241400959,11.493253691755285,0.2629379491958711,-20.039411716249113,-0.4492544897675744
-0.2568358685749514,10.664621134198441,12.53860381909846,0.1631881547246392,-21.47371449997406,-0.2792876317573666
-0.16021564524081056,10.264241312848412,13.17240399792419,0.1027094348010305,-22.343338310252403,-0.17623601088550858
-0.06357487751487814,9.8637763585973,13.806338941903032,0.04221785526610761,-23.213147028944874,-0.07316247811155706
0.004434127646211635,9.581957165917283,14.25245796487188,-0.00035188255365006875,-23.8252574977532,-0.0006265433570322551
0.004434127646211635,9.581957165917283,14.25245796487188,-0.00035188255365006875,-23.8252574977532,-0.0006265433570322551
0.004434127646211635,9.581957165917283,14.25245796487188,-0.00035188255365006875,-23.8252574977532,-0.0006265433570322551
0.004434127646211635,9.581957165917283,14.25245796487188,-0.00035188255365006875,-23.8252574977532,-0.0006265433570322551
0.004434127646211635,9.581957165917283,14.25245796487188,-0.00035188255365006875,-23.8252574977532,-0.0006265433570322551
0.004434127646211635,9.581957165917283,14.25245796487188,-0.00035188255365006875,-23.8252574977532,-0.0006265433570322551
0.004434127646211635,9.581957165917283,14.25245796487188,-0.00035188255365006875,-23.8252574977532,-0.0006265433570322551
0.004434127646211635,9.581957165917283,14.25245796487188,-0.00035188255365006875,-23.8252574977532,-0.0006265433570322551
0.004434127646211635,9.581957165917283,14.25245796487188,-0.00035188255365006875,-23.8252574977532,-0.0006265433570322551
0.004434127646211635,9.581957165917283,14.25245796487188,-0.00035188255365006875,-23.8252574977532,-0.0006265433570322551
0.004434127646211635,9.581957165917283,14.25245796487188,-0.00035188255365006875,-23.8252574977532,-0.0006265433570322551
0.004434127646211635,9.581957165917283,14.25245796487188,-0.00035188255365006875,-23.8252574977532,-0.0006265433570322551
0.004434127646211635,9.581957165917283,14.25245796487188,-0.00035188255365006875,-23.8252574977532,-0.0006265433570322551
0.004434127646211635,9.581957165917283,14.25245796487188,-0.00035188255365006875,-23.8252574977532,-0.0006265433570322551
