Joint0,Joint1,Joint2,Joint3,Joint4,Joint5 
-19.36955400444616,37.60654952929564,-35.855183029722674,-0.002939550097235527,-1.7512158265364748,-19.363056615024163
-19.36955400444616,37.60654952929564,-35.855183029722674,-0.002939550097235527,-1.7512158265364748,-19.363056615024163
-19.36955400444616,37.60654952929564,-35.855183029722674,-0.002939550097235527,-1.7512158265364748,-19.363056615024163
-19.36955400444616,37.60654952929564,-35.855183029722674,-0.002939550097235527,-1.7512158265364748,-19.363056615024163
-19.36955400444616,37.60654952929564,-35.855183029722674,-0.002939550097235527,-1.7512158265364748,-19.363056615024163
-19.36955400444616,37.60654952929564,-35.855183029722674,-0.002939550097235527,-1.7512158265364748,-19.363056615024163
-19.36955400444616,37.60654952929564,-35.855183029722674,-0.002939550097235527,-1.7512158265364748,-19.363056615024163
-19.36955400444616,37.60654952929564,-35.855183029722674,-0.002939550097235527,-1.7512158265364748,-19.363056615024163
-19.36955400444616,37.60654952929564,-35.855183029722674,-0.002939550097235527,-1.7512158265364748,-19.363056615024163
-19.36955400444616,37.60654952929564,-35.855183029722674,-0.002939550097235527,-1.7512158265364748,-19.363056615024163
-19.36955400444616,37.60654952929564,-35.855183029722674,-0.002939550097235527,-1.7512158265364748,-19.363056615024163
-19.369166209631782,37.605727635662554,-35.85468287304826,-0.0029395501593525034,-1.7508941093451975,-19.3626688037345
-18.692126658955942,36.17080773623048,-34.98147405861143,-0.0029396586075528205,-1.1892175356762114,-18.68560048935039
-18.01597440882204,34.737768384549454,-34.10940963618758,-0.00293976691362533,-0.628277072516143,-18.009419513204755
-17.339517993303215,33.30408438372924,-33.23695291778206,-0.0029398752684190533,-0.0670842717030411,-17.33293435875188
-16.663110130703515,31.870503286129026,-32.36455882029272,-0.0029399836154355694,0.49406824928116716,-16.656497759280878
-15.986381368722832,30.436242073302115,-31.49175084422311,-0.0029400920138537502,1.055486990554314,-15.979740246795632
-15.312482253837409,29.007978024040174,-30.62259239318177,-0.0029401999590190388,1.6145582375288308,-15.305812501621878
-14.634125414615662,27.57026625883611,-29.747684611574858,-0.002940308618222645,2.1773276426524366,-14.62742684272747
-13.959296535659517,26.140031664477466,-28.877327001369046,-0.0029404167123175486,2.737170228165512,-13.9525692939824
-13.282082345864772,24.704741634309773,-28.003892946888524,-0.002940525188491561,3.298991683624398,-13.275326333059922
-12.608572985752886,23.27730363262494,-27.135237180370385,-0.0029406330712259277,3.8577395874123166,-12.601788359218249
-11.933986722705805,21.847583239239484,-26.26519248297759,-0.0029407411264586133,4.417380897132291,-11.927173436689671
-11.256031006020672,20.4107216144878,-25.390802047416834,-0.0029408497214104086,4.979817528296441,-11.249188917373377
-10.579915393605942,18.97775991291195,-24.51878487833187,-0.0029409580216142876,5.540727596557787,-10.573044580503458
-9.904610825805179,17.546517142017098,-23.64781375050861,-0.0029410661919050353,6.100964816741924,-9.897711322704355
-9.230745023466858,16.118323695479457,-22.778698264179944,-0.0029411741317343196,6.6600084274028815,-9.223816891492968
-8.554544078485748,14.685181139775592,-21.906571037788808,-0.0029412824456067693,7.220989288136332,-8.547587218431353
-7.877396175861216,13.25003159885925,-21.03322247689762,-0.002941390911162903,7.782755751312115,-7.870410547495265
-7.20146046742118,11.817451186372075,-20.16143733818119,-0.0029414991825497615,8.34351657002372,-7.194446122243174
-6.525359608767931,10.384520753967891,-19.28943919769589,-0.0029416074803903835,8.904414398465118,-6.518316539761539
-5.95142659819422,8.95587365359907,-18.251659113975844,-0.0029400869257735097,9.295252244212456,-5.944363832715127
-5.599865334337261,7.518604469079681,-16.827892368133842,-0.0029348847907366047,9.308737038617403,-5.592802916975543
-5.250591849731032,6.090688290582569,-15.41339076141234,-0.0029297165085094955,9.32213408094039,-5.243529778221316
-4.899948706542439,4.657172609875954,-13.993342257056751,-0.0029245279591209195,9.335583659097917,-4.89288698224097
-4.549685485865616,3.2252101461326688,-12.574832377953328,-0.0029193450315354633,9.349018664611958,-4.542624108396192
-4.199348509032615,1.792946149025662,-11.156023798244167,-0.002914161012562748,9.362456499182283,-4.192287478468268
-3.84752110846637,0.35458893197694624,-9.731179241404522,-0.002908954939438112,9.375951501761955,-3.8404604262829256
-3.498468857291787,-1.0724227896684537,-8.317573594606456,-0.0029037899308543315,9.38934005826,-3.4914085207412815
-3.1473625649640016,-2.507831938325135,-6.895649410503008,-0.002898594528138578,9.402807401375057,-3.1403025760803547
-2.796592595242639,-3.9418661171886002,-5.475087279026306,-0.0028934041020678486,9.41626184420311,-2.7895329536928215
-2.447626293061796,-5.368526458142089,-4.06182971187098,-0.0028882403652916245,9.429647103965626,-2.440566997059809
-2.097487264143651,-6.799981195335069,-2.6438227894760833,-0.002883059275400947,9.44307734587086,-2.090428314850735
-1.746657864850243,-8.234258336951637,-1.223019977762117,-0.002877867969936807,9.45653406823208,-1.7395992629500039
-1.3962595314162716,-9.666773174981424,0.19603708634245232,-0.002872683043055979,9.469974256250394,-1.3892012764818662
-1.046250209063217,-11.097697639734859,1.6135187179471555,-0.0028675038724639734,9.483399523016036,-1.0391923007094463
-0.6956505536619262,-12.531035531637594,3.033391103737431,-0.0028623159665744557,9.496847433117575,-0.6885929924733393
-0.34399794863392846,-13.968678141400067,4.457527766675608,-0.002857112479940674,9.510335731085167,-0.33694073565316
0.0003871576099313112,-15.376609423081687,5.852232224880008,-0.002852016532202506,9.523545270449306,0.007444029579186937
0.0003871576099313112,-15.376609423081687,5.852232224880008,-0.002852016532202506,9.523545270449306,0.007444029579186937
0.0003871576099313112,-15.376609423081687,5.852232224880008,-0.002852016532202506,9.523545270449306,0.007444029579186937
0.0003871576099313112,-15.376609423081687,5.852232224880008,-0.002852016532202506,9.523545270449306,0.007444029579186937
0.0003871576099313112,-15.376609423081687,5.852232224880008,-0.002852016532202506,9.523545270449306,0.007444029579186937
0.0003871576099313112,-15.376609423081687,5.852232224880008,-0.002852016532202506,9.523545270449306,0.007444029579186937
0.0003871576099313112,-15.376609423081687,5.852232224880008,-0.002852016532202506,9.523545270449306,0.007444029579186937
0.0003871576099313112,-15.376609423081687,5.852232224880008,-0.002852016532202506,9.523545270449306,0.007444029579186937
0.0003871576099313112,-15.376609423081687,5.852232224880008,-0.002852016532202506,9.523545270449306,0.007444029579186937
0.0003871576099313112,-15.376609423081687,5.852232224880008,-0.002852016532202506,9.523545270449306,0.007444029579186937
0.0003871576099313112,-15.376609423081687,5.852232224880008,-0.002852016532202506,9.523545270449306,0.007444029579186937
0.0003871576099313112,-15.376609423081687,5.852232224880008,-0.002852016532202506,9.523545270449306,0.007444029579186937
