Joint0,Joint1,Joint2,Joint3,Joint4,Joint5 
0.263671875,9.4921875,14.589843750000002,-0.52734375,-24.082031250000004,23.818359374999996
0.0,8.876953125,14.326171875,-0.263671875,-23.994140625,23.642578125
0.0,8.876953125,14.326171875,-0.263671875,-23.906250000000004,23.642578125
-0.087890625,8.876953125,14.326171875,-0.263671875,-23.994140625,23.642578125
0.0,8.876953125,14.23828125,-0.263671875,-23.906250000000004,23.642578125
0.0,8.876953125,14.23828125,-0.263671875,-23.906250000000004,23.642578125
0.0,8.876953125,14.23828125,-0.263671875,-23.906250000000004,23.642578125
0.0,8.876953125,14.23828125,-0.263671875,-23.906250000000004,23.642578125
0.0,8.876953125,14.23828125,-0.263671875,-23.906250000000004,23.642578125
0.0,8.876953125,14.23828125,-0.263671875,-23.906250000000004,23.642578125
0.0,8.876953125,14.23828125,-0.263671875,-23.906250000000004,23.642578125
-0.087890625,8.876953125,14.23828125,-0.263671875,-23.906250000000004,23.642578125
-0.087890625,8.876953125,14.23828125,-0.263671875,-23.906250000000004,23.642578125
0.0,8.876953125,14.23828125,-0.263671875,-23.906250000000004,23.642578125
0.0,8.876953125,14.23828125,-0.263671875,-23.906250000000004,23.642578125
0.0,8.876953125,14.23828125,-0.263671875,-23.994140625,23.642578125
0.0,8.876953125,14.23828125,-0.263671875,-23.906250000000004,23.642578125
0.0,8.876953125,14.23828125,-0.263671875,-23.906250000000004,23.642578125
0.0,8.876953125,14.23828125,-0.17578125,-23.906250000000004,23.642578125
0.0,8.876953125,13.886718750000002,-0.17578125,-23.642578125,23.73046875
0.0,8.876953125,13.710937499999998,-0.17578125,-23.115234375,23.642578125
0.0,8.876953125,13.447265625,-0.17578125,-22.5,23.642578125
0.0,8.876953125,13.18359375,-0.17578125,-21.796875,23.642578125
0.0,8.876953125,12.919921875,-0.17578125,-21.26953125,23.642578125
0.087890625,8.876953125,12.83203125,-0.087890625,-20.7421875,23.642578125
0.087890625,8.876953125,12.568359375,-0.087890625,-20.126953125,23.642578125
0.17578125,8.876953125,12.3046875,-0.087890625,-19.51171875,23.642578125
0.17578125,8.876953125,12.216796874999998,-0.087890625,-18.984375,23.73046875
0.263671875,8.876953125,11.953125000000002,-0.087890625,-18.45703125,23.73046875
0.263671875,8.876953125,11.77734375,-0.087890625,-17.9296875,23.642578125
0.3515625,8.876953125,11.513671875,-0.087890625,-17.314453125,23.642578125
0.3515625,8.876953125,11.337890625,-0.087890625,-16.787109375,23.642578125
0.439453125,8.96484375,11.07421875,-0.087890625,-16.259765625,23.642578125
0.52734375,8.96484375,10.8984375,-0.087890625,-15.644531250000002,23.642578125
0.52734375,8.96484375,10.722656249999998,-0.087890625,-15.029296875,23.642578125
0.615234375,8.96484375,10.37109375,-0.087890625,-14.501953124999998,23.642578125
0.615234375,8.96484375,10.283203125,-0.087890625,-13.886718750000002,23.73046875
0.703125,9.052734375,10.01953125,-0.087890625,-13.359374999999998,23.642578125
0.7910156249999999,9.140625000000002,9.84375,-0.087890625,-12.744140625,23.73046875
0.7910156249999999,9.31640625,9.66796875,-0.087890625,-12.216796874999998,23.642578125
0.87890625,9.31640625,9.4921875,-0.17578125,-11.77734375,23.642578125
0.87890625,9.31640625,9.228515625,-0.17578125,-11.162109375000002,23.642578125
0.9667968749999999,9.31640625,9.052734375,-0.263671875,-10.546874999999998,23.642578125
0.9667968749999999,9.404296875,8.876953125,-0.17578125,-10.01953125,23.73046875
1.0546875,9.580078124999998,8.613281249999998,-0.17578125,-9.404296875,23.73046875
1.0546875,9.66796875,8.4375,-0.263671875,-8.96484375,23.73046875
1.1425781250000002,9.755859375,8.0859375,-0.17578125,-8.26171875,23.642578125
1.23046875,9.931640625,7.910156250000001,-0.263671875,-7.822265625000001,23.642578125
1.3183593749999998,10.01953125,7.822265625000001,-0.263671875,-7.294921875000001,23.642578125
1.3183593749999998,10.01953125,7.470703125,-0.263671875,-6.679687499999999,23.642578125
1.3183593749999998,10.01953125,7.294921875000001,-0.263671875,-6.15234375,23.73046875
1.40625,10.107421875000002,7.119140625,-0.263671875,-5.625,23.642578125
1.40625,10.107421875000002,7.03125,-0.263671875,-5.009765625,23.642578125
1.4941406250000002,10.107421875000002,6.767578125,-0.263671875,-4.482421875,23.642578125
1.5820312499999998,10.1953125,6.591796875,-0.3515625,-3.8671874999999996,23.73046875
1.5820312499999998,10.458984375,6.416015625,-0.3515625,-3.4277343749999996,23.73046875
1.6699218749999998,10.634765625,6.240234375,-0.3515625,-2.9003906250000004,23.642578125
1.6699218749999998,10.722656249999998,5.976562500000001,-0.3515625,-2.2851562500000004,23.73046875
1.7578125,10.810546875,5.800781250000001,-0.3515625,-1.7578125,23.642578125
1.8457031250000002,10.810546875,5.625,-0.3515625,-1.23046875,23.73046875
1.8457031250000002,10.8984375,5.44921875,-0.3515625,-0.703125,23.642578125
1.9335937499999998,10.986328124999998,5.185546875,-0.3515625,-0.087890625,23.642578125
1.9335937499999998,11.07421875,4.921875,-0.3515625,0.52734375,23.642578125
2.021484375,11.162109375000002,4.833984375,-0.3515625,0.9667968749999999,23.642578125
2.021484375,11.162109375000002,4.570312500000001,-0.3515625,1.4941406250000002,23.73046875
2.109375,11.162109375000002,4.482421875,-0.439453125,2.021484375,23.642578125
2.109375,11.25,4.21875,-0.439453125,2.724609375,23.73046875
2.109375,11.337890625,4.04296875,-0.439453125,3.1640624999999996,23.642578125
2.197265625,11.337890625,3.8671874999999996,-0.439453125,3.779296875,23.73046875
2.197265625,11.337890625,3.6914062500000004,-0.439453125,4.306640624999999,23.73046875
2.2851562500000004,11.425781249999998,3.515625,-0.52734375,4.833984375,23.642578125
2.373046875,11.425781249999998,3.3398437499999996,-0.703125,5.361328124999999,23.642578125
2.373046875,11.425781249999998,3.1640624999999996,-0.7910156249999999,5.888671875,23.642578125
2.4609375,11.513671875,2.9003906250000004,-0.87890625,6.50390625,23.642578125
2.4609375,11.689453125,2.724609375,-0.9667968749999999,7.119140625,23.73046875
2.548828125,11.77734375,2.548828125,-1.0546875,7.55859375,23.642578125
2.6367187499999996,11.77734375,2.4609375,-1.0546875,8.173828124999998,23.642578125
2.6367187499999996,11.77734375,2.197265625,-1.0546875,8.701171875,23.642578125
2.724609375,11.865234375,2.021484375,-1.1425781250000002,9.228515625,23.642578125
2.724609375,11.865234375,1.8457031250000002,-1.23046875,9.755859375,23.642578125
2.8125,11.953125000000002,1.7578125,-1.3183593749999998,10.37109375,23.73046875
2.8125,12.041015625000002,1.3183593749999998,-1.40625,10.8984375,23.73046875
2.9003906250000004,12.12890625,1.23046875,-1.4941406250000002,11.425781249999998,23.73046875
2.9882812500000004,12.12890625,1.0546875,-1.4941406250000002,12.041015625000002,23.642578125
2.9882812500000004,12.216796874999998,0.7910156249999999,-1.5820312499999998,12.568359375,23.642578125
3.076171875,12.216796874999998,0.7910156249999999,-1.5820312499999998,13.095703125000002,23.642578125
3.076171875,12.3046875,0.439453125,-1.5820312499999998,13.710937499999998,23.73046875
3.1640624999999996,12.3046875,0.263671875,-1.5820312499999998,14.23828125,23.642578125
3.1640624999999996,12.392578125,0.17578125,-1.6699218749999998,14.765625000000002,23.642578125
3.251953125,12.392578125,0.0,-1.6699218749999998,15.292968749999998,23.73046875
3.251953125,12.48046875,-0.263671875,-1.6699218749999998,15.99609375,23.73046875
3.251953125,12.48046875,-0.439453125,-1.7578125,16.435546875,23.73046875
3.3398437499999996,12.48046875,-0.52734375,-1.8457031250000002,16.962890625,23.642578125
3.3398437499999996,12.48046875,-0.703125,-1.9335937499999998,17.578125,23.642578125
3.4277343749999996,12.48046875,-0.87890625,-2.021484375,18.10546875,23.73046875
3.515625,12.568359375,-1.0546875,-2.109375,18.720703125,23.73046875
3.515625,12.568359375,-1.23046875,-2.109375,19.248046875,23.73046875
3.515625,12.568359375,-1.40625,-2.109375,19.86328125,23.642578125
3.6035156249999996,12.568359375,-1.5820312499999998,-2.197265625,20.302734375,23.642578125
3.6914062500000004,12.656249999999998,-1.7578125,-2.197265625,20.91796875,23.642578125
3.779296875,12.656249999999998,-1.9335937499999998,-2.2851562500000004,21.533203125,23.642578125
3.779296875,12.744140625,-2.197265625,-2.373046875,21.972656249999996,23.642578125
3.779296875,12.83203125,-2.197265625,-2.373046875,22.412109375,23.73046875
3.8671874999999996,12.83203125,-2.197265625,-2.4609375,22.587890625000004,23.642578125
3.8671874999999996,12.83203125,-2.2851562500000004,-2.548828125,22.763671875,23.642578125
3.8671874999999996,12.83203125,-2.548828125,-2.548828125,23.115234375,23.642578125
3.8671874999999996,12.83203125,-2.9003906250000004,-2.548828125,23.642578125,23.642578125
3.8671874999999996,12.83203125,-3.1640624999999996,-2.6367187499999996,24.169921875,23.642578125
3.9550781250000004,12.83203125,-3.3398437499999996,-2.6367187499999996,24.609375,23.642578125
3.9550781250000004,12.83203125,-3.515625,-2.6367187499999996,24.9609375,23.642578125
3.8671874999999996,12.83203125,-3.515625,-2.724609375,25.048828125000004,23.642578125
3.8671874999999996,12.83203125,-3.779296875,-2.724609375,25.400390625,23.642578125
3.8671874999999996,12.656249999999998,-3.9550781250000004,-2.724609375,25.927734375000004,23.642578125
3.8671874999999996,12.3046875,-4.21875,-2.724609375,26.54296875,23.642578125
3.779296875,12.041015625000002,-4.482421875,-2.724609375,27.0703125,23.642578125
3.6914062500000004,11.953125000000002,-4.482421875,-2.9003906250000004,27.421874999999996,23.73046875
3.779296875,11.865234375,-4.570312500000001,-2.9003906250000004,27.421874999999996,23.73046875
3.779296875,11.953125000000002,-4.833984375,-2.9003906250000004,27.59765625,23.73046875
3.779296875,12.041015625000002,-5.361328124999999,-2.9882812500000004,27.861328125,23.642578125
3.6914062500000004,12.3046875,-5.976562500000001,-2.9882812500000004,28.037109375,23.73046875
3.779296875,12.83203125,-6.591796875,-2.9882812500000004,28.300781249999996,23.642578125
3.779296875,13.359374999999998,-7.207031249999999,-2.9882812500000004,28.4765625,23.642578125
3.8671874999999996,13.886718750000002,-7.822265625000001,-2.9882812500000004,28.564453124999996,23.642578125
3.8671874999999996,14.326171875,-8.525390625,-2.9882812500000004,28.65234375,23.642578125
3.8671874999999996,14.94140625,-9.140625000000002,-2.9003906250000004,28.564453124999996,23.642578125
3.9550781250000004,15.380859375,-9.755859375,-2.9003906250000004,28.65234375,23.642578125
3.9550781250000004,15.908203125,-10.37109375,-2.724609375,28.828124999999996,23.642578125
3.9550781250000004,16.435546875,-10.986328124999998,-2.724609375,28.828124999999996,23.642578125
3.9550781250000004,17.05078125,-11.601562500000002,-2.724609375,28.828124999999996,23.642578125
4.04296875,17.490234375000004,-12.216796874999998,-2.724609375,29.003906249999996,23.73046875
4.130859375,18.017578125,-12.656249999999998,-2.724609375,29.091796875,23.642578125
4.130859375,18.193359375,-12.656249999999998,-2.724609375,29.091796875,23.642578125
3.9550781250000004,18.193359375,-12.744140625,-2.6367187499999996,29.091796875,23.73046875
3.3398437499999996,18.281250000000004,-12.744140625,-2.373046875,29.091796875,23.642578125
2.8125,18.281250000000004,-12.83203125,-1.7578125,29.179687500000004,23.73046875
2.2851562500000004,18.281250000000004,-12.83203125,-1.40625,29.091796875,23.73046875
1.7578125,18.281250000000004,-12.83203125,-1.1425781250000002,29.091796875,23.73046875
1.0546875,18.281250000000004,-12.83203125,-0.7910156249999999,29.091796875,23.73046875
0.52734375,18.369140625,-12.83203125,-0.439453125,29.091796875,23.73046875
-0.087890625,18.369140625,-12.83203125,0.0,29.091796875,23.73046875
-0.615234375,18.369140625,-12.83203125,0.52734375,29.091796875,23.73046875
-1.3183593749999998,18.369140625,-12.83203125,0.7910156249999999,29.091796875,23.73046875
-1.8457031250000002,18.369140625,-12.83203125,0.9667968749999999,29.091796875,23.73046875
-2.4609375,18.369140625,-12.83203125,1.4941406250000002,29.003906249999996,23.73046875
-2.9882812500000004,18.369140625,-12.83203125,1.9335937499999998,29.003906249999996,23.73046875
-3.515625,18.369140625,-12.83203125,2.197265625,29.003906249999996,23.73046875
-3.9550781250000004,18.369140625,-12.83203125,2.548828125,28.916015625000004,23.73046875
-4.04296875,18.369140625,-12.83203125,2.6367187499999996,28.828124999999996,23.73046875
-4.04296875,18.369140625,-12.744140625,2.6367187499999996,28.828124999999996,23.73046875
-4.04296875,18.369140625,-12.48046875,2.6367187499999996,28.125,23.642578125
-4.21875,18.281250000000004,-12.041015625000002,2.6367187499999996,27.333984375,23.642578125
-4.306640624999999,18.281250000000004,-11.513671875,2.6367187499999996,26.982421875,23.642578125
-4.306640624999999,18.281250000000004,-10.8984375,2.6367187499999996,26.103515625,23.642578125
-4.306640624999999,18.281250000000004,-10.458984375,2.6367187499999996,25.927734375000004,23.642578125
-4.306640624999999,18.281250000000004,-9.755859375,2.6367187499999996,24.9609375,23.642578125
-4.21875,18.281250000000004,-9.140625000000002,2.6367187499999996,24.78515625,23.642578125
-4.21875,18.281250000000004,-8.4375,2.6367187499999996,23.994140625,23.642578125
-4.306640624999999,18.281250000000004,-8.0859375,2.6367187499999996,23.642578125,23.73046875
-4.306640624999999,18.281250000000004,-7.734374999999999,2.6367187499999996,23.37890625,23.642578125
-4.306640624999999,18.281250000000004,-7.646484374999999,2.6367187499999996,23.115234375,23.73046875
-4.306640624999999,18.281250000000004,-7.646484374999999,2.6367187499999996,23.115234375,23.642578125
-4.39453125,18.369140625,-8.173828124999998,2.6367187499999996,23.115234375,23.642578125
-4.39453125,18.6328125,-8.701171875,2.6367187499999996,23.115234375,23.642578125
-4.482421875,19.248046875,-9.140625000000002,2.6367187499999996,23.291015625,23.642578125
-4.482421875,19.951171875,-9.580078124999998,2.6367187499999996,23.37890625,23.642578125
-4.482421875,20.302734375,-9.755859375,2.6367187499999996,23.37890625,23.642578125
-4.482421875,20.390625,-9.84375,2.548828125,23.37890625,23.642578125
-3.779296875,20.390625,-9.84375,2.373046875,23.37890625,23.642578125
-3.251953125,20.214843750000004,-9.580078124999998,2.197265625,23.37890625,23.642578125
-2.8125,19.951171875,-9.31640625,2.109375,23.37890625,23.642578125
-2.2851562500000004,19.423828125,-8.7890625,2.021484375,23.37890625,23.642578125
-1.7578125,19.072265625,-8.26171875,1.8457031250000002,23.37890625,23.642578125
-1.23046875,18.80859375,-7.822265625000001,1.40625,23.37890625,23.642578125
-0.703125,18.281250000000004,-7.470703125,0.9667968749999999,23.37890625,23.642578125
-0.263671875,17.841796875,-6.855468749999999,0.439453125,23.37890625,23.642578125
0.263671875,17.578125,-6.328124999999999,0.17578125,23.37890625,23.642578125
0.52734375,17.314453125,-5.976562500000001,-0.17578125,23.37890625,23.642578125
0.87890625,17.05078125,-5.625,-0.3515625,23.291015625,23.642578125
1.40625,16.435546875,-5.09765625,-0.703125,23.203125000000004,23.642578125
1.9335937499999998,15.99609375,-4.658203125,-0.9667968749999999,23.115234375,23.73046875
2.373046875,15.644531250000002,-3.9550781250000004,-1.4941406250000002,23.02734375,23.642578125
2.8125,15.1171875,-3.515625,-1.7578125,22.412109375,23.642578125
3.3398437499999996,14.677734375,-2.9882812500000004,-2.021484375,22.587890625000004,23.73046875
3.6035156249999996,14.414062499999998,-2.548828125,-2.2851562500000004,22.587890625000004,23.642578125
3.8671874999999996,14.326171875,-2.4609375,-2.4609375,22.587890625000004,23.642578125
3.8671874999999996,14.150390624999998,-2.4609375,-2.548828125,22.67578125,23.642578125
3.8671874999999996,13.798828125,-2.373046875,-2.6367187499999996,22.939453124999996,23.642578125
3.8671874999999996,13.623046875,-2.373046875,-2.6367187499999996,23.642578125,23.642578125
3.8671874999999996,13.359374999999998,-2.4609375,-2.6367187499999996,24.169921875,23.642578125
3.8671874999999996,13.271484375,-2.8125,-2.6367187499999996,24.521484375,23.642578125
3.779296875,13.18359375,-2.8125,-2.6367187499999996,24.78515625,23.642578125
3.779296875,13.0078125,-3.076171875,-2.724609375,25.048828125000004,23.642578125
3.779296875,12.656249999999998,-3.3398437499999996,-2.724609375,25.576171874999996,23.642578125
3.779296875,12.392578125,-3.6035156249999996,-2.724609375,26.103515625,23.642578125
3.6914062500000004,12.216796874999998,-4.04296875,-2.9003906250000004,26.718749999999996,23.73046875
3.6914062500000004,11.865234375,-4.21875,-2.9003906250000004,27.158203125,23.642578125
3.6035156249999996,11.865234375,-4.21875,-2.9003906250000004,27.421874999999996,23.642578125
3.6035156249999996,11.865234375,-4.21875,-2.9003906250000004,27.421874999999996,23.73046875
3.3398437499999996,11.865234375,-4.21875,-2.9003906250000004,27.421874999999996,23.73046875
2.8125,11.865234375,-4.306640624999999,-2.4609375,27.421874999999996,23.73046875
2.373046875,11.865234375,-4.39453125,-2.021484375,27.59765625,23.73046875
1.8457031250000002,11.865234375,-4.482421875,-1.5820312499999998,27.685546875000004,23.73046875
1.1425781250000002,11.865234375,-4.482421875,-1.1425781250000002,27.685546875000004,23.73046875
0.52734375,11.865234375,-4.482421875,-0.7910156249999999,27.685546875000004,23.73046875
0.087890625,11.865234375,-4.482421875,-0.3515625,27.685546875000004,23.73046875
-0.439453125,11.865234375,-4.482421875,0.087890625,27.685546875000004,23.73046875
-0.9667968749999999,11.865234375,-4.482421875,0.439453125,27.685546875000004,23.73046875
-1.5820312499999998,11.865234375,-4.482421875,0.703125,27.685546875000004,23.73046875
-2.197265625,11.865234375,-4.482421875,1.1425781250000002,27.685546875000004,23.73046875
-2.8125,11.865234375,-4.482421875,1.4941406250000002,27.685546875000004,23.73046875
-3.251953125,11.865234375,-4.482421875,1.8457031250000002,27.685546875000004,23.73046875
-3.6035156249999996,11.865234375,-4.482421875,2.109375,27.685546875000004,23.642578125
-3.6035156249999996,11.865234375,-4.482421875,2.2851562500000004,27.685546875000004,23.73046875
-3.6035156249999996,11.865234375,-4.482421875,2.2851562500000004,27.59765625,23.642578125
-3.6035156249999996,11.865234375,-4.306640624999999,2.2851562500000004,26.806640625000004,23.642578125
-3.6914062500000004,11.865234375,-4.21875,2.373046875,26.3671875,23.642578125
-3.6914062500000004,11.865234375,-3.779296875,2.373046875,25.48828125,23.642578125
-3.779296875,11.865234375,-3.4277343749999996,2.373046875,25.13671875,23.642578125
-3.779296875,11.865234375,-2.8125,2.373046875,24.433593749999996,23.642578125
-3.779296875,11.865234375,-2.548828125,2.373046875,23.818359374999996,23.642578125
-3.779296875,11.865234375,-2.021484375,2.373046875,22.939453124999996,23.642578125
-3.8671874999999996,11.865234375,-1.40625,2.373046875,22.851562499999996,23.642578125
-3.8671874999999996,11.865234375,-1.23046875,2.373046875,22.236328125,23.642578125
-3.8671874999999996,11.865234375,-1.23046875,2.373046875,22.236328125,23.642578125
-3.8671874999999996,11.865234375,-1.23046875,2.2851562500000004,22.236328125,23.642578125
-3.8671874999999996,11.953125000000002,-1.23046875,2.373046875,22.324218750000004,23.642578125
-3.8671874999999996,12.3046875,-1.4941406250000002,2.373046875,22.324218750000004,23.642578125
-3.9550781250000004,12.568359375,-1.5820312499999998,2.373046875,22.324218750000004,23.642578125
-3.9550781250000004,12.919921875,-1.7578125,2.373046875,22.412109375,23.642578125
-3.9550781250000004,13.0078125,-2.197265625,2.373046875,22.763671875,23.642578125
-3.9550781250000004,13.0078125,-2.4609375,2.373046875,23.37890625,23.642578125
-3.9550781250000004,13.0078125,-2.8125,2.373046875,23.994140625,23.642578125
-4.04296875,13.0078125,-2.9882812500000004,2.373046875,24.433593749999996,23.73046875
-3.9550781250000004,12.919921875,-3.076171875,2.373046875,24.609375,23.642578125
-3.8671874999999996,12.919921875,-3.251953125,2.373046875,24.78515625,23.73046875
-3.8671874999999996,12.919921875,-3.6035156249999996,2.373046875,25.224609375,23.642578125
-3.8671874999999996,12.568359375,-3.779296875,2.373046875,25.83984375,23.642578125
-3.8671874999999996,12.216796874999998,-4.21875,2.373046875,26.279296875,23.642578125
-3.779296875,12.041015625000002,-4.21875,2.373046875,26.982421875,23.642578125
-3.779296875,11.865234375,-4.306640624999999,2.373046875,27.24609375,23.642578125
-3.779296875,11.865234375,-4.39453125,2.373046875,27.421874999999996,23.73046875
-3.779296875,11.865234375,-4.74609375,2.2851562500000004,27.421874999999996,23.642578125
-3.779296875,11.953125000000002,-5.361328124999999,2.373046875,27.685546875000004,23.642578125
-3.779296875,12.3046875,-5.976562500000001,2.373046875,28.037109375,23.642578125
-3.8671874999999996,12.744140625,-6.591796875,2.373046875,28.300781249999996,23.642578125
-3.779296875,13.271484375,-7.207031249999999,2.373046875,28.300781249999996,23.642578125
-3.8671874999999996,13.886718750000002,-7.822265625000001,2.373046875,28.300781249999996,23.73046875
-3.8671874999999996,14.23828125,-8.525390625,2.373046875,28.4765625,23.642578125
-3.8671874999999996,14.853515625,-9.140625000000002,2.4609375,28.564453124999996,23.642578125
-3.9550781250000004,15.380859375,-9.755859375,2.4609375,28.65234375,23.642578125
-4.04296875,15.908203125,-10.37109375,2.548828125,28.65234375,23.642578125
-4.04296875,16.435546875,-10.986328124999998,2.548828125,28.828124999999996,23.642578125
-3.9550781250000004,16.962890625,-11.601562500000002,2.548828125,28.828124999999996,23.642578125
-4.04296875,17.490234375000004,-12.12890625,2.548828125,29.003906249999996,23.73046875
-4.130859375,17.841796875,-12.568359375,2.6367187499999996,29.091796875,23.642578125
-4.130859375,18.10546875,-12.656249999999998,2.6367187499999996,29.091796875,23.642578125
-4.130859375,18.10546875,-12.656249999999998,2.6367187499999996,29.003906249999996,23.642578125
-4.21875,18.193359375,-12.48046875,2.6367187499999996,28.65234375,23.642578125
-4.21875,18.10546875,-12.3046875,2.6367187499999996,28.125,23.642578125
-4.130859375,18.10546875,-12.041015625000002,2.6367187499999996,27.773437500000004,23.642578125
-4.130859375,18.10546875,-11.953125000000002,2.6367187499999996,27.333984375,23.642578125
-4.130859375,18.10546875,-11.601562500000002,2.6367187499999996,27.0703125,23.642578125
-4.130859375,18.10546875,-11.337890625,2.6367187499999996,26.806640625000004,23.642578125
-4.130859375,18.10546875,-11.25,2.6367187499999996,26.718749999999996,23.642578125
-4.130859375,18.10546875,-10.986328124999998,2.6367187499999996,26.630859375,23.73046875
-4.130859375,18.10546875,-10.546874999999998,2.548828125,26.279296875,23.642578125
-4.130859375,18.10546875,-10.01953125,2.548828125,25.400390625,23.642578125
-4.130859375,18.10546875,-9.4921875,2.548828125,25.224609375,23.642578125
-4.130859375,18.10546875,-8.876953125,2.548828125,24.2578125,23.642578125
-4.130859375,18.10546875,-8.349609375,2.548828125,24.169921875,23.642578125
-4.21875,18.10546875,-7.734374999999999,2.548828125,23.37890625,23.642578125
-4.306640624999999,18.10546875,-7.55859375,2.548828125,23.203125000000004,23.642578125
-4.306640624999999,18.10546875,-7.55859375,2.548828125,23.203125000000004,23.642578125
-4.21875,18.193359375,-7.55859375,2.548828125,23.203125000000004,23.642578125
-4.21875,18.281250000000004,-8.0859375,2.548828125,23.203125000000004,23.642578125
-4.306640624999999,18.720703125,-8.613281249999998,2.548828125,23.291015625,23.642578125
-4.482421875,19.3359375,-9.228515625,2.548828125,23.291015625,23.642578125
-4.39453125,20.0390625,-9.4921875,2.548828125,23.37890625,23.642578125
-4.39453125,20.390625,-9.755859375,2.548828125,23.37890625,23.642578125
-4.21875,20.390625,-9.755859375,2.4609375,23.37890625,23.642578125
-3.6035156249999996,20.390625,-9.755859375,2.373046875,23.37890625,23.642578125
-2.9882812500000004,20.390625,-9.755859375,2.197265625,23.37890625,23.642578125
-2.548828125,20.302734375,-9.66796875,2.109375,23.37890625,23.642578125
-1.8457031250000002,20.126953125,-9.404296875,1.9335937499999998,23.37890625,23.642578125
-1.40625,19.775390625,-9.140625000000002,1.6699218749999998,23.37890625,23.642578125
-0.7910156249999999,19.599609375,-8.701171875,1.1425781250000002,23.37890625,23.642578125
-0.17578125,19.248046875,-8.349609375,0.615234375,23.37890625,23.642578125
0.3515625,18.984375,-8.173828124999998,0.17578125,23.37890625,23.642578125
0.9667968749999999,18.720703125,-7.734374999999999,-0.263671875,23.37890625,23.642578125
1.4941406250000002,18.369140625,-7.470703125,-0.615234375,23.37890625,23.642578125
2.021484375,18.10546875,-7.119140625,-0.9667968749999999,23.37890625,23.642578125
2.548828125,17.75390625,-6.679687499999999,-1.40625,23.37890625,23.642578125
3.076171875,17.490234375000004,-6.328124999999999,-1.8457031250000002,23.37890625,23.642578125
3.6035156249999996,17.226562499999996,-5.888671875,-2.197265625,23.37890625,23.642578125
3.9550781250000004,17.05078125,-5.625,-2.548828125,23.37890625,23.73046875
4.04296875,16.962890625,-5.625,-2.6367187499999996,23.37890625,23.642578125
4.04296875,16.69921875,-5.625,-2.6367187499999996,23.466796875,23.642578125
4.04296875,16.435546875,-5.625,-2.6367187499999996,23.994140625,23.642578125
4.04296875,16.171875,-5.800781250000001,-2.724609375,24.609375,23.642578125
3.9550781250000004,15.908203125,-6.15234375,-2.724609375,25.224609375,23.73046875
3.9550781250000004,15.644531250000002,-6.416015625,-2.724609375,25.751953125,23.73046875
3.9550781250000004,15.380859375,-6.591796875,-2.9003906250000004,26.279296875,23.642578125
3.9550781250000004,15.029296875,-6.943359375000001,-2.9003906250000004,26.982421875,23.642578125
3.8671874999999996,14.677734375,-7.207031249999999,-2.9003906250000004,27.509765625,23.73046875
3.8671874999999996,14.589843750000002,-7.382812500000001,-2.9003906250000004,27.94921875,23.642578125
3.8671874999999996,14.501953124999998,-7.55859375,-2.9003906250000004,28.125,23.642578125
3.779296875,14.501953124999998,-7.646484374999999,-2.9003906250000004,28.125,23.642578125
3.4277343749999996,14.501953124999998,-7.646484374999999,-2.9003906250000004,28.125,23.642578125
2.8125,14.501953124999998,-7.646484374999999,-2.9003906250000004,28.125,23.642578125
2.2851562500000004,14.501953124999998,-7.646484374999999,-2.4609375,28.212890625,23.642578125
1.6699218749999998,14.501953124999998,-7.646484374999999,-2.197265625,28.212890625,23.642578125
1.1425781250000002,14.501953124999998,-7.734374999999999,-1.8457031250000002,28.300781249999996,23.642578125
0.52734375,14.501953124999998,-7.822265625000001,-1.23046875,28.300781249999996,23.642578125
-0.087890625,14.501953124999998,-7.822265625000001,-0.615234375,28.300781249999996,23.73046875
-0.52734375,14.501953124999998,-7.910156250000001,-0.087890625,28.300781249999996,23.73046875
-1.1425781250000002,14.501953124999998,-7.910156250000001,0.3515625,28.300781249999996,23.73046875
-1.7578125,14.501953124999998,-7.910156250000001,0.703125,28.300781249999996,23.73046875
-2.2851562500000004,14.501953124999998,-7.910156250000001,1.1425781250000002,28.300781249999996,23.73046875
-2.8125,14.501953124999998,-7.822265625000001,1.4941406250000002,28.300781249999996,23.73046875
-3.3398437499999996,14.501953124999998,-7.910156250000001,1.8457031250000002,28.300781249999996,23.642578125
-3.6914062500000004,14.501953124999998,-7.910156250000001,2.109375,28.300781249999996,23.73046875
-3.779296875,14.501953124999998,-7.910156250000001,2.2851562500000004,28.300781249999996,23.642578125
-3.779296875,14.501953124999998,-7.822265625000001,2.4609375,28.212890625,23.642578125
-3.779296875,14.501953124999998,-7.55859375,2.4609375,27.509765625,23.73046875
-3.8671874999999996,14.501953124999998,-7.119140625,2.548828125,26.630859375,23.642578125
-3.8671874999999996,14.501953124999998,-6.591796875,2.548828125,26.279296875,23.642578125
-3.9550781250000004,14.501953124999998,-5.888671875,2.548828125,25.400390625,23.642578125
-3.9550781250000004,14.501953124999998,-5.361328124999999,2.548828125,25.312499999999996,23.642578125
-3.9550781250000004,14.414062499999998,-4.658203125,2.6367187499999996,24.2578125,23.642578125
-3.9550781250000004,14.414062499999998,-4.21875,2.6367187499999996,24.082031250000004,23.642578125
-3.9550781250000004,14.414062499999998,-3.6035156249999996,2.6367187499999996,23.203125000000004,23.642578125
-3.9550781250000004,14.326171875,-2.9882812500000004,2.6367187499999996,23.115234375,23.642578125
-4.04296875,14.326171875,-2.6367187499999996,2.6367187499999996,22.67578125,23.73046875
-4.04296875,14.326171875,-2.548828125,2.6367187499999996,22.587890625000004,23.642578125
-4.04296875,14.326171875,-2.548828125,2.6367187499999996,22.587890625000004,23.73046875
-4.04296875,14.326171875,-3.1640624999999996,2.6367187499999996,22.67578125,23.642578125
-4.04296875,14.414062499999998,-3.9550781250000004,2.6367187499999996,22.67578125,23.642578125
-4.130859375,14.765625000000002,-4.39453125,2.6367187499999996,22.763671875,23.642578125
-4.21875,15.292968749999998,-4.833984375,2.6367187499999996,22.763671875,23.642578125
-4.21875,15.820312500000002,-5.009765625,2.6367187499999996,22.851562499999996,23.642578125
-4.21875,15.908203125,-5.09765625,2.6367187499999996,22.851562499999996,23.642578125
-4.21875,15.908203125,-5.185546875,2.6367187499999996,22.851562499999996,23.642578125
-4.130859375,15.99609375,-5.185546875,2.6367187499999996,22.939453124999996,23.642578125
-4.21875,15.908203125,-5.273437499999999,2.6367187499999996,22.939453124999996,23.642578125
-4.21875,15.908203125,-5.273437499999999,2.548828125,22.939453124999996,23.642578125
-4.130859375,15.908203125,-5.273437499999999,2.548828125,22.939453124999996,23.642578125
-4.21875,15.99609375,-5.273437499999999,2.548828125,22.939453124999996,23.642578125
-4.130859375,15.908203125,-5.273437499999999,2.548828125,22.851562499999996,23.642578125
-4.04296875,15.99609375,-5.185546875,2.548828125,21.796875,23.642578125
-4.04296875,15.908203125,-4.921875,2.373046875,20.91796875,23.642578125
-3.9550781250000004,15.99609375,-4.306640624999999,2.2851562500000004,19.423828125,23.642578125
-3.779296875,15.99609375,-3.6914062500000004,2.2851562500000004,17.841796875,23.642578125
-3.6035156249999996,15.908203125,-2.9003906250000004,2.197265625,16.171875,23.642578125
-3.4277343749999996,15.556640625000002,-2.197265625,2.109375,14.326171875,23.642578125
-3.3398437499999996,15.292968749999998,-1.40625,2.109375,12.392578125,23.642578125
-3.251953125,14.94140625,-0.703125,2.021484375,10.986328124999998,23.642578125
-2.9003906250000004,14.677734375,0.0,1.9335937499999998,9.140625000000002,23.642578125
-2.8125,14.414062499999998,0.7910156249999999,1.9335937499999998,7.470703125,23.642578125
-2.724609375,14.150390624999998,1.6699218749999998,1.8457031250000002,5.712890624999999,23.642578125
-2.548828125,13.886718750000002,2.4609375,1.7578125,3.8671874999999996,23.642578125
-2.4609375,13.623046875,3.076171875,1.6699218749999998,2.197265625,23.642578125
-2.2851562500000004,13.271484375,3.779296875,1.6699218749999998,0.3515625,23.642578125
-2.109375,13.0078125,4.658203125,1.5820312499999998,-1.3183593749999998,23.642578125
-1.9335937499999998,12.744140625,5.44921875,1.4941406250000002,-2.9882812500000004,23.642578125
-1.7578125,12.48046875,6.064453125,1.40625,-4.74609375,23.642578125
-1.6699218749999998,12.216796874999998,6.767578125,1.23046875,-6.416015625,23.642578125
-1.4941406250000002,11.865234375,7.55859375,1.0546875,-8.26171875,23.642578125
-1.3183593749999998,11.513671875,8.349609375,0.9667968749999999,-9.931640625,23.642578125
-1.23046875,11.337890625,8.876953125,0.87890625,-11.601562500000002,23.642578125
-1.0546875,10.986328124999998,9.755859375,0.703125,-13.359374999999998,23.642578125
-0.87890625,10.810546875,10.546874999999998,0.615234375,-15.205078124999998,23.642578125
-0.7910156249999999,10.546874999999998,11.337890625,0.439453125,-16.875,23.642578125
-0.615234375,10.107421875000002,11.953125000000002,0.3515625,-18.544921875,23.642578125
-0.439453125,10.01953125,12.656249999999998,0.263671875,-20.214843750000004,23.642578125
-0.3515625,9.84375,13.271484375,0.17578125,-21.357421875,23.642578125
-0.263671875,9.580078124999998,13.53515625,0.087890625,-22.412109375,23.642578125
-0.17578125,9.4921875,14.0625,0.087890625,-23.37890625,23.642578125
-0.087890625,9.404296875,14.326171875,-0.087890625,-23.994140625,23.642578125
0.0,9.31640625,14.326171875,-0.087890625,-24.082031250000004,23.642578125
0.0,9.31640625,14.326171875,-0.17578125,-23.994140625,23.642578125
0.0,9.31640625,14.326171875,-0.17578125,-24.082031250000004,23.642578125
0.0,9.31640625,14.326171875,-0.17578125,-24.082031250000004,23.642578125
0.0,9.31640625,14.326171875,-0.17578125,-23.994140625,23.642578125
0.0,9.31640625,14.326171875,-0.17578125,-24.082031250000004,23.642578125
0.0,9.31640625,14.326171875,-0.17578125,-23.994140625,23.642578125
0.0,9.31640625,14.326171875,-0.17578125,-23.994140625,23.642578125
0.0,9.31640625,14.326171875,-0.17578125,-24.082031250000004,23.642578125
0.0,9.31640625,14.326171875,-0.17578125,-24.082031250000004,23.642578125
0.0,9.31640625,14.326171875,-0.17578125,-24.082031250000004,23.73046875
