Joint0,Joint1,Joint2,Joint3,Joint4,Joint5 
state: 0.0,0.0,0.0,-0.17587040880217542,0.0,-0.5276112264065262
goals: 0.0,0.0,0.0,0.0,0.0,0.0
goals: 0.0,0.0,0.0,0.0,0.0,0.0
state: 0.0,0.0,0.0,-0.17587040880217542,0.0,-0.5276112264065262
goals: 0.0,0.0,0.0,0.0,0.0,0.0
goals: 0.0,0.0,0.0,0.0,0.0,0.0
state: 0.0,0.0,0.0,-0.17587040880217542,0.0,-0.5276112264065262
goals: 0.0,0.0,0.0,0.0,0.0,0.0
goals: 0.0,0.0,0.0,0.0,0.0,0.0
state: 0.0,0.0,0.0,-0.17587040880217542,0.0,-0.5276112264065262
goals: 0.0,0.0,0.0,0.0,0.0,0.0
goals: 0.0,0.0,0.0,0.0,0.0,0.0
state: 0.0,0.0,0.0,-0.17587040880217542,0.0,-0.5276112264065262
goals: 0.0,0.0,0.0,0.0,0.0,0.0
goals: 0.0,0.0,0.0,0.0,0.0,0.0
state: 0.0,0.0,0.0,-0.17587040880217542,0.0,-0.5276112264065262
goals: 0.0,0.0,0.0,0.0,0.0,0.0
goals: 0.0,0.0,0.0,0.0,0.0,0.0
state: 0.0,0.0,0.0,-0.17587040880217542,0.0,-0.5276112264065262
goals: 0.0,0.0,0.0,0.0,0.0,0.0
goals: 0.0,0.0,0.0,0.0,0.0,0.0
state: 0.0,0.0,0.0,-0.17587040880217542,0.0,-0.5276112264065262
goals: 0.0,0.0,0.0,0.0,0.0,0.0
goals: 0.0,0.0,0.0,0.0,0.0,0.0
state: 0.0,0.0,0.0,-0.17587040880217542,0.0,-0.5276112264065262
goals: 0.0,0.0,0.0,0.0,0.0,0.0
goals: 0.0,0.0,0.0,0.0,0.0,0.0
state: -0.17587040880217542,0.0,0.0,-0.17587040880217542,0.0,-0.5276112264065262
goals: 0.0,0.0,0.0,0.0,0.0,0.0
goals: 0.0,0.0,0.0,0.0,0.0,0.0
state: 0.0,0.0,0.0,-0.17587040880217542,0.0,-0.5276112264065262
goals: 0.0,0.0,0.0,0.0,0.0,0.0
goals: 0.0,0.0,0.0,0.0,0.0,0.0
state: 0.0,0.0,0.0,-0.17587040880217542,0.0,-0.5276112264065262
goals: 0.0,0.0,0.0,0.0,0.0,0.0
goals: 0.0,0.0,0.0,0.0,0.0,0.0
state: 0.0,0.0,0.0,-0.17587040880217542,0.0,-0.5276112264065262
goals: 0.0,0.0,0.0,0.0,0.0,0.0
goals: 0.0,0.0,0.0,0.0,0.0,0.0
state: 0.0,0.0,0.0,-0.17587040880217542,0.0,-0.5276112264065262
goals: 0.0,0.0,0.0,0.0,0.0,0.0
goals: 0.0,0.0,0.0,0.0,0.0,0.0
state: 0.0,0.0,0.0,-0.17587040880217542,0.0,-0.5276112264065262
goals: 0.0,0.0,0.0,0.0,0.0,0.0
goals: 0.0,0.0,0.0,0.0,0.0,0.0
state: -0.17587040880217542,0.0,0.0,-0.17587040880217542,0.0,-0.5276112264065262
goals: 0.0,0.0,0.0,0.0,0.0,0.0
goals: 0.0,0.0,0.0,0.0,0.0,0.0
state: 0.0,0.0,-0.17587040880217542,-0.17587040880217542,0.0,-0.5276112264065262
goals: 0.0,0.0,0.0,0.0,0.0,0.0
goals: 0.0,0.0,0.0,0.0,0.0,0.0
state: 0.0,0.0,0.0,-0.17587040880217542,0.0,-0.5276112264065262
goals: 0.0,0.0,0.0,0.0,0.0,0.0
goals: 0.0,0.0,0.0,0.0,0.0,0.0
state: 0.0,0.0,0.0,-0.17587040880217542,0.0,-0.5276112264065262
goals: 0.0,0.0,0.0,0.0,0.0,0.0
goals: 0.0,0.0,0.0,0.0,0.0,0.0
state: 0.0,0.0,0.0,-0.17587040880217542,0.0,-0.5276112264065262
goals: 0.0,0.0,0.0,0.0,0.0,0.0
goals: 0.0,0.0,0.0,0.0,0.0,0.0
state: 0.0,0.0,0.0,-0.17587040880217542,0.0,-0.5276112264065262
goals: 0.0,0.0,0.0,0.0,0.0,0.0
goals: 0.0,0.0,0.0,0.0,0.0,0.0
state: 0.0,0.0,0.0,-0.17587040880217542,0.0,-0.5276112264065262
goals: 0.0,0.0,0.0,0.0,0.0,0.0
goals: 0.0,0.0,0.0,0.0,0.0,0.0
state: 0.0,0.0,0.0,-0.17587040880217542,0.0,-0.5276112264065262
goals: 0.0,0.0,0.0,0.0,0.0,0.0
goals: 0.0,0.0,0.0,0.0,0.0,0.0
state: -0.17587040880217542,0.0,0.0,-0.17587040880217542,0.0,-0.5276112264065262
goals: 0.0,0.0,0.0,0.0,0.0,0.0
goals: -2.0256419644192958e-05,-6.250542591395195e-06,-6.179065748651494e-06,1.2881637161165223e-05,1.3833169645906207e-05,2.147537986989838e-05
state: -0.17587040880217542,0.0,0.0,-0.17587040880217542,0.0,-0.5276112264065262
goals: -0.009315457209280342,-0.0028744794523260396,-0.002841608911444237,0.005923965926264312,0.00636155362935013,0.009876028722994454
goals: -0.009315457209280342,-0.0028744794523260396,-0.002841608911444237,0.005923965926264312,0.00636155362935013,0.009876028722994454
state: 0.0,0.0,0.0,-0.17587040880217542,0.0,-0.5276112264065262
goals: -0.009315457209280342,-0.0028744794523260396,-0.002841608911444237,0.005923965926264312,0.00636155362935013,0.009876028722994454
goals: -0.009315457209280342,-0.0028744794523260396,-0.002841608911444237,0.005923965926264312,0.00636155362935013,0.009876028722994454
state: -0.17587040880217542,0.0,0.0,-0.17587040880217542,0.0,-0.5276112264065262
goals: -0.009315457209280342,-0.0028744794523260396,-0.002841608911444237,0.005923965926264312,0.00636155362935013,0.009876028722994454
goals: -0.009315457209280342,-0.0028744794523260396,-0.002841608911444237,0.005923965926264312,0.00636155362935013,0.009876028722994454
state: -0.17587040880217542,0.0,0.0,-0.17587040880217542,0.0,-0.5276112264065262
goals: -0.009315457209280342,-0.0028744794523260396,-0.002841608911444237,0.005923965926264312,0.00636155362935013,0.009876028722994454
goals: -0.009315457209280342,-0.0028744794523260396,-0.002841608911444237,0.005923965926264312,0.00636155362935013,0.009876028722994454
state: -0.17587040880217542,0.0,0.0,-0.17587040880217542,0.0,-0.5276112264065262
goals: -0.009315457209280342,-0.0028744794523260396,-0.002841608911444237,0.005923965926264312,0.00636155362935013,0.009876028722994454
goals: -0.009315457209280342,-0.0028744794523260396,-0.002841608911444237,0.005923965926264312,0.00636155362935013,0.009876028722994454
state: -0.17587040880217542,0.0,0.0,-0.17587040880217542,0.0,-0.5276112264065262
goals: -0.009315457209280342,-0.0028744794523260396,-0.002841608911444237,0.005923965926264312,0.00636155362935013,0.009876028722994454
goals: -0.009315457209280342,-0.0028744794523260396,-0.002841608911444237,0.005923965926264312,0.00636155362935013,0.009876028722994454
state: -0.17587040880217542,0.0,0.0,-0.17587040880217542,0.0,-0.5276112264065262
goals: -0.009315457209280342,-0.0028744794523260396,-0.002841608911444237,0.005923965926264312,0.00636155362935013,0.009876028722994454
goals: -0.009315457209280342,-0.0028744794523260396,-0.002841608911444237,0.005923965926264312,0.00636155362935013,0.009876028722994454
state: 0.0,0.0,0.0,-0.17587040880217542,0.0,-0.5276112264065262
goals: -0.009315457209280342,-0.0028744794523260396,-0.002841608911444237,0.005923965926264312,0.00636155362935013,0.009876028722994454
goals: -0.009315457209280342,-0.0028744794523260396,-0.002841608911444237,0.005923965926264312,0.00636155362935013,0.009876028722994454
state: -0.17587040880217542,0.0,0.0,-0.17587040880217542,0.0,-0.5276112264065262
goals: -0.009315457209280342,-0.0028744794523260396,-0.002841608911444237,0.005923965926264312,0.00636155362935013,0.009876028722994454
goals: -0.009315457209280342,-0.0028744794523260396,-0.002841608911444237,0.005923965926264312,0.00636155362935013,0.009876028722994454
state: -0.17587040880217542,0.0,0.0,-0.17587040880217542,0.0,-0.5276112264065262
goals: -0.009315457209280342,-0.0028744794523260396,-0.002841608911444237,0.005923965926264312,0.00636155362935013,0.009876028722994454
goals: -0.009315457209280342,-0.0028744794523260396,-0.002841608911444237,0.005923965926264312,0.00636155362935013,0.009876028722994454
state: -0.17587040880217542,0.0,0.0,-0.17587040880217542,0.0,-0.5276112264065262
goals: -0.009315457209280342,-0.0028744794523260396,-0.002841608911444237,0.005923965926264312,0.00636155362935013,0.009876028722994454
goals: -0.009315457209280342,-0.0028744794523260396,-0.002841608911444237,0.005923965926264312,0.00636155362935013,0.009876028722994454
state: -0.17587040880217542,0.0,0.0,-0.17587040880217542,0.0,-0.5276112264065262
goals: -0.009315457209280342,-0.0028744794523260396,-0.002841608911444237,0.005923965926264312,0.00636155362935013,0.009876028722994454
goals: -0.009315457209280342,-0.0028744794523260396,-0.002841608911444237,0.005923965926264312,0.00636155362935013,0.009876028722994454
state: -0.17587040880217542,0.0,0.0,-0.17587040880217542,0.0,-0.5276112264065262
goals: -0.009315457209280342,-0.0028744794523260396,-0.002841608911444237,0.005923965926264312,0.00636155362935013,0.009876028722994454
goals: -0.009315457209280342,-0.0028744794523260396,-0.002841608911444237,0.005923965926264312,0.00636155362935013,0.009876028722994454
state: -0.17587040880217542,0.0,0.0,-0.17587040880217542,0.0,-0.5276112264065262
goals: -0.009315457209280342,-0.0028744794523260396,-0.002841608911444237,0.005923965926264312,0.00636155362935013,0.009876028722994454
goals: -0.009315457209280342,-0.0028744794523260396,-0.002841608911444237,0.005923965926264312,0.00636155362935013,0.009876028722994454
state: -0.17587040880217542,0.0,0.0,-0.17587040880217542,0.0,-0.5276112264065262
goals: -0.009315457209280342,-0.0028744794523260396,-0.002841608911444237,0.005923965926264312,0.00636155362935013,0.009876028722994454
goals: -0.009315457209280342,-0.0028744794523260396,-0.002841608911444237,0.005923965926264312,0.00636155362935013,0.009876028722994454
state: -0.17587040880217542,0.0,0.0,-0.17587040880217542,0.0,-0.5276112264065262
goals: -0.009315457209280342,-0.0028744794523260396,-0.002841608911444237,0.005923965926264312,0.00636155362935013,0.009876028722994454
goals: -0.009315457209280342,-0.0028744794523260396,-0.002841608911444237,0.005923965926264312,0.00636155362935013,0.009876028722994454
state: -0.17587040880217542,0.0,0.0,-0.17587040880217542,0.0,-0.5276112264065262
goals: -0.009315457209280342,-0.0028744794523260396,-0.002841608911444237,0.005923965926264312,0.00636155362935013,0.009876028722994454
goals: -0.009315457209280342,-0.0028744794523260396,-0.002841608911444237,0.005923965926264312,0.00636155362935013,0.009876028722994454
state: -0.17587040880217542,0.0,0.0,-0.17587040880217542,0.0,-0.5276112264065262
goals: -0.009315457209280342,-0.0028744794523260396,-0.002841608911444237,0.005923965926264312,0.00636155362935013,0.009876028722994454
goals: -0.009315457209280342,-0.0028744794523260396,-0.002841608911444237,0.005923965926264312,0.00636155362935013,0.009876028722994454
state: -0.17587040880217542,0.0,0.0,-0.17587040880217542,0.0,-0.5276112264065262
goals: -0.009315457209280342,-0.0028744794523260396,-0.002841608911444237,0.005923965926264312,0.00636155362935013,0.009876028722994454
goals: -0.009315457209280342,-0.0028744794523260396,-0.002841608911444237,0.005923965926264312,0.00636155362935013,0.009876028722994454
state: -0.17587040880217542,0.0,0.0,-0.17587040880217542,0.0,-0.5276112264065262
goals: -0.009315457209280342,-0.0028744794523260396,-0.002841608911444237,0.005923965926264312,0.00636155362935013,0.009876028722994454
goals: -0.009315457209280342,-0.0028744794523260396,-0.002841608911444237,0.005923965926264312,0.00636155362935013,0.009876028722994454
state: 0.0,0.0,0.0,-0.17587040880217542,0.0,-0.5276112264065262
goals: -0.009315457209280342,-0.0028744794523260396,-0.002841608911444237,0.005923965926264312,0.00636155362935013,0.009876028722994454
goals: -0.009315457209280342,-0.0028744794523260396,-0.002841608911444237,0.005923965926264312,0.00636155362935013,0.009876028722994454
state: -0.17587040880217542,0.0,0.0,-0.17587040880217542,0.0,-0.5276112264065262
goals: -0.009315457209280342,-0.0028744794523260396,-0.002841608911444237,0.005923965926264312,0.00636155362935013,0.009876028722994454
goals: -0.009315457209280342,-0.0028744794523260396,-0.002841608911444237,0.005923965926264312,0.00636155362935013,0.009876028722994454
state: -0.17587040880217542,0.0,0.0,-0.17587040880217542,0.0,-0.5276112264065262
goals: -0.009315457209280342,-0.0028744794523260396,-0.002841608911444237,0.005923965926264312,0.00636155362935013,0.009876028722994454
goals: -0.009315457209280342,-0.0028744794523260396,-0.002841608911444237,0.005923965926264312,0.00636155362935013,0.009876028722994454
state: -0.17587040880217542,0.0,0.0,-0.17587040880217542,0.0,-0.5276112264065262
goals: -0.009315457209280342,-0.0028744794523260396,-0.002841608911444237,0.005923965926264312,0.00636155362935013,0.009876028722994454
goals: -0.009315457209280342,-0.0028744794523260396,-0.002841608911444237,0.005923965926264312,0.00636155362935013,0.009876028722994454
state: -0.17587040880217542,0.0,0.0,-0.17587040880217542,0.0,-0.5276112264065262
goals: -0.009315457209280342,-0.0028744794523260396,-0.002841608911444237,0.005923965926264312,0.00636155362935013,0.009876028722994454
goals: -0.009315457209280342,-0.0028744794523260396,-0.002841608911444237,0.005923965926264312,0.00636155362935013,0.009876028722994454
state: -0.17587040880217542,0.0,0.0,-0.17587040880217542,0.0,-0.5276112264065262
goals: -0.009315457209280342,-0.0028744794523260396,-0.002841608911444237,0.005923965926264312,0.00636155362935013,0.009876028722994454
goals: -0.009315457209280342,-0.0028744794523260396,-0.002841608911444237,0.005923965926264312,0.00636155362935013,0.009876028722994454
state: -0.17587040880217542,0.0,0.0,-0.17587040880217542,0.0,-0.5276112264065262
goals: -0.009315457209280342,-0.0028744794523260396,-0.002841608911444237,0.005923965926264312,0.00636155362935013,0.009876028722994454
goals: -0.009315457209280342,-0.0028744794523260396,-0.002841608911444237,0.005923965926264312,0.00636155362935013,0.009876028722994454
state: -0.17587040880217542,0.0,0.0,-0.17587040880217542,0.0,-0.5276112264065262
goals: -0.009315457209280342,-0.0028744794523260396,-0.002841608911444237,0.005923965926264312,0.00636155362935013,0.009876028722994454
goals: -0.009315457209280342,-0.0028744794523260396,-0.002841608911444237,0.005923965926264312,0.00636155362935013,0.009876028722994454
state: 0.0,0.0,0.0,-0.17587040880217542,0.0,-0.5276112264065262
goals: -0.009315457209280342,-0.0028744794523260396,-0.002841608911444237,0.005923965926264312,0.00636155362935013,0.009876028722994454
goals: -0.009315457209280342,-0.0028744794523260396,-0.002841608911444237,0.005923965926264312,0.00636155362935013,0.009876028722994454
state: -0.17587040880217542,-0.17587040880217542,0.0,-0.17587040880217542,0.0,-0.5276112264065262
goals: -0.009315457209280342,-0.0028744794523260396,-0.002841608911444237,0.005923965926264312,0.00636155362935013,0.009876028722994454
goals: -0.009315457209280342,-0.0028744794523260396,-0.002841608911444237,0.005923965926264312,0.00636155362935013,0.009876028722994454
state: -0.17587040880217542,-0.17587040880217542,0.0,-0.17587040880217542,0.0,-0.5276112264065262
goals: -0.009315457209280342,-0.0028744794523260396,-0.002841608911444237,0.005923965926264312,0.00636155362935013,0.009876028722994454
goals: -0.009315457209280342,-0.0028744794523260396,-0.002841608911444237,0.005923965926264312,0.00636155362935013,0.009876028722994454
state: -0.17587040880217542,-0.17587040880217542,0.0,-0.17587040880217542,0.0,-0.5276112264065262
goals: -0.009315457209280342,-0.0028744794523260396,-0.002841608911444237,0.005923965926264312,0.00636155362935013,0.009876028722994454
goals: -0.009315457209280342,-0.0028744794523260396,-0.002841608911444237,0.005923965926264312,0.00636155362935013,0.009876028722994454
state: -0.17587040880217542,-0.17587040880217542,0.0,-0.17587040880217542,0.0,-0.5276112264065262
goals: -0.009296217669338457,-0.0028365177481722995,-0.0028755667717136725,0.005923965600922823,0.006357550638325869,0.009895268455098825
goals: 0.2213230153883724,0.45060734173499173,-0.4077264837413685,0.005920056346912651,-0.04222517267111757,0.24051683210533992
state: -0.17587040880217542,0.0,-0.17587040880217542,-0.17587040880217542,0.0,-0.35174081760435083
goals: 0.6870040838855582,1.3566166753768323,-1.2120416913048855,0.005912103133985968,-0.14389868755067822,0.70620276759858
goals: 1.1678872977760544,2.278960692166392,-2.024563927313254,0.005903807519028953,-0.2536992183736099,1.187091222301791
state: 0.35174081760435083,1.0552224528130525,-1.4069632704174033,-0.17587040880217542,0.0,0.17587040880217542
goals: 1.652251534118734,3.19468124301514,-2.824975817167964,0.0058953675939063446,-0.3689865109781361,1.671460945085268
goals: 2.1472372478049118,4.116999562372419,-3.624841602675979,0.005886656010744754,-0.4914172449491418,2.166452467625002
state: 1.5828336792195785,3.165667358439157,-2.8139265408348066,-0.17587040880217542,0.0,1.0552224528130525
goals: 2.6478583642354145,5.036263669795074,-4.4157619640423365,0.005877757013675771,-0.6197389814855632,2.6670796536566295
goals: 3.1544253167591676,5.952878022675749,-5.198151095867877,0.005868662792988995,-0.7539419715058137,3.17365293400097
state: 2.462185723230456,5.1002418552630875,-4.572630628856562,-0.17587040880217542,-0.17587040880217542,2.110444905626105
goals: 3.6699882739094667,6.872068142045998,-5.976478723701574,0.0058593154007865016,-0.8947818788570852,3.689222510486658
goals: 4.195344827925208,7.794814909943058,-6.751521112391206,0.005849696121829415,-1.04246328856026,4.214585982294618
state: 3.5174081760435083,7.210686760889191,-6.331334716878314,-0.17587040880217542,-0.7034816352087017,2.9897969496369825
goals: 4.7256845892687664,8.712395296955918,-7.515977203147855,0.005839889834927516,-1.1955644426531369,4.744932890781378
goals: 5.265510558686897,9.632345387370101,-8.276163476116707,0.0058298101298635465,-1.3553047511546534,5.2847662910387045
state: 4.572630628856562,8.969390848910946,-7.738297987295717,-0.17587040880217542,-0.8793520440108771,4.045019402450034
goals: 5.812465567530847,10.550314316409072,-9.028489891883797,0.005819497245348288,-1.5209234940829257,5.831728976209332
goals: 6.370121683559148,11.471926383024165,-9.777559403636278,0.005808879688457556,-1.693441864937112,6.389393058359072
state: 5.979593899273965,11.07983575453705,-9.145261257713123,-0.17587040880217542,-1.231092861615228,5.451982672867437
goals: 6.933604104889836,12.388810269314641,-10.516589153340044,0.005798046437526579,-1.8712716181377207,6.952883659247762
goals: 7.507328056788251,13.307860659724659,-11.251172800923214,0.00578690884606083,-2.055713590047681,7.526616060881868
state: 6.858945943284841,12.662669433756628,-10.728094936932699,-0.17587040880217542,-1.7587040880217542,6.331334716878314
goals: 8.090562304886246,14.22748456595845,-11.98002028251501,0.005775476254898378,-2.2464648913472347,8.109859011491274
goals: 8.682724559491291,15.146400464481752,-12.702128580428859,0.005763755526190767,-2.4432470447159464,8.7020302051464
state: 8.090038804900068,14.773114339382737,-12.31092861615228,-0.17587040880217542,-2.110444905626105,7.562427578493542
goals: 9.287424777440153,16.06974175063067,-13.421505429103808,0.0057516696969985405,-2.647185559954187,9.30673964583942
goals: 9.898843344461762,16.98824523457162,-14.130949942282774,0.005739330132799251,-2.8562183867584805,9.918167622171604
state: 9.321131666515297,16.531818427404488,-13.717891886569682,-0.17587040880217542,-2.462185723230456,8.617650031306594
goals: 10.519597574425239,17.905591828624846,-14.833377247958781,0.0057266799125018876,-3.0711112009329367,10.538931478817586
goals: 11.153917244243262,18.827538648957574,-15.53317332835627,0.005713626620170924,-3.293234960683825,11.173261049545841
state: 10.728094936932699,18.46639292422842,-15.124855156987085,-0.17587040880217542,-2.8139265408348066,9.672872484119647
goals: 11.795390871916975,19.744362013248942,-16.222975183439043,0.005700296521242141,-3.520229260850801,11.814744742694518
goals: 12.45199463140556,20.667010767398672,-16.911026297172917,0.0056865175938896305,-3.754799129900555,12.471358847350878
state: 11.95918779854793,20.225097012250174,-16.88355924500884,-0.17587040880217542,-3.5174081760435083,11.255706163339227
goals: 13.11621028914235,21.58446099057305,-17.589112197615545,0.005672441068134933,-3.994135442013798,13.135585001029822
goals: 13.79355604016481,22.503958778124378,-18.262633121320807,0.005657943949482625,-4.240083828155733,13.81294147477148
state: 13.36615106896533,22.1596715090741,-17.76291128901972,-0.17587040880217542,-3.693278584845684,12.486799024954456
goals: 14.483580013478996,23.424342837451512,-18.930722425978416,0.005643028106326246,-4.492349663056304,14.502976378917856
goals: 15.182990605275437,24.34081874544529,-19.58994334887323,0.005627757935225489,-4.749575429738983,15.202398045382383
state: 14.773114339382737,24.270116414700208,-19.16987455943712,-0.17587040880217542,-4.572630628856562,13.89376229537186
goals: 15.898396518455911,25.261536634708524,-20.24616868096892,0.005611981141911893,-5.014038200095987,15.917815268944365
goals: 16.625748861442304,26.18069682171344,-20.89525204526227,0.005595777968985302,-5.284084843274885,16.645179080546622
state: 16.180077609800136,26.02882050272196,-20.576837829854522,-0.17587040880217542,-4.924371446460912,15.300725565789259
goals: 17.369742658393655,27.103633900928696,-21.54095260640815,0.0055790343256963285,-5.561290601780481,17.389184564095313
goals: 18.12323266581328,28.02098333303722,-22.17675092770813,0.005561902158448861,-5.842810675584706,18.142686349221517
state: 17.587040880217543,27.96339499954589,-21.983801100271926,-0.17587040880217542,-5.451982672867437,16.531818427404488
goals: 18.8912458054089,28.93844959725535,-22.80666848028664,0.005544258834741238,-6.130327872650523,18.910711421255545
goals: 19.67594971624449,29.8579706021627,-23.432028653112155,0.0055260434357601185,-6.424456632542662,19.695427436390105
state: 19.345744968239295,29.722099087567646,-23.214893961887157,-0.17587040880217542,-6.15546430807614,18.114652106624067
goals: 20.475864153868837,30.77715124722144,-24.05120029859146,0.005507278674007651,-6.724433072201939,20.49535410994019
goals: 21.29606407375705,31.701056090982483,-24.667567230067345,0.005487832198223997,-7.031937740927467,21.315566456052586
state: 20.928578647458874,31.656673584391577,-24.270116414700208,-0.17587040880217542,-6.683075534482665,19.345744968239295
goals: 22.13476939848549,32.62681500377382,-25.27916540745688,0.00546773127622409,-7.346064633236637,22.154284349714455
goals: 22.97559035004056,33.53609993637009,-25.874042467632172,0.005447360508286659,-7.66043873176816,22.99511775066278
state: 22.511412326678453,33.41537767241333,-25.677079685117608,-0.17587040880217542,-7.386557169691368,20.7527082386567
goals: 23.82452496273691,34.43551467197598,-26.45678493738306,0.00542657029867848,-7.977077056686146,23.844064768244394
goals: 24.69661778258064,35.34042851694678,-27.037406276047193,0.005404979437634038,-8.301334864338466,24.716170148285286
state: 24.094246005898032,35.17408176043509,-26.73230213793066,-0.17587040880217542,-7.914168396097894,22.1596715090741
goals: 25.581043351420824,36.23891366893928,-27.608275905828737,0.005382841170582174,-8.6289153733017,25.600608254899296
goals: 26.481748059256674,37.13452455286578,-28.171753314293618,0.0053600444426372094,-8.961013375449571,26.50132551396932
state: 26.02882050272196,36.93278584845684,-27.96339499954589,-0.17587040880217542,-8.793520440108772,23.566634779491505
goals: 27.386880067156746,38.01528473943437,-28.720480888174453,0.005336880055956397,-9.293010530120943,27.406469904134873
goals: 28.286595255053566,38.87211095681719,-29.249165231984843,0.0053135998976954766,-9.62111734847629,28.306197162107406
state: 27.61165418194154,38.69148993647859,-29.01861745235894,-0.17587040880217542,-9.321131666515297,24.797727641106732
goals: 29.18536127627969,39.70989984319702,-29.761220800420986,0.005290090584777644,-9.946815840071073,29.204974995523443
goals: 30.089003062875804,40.53439381217538,-30.260448526604527,0.00526619761470136,-10.272047263092203,30.108628403861978
state: 29.546228678765473,40.45019402450035,-30.073839905171997,-0.17587040880217542,-10.024613301724,26.20469091152414
goals: 30.989001297282396,41.33819697223824,-30.74266776590424,0.005242145239518407,-10.593596701483799,31.008637952623687
goals: 31.77385332226316,42.025327746262356,-31.151393571662027,0.005220961465147146,-10.87197176120725,31.79349962730672
state: 31.304932766787225,41.68128688611557,-31.129062357985053,-0.17587040880217542,-10.903965345734875,27.78752459074372
goals: 31.90564993965013,42.15977956812681,-31.40319511960453,0.005216734654235035,-10.754617027732246,31.925290957689683
goals: 31.905650934233826,42.25064232369024,-32.2599809456474,0.005213827300054681,-9.98869395764853,31.92525979290284
state: 32.1842848107981,42.38476852132428,-32.00841440199592,-0.17587040880217542,-11.07983575453705,28.842747043556763
goals: 31.905652025470193,42.34494067710333,-33.21628634621341,0.005210814935154119,-9.126686910941471,31.925224735185733
goals: 31.90565309738942,42.43153051228099,-34.17270323046716,0.0052080531944834205,-8.256859862315821,31.9251893741821
state: 32.1842848107981,42.56063893012645,-33.76711849001768,-0.17587040880217542,-9.672872484119647,29.546228678765473
goals: 31.905654152392913,42.51032058457903,-35.13098999752722,0.005205543820297799,-7.377363168009749,31.92515363181267
goals: 31.905655187654098,42.58081935580954,-36.08814718662589,0.00520330136933916,-6.4907047506018625,31.92511760690762
state: 32.1842848107981,42.73650933892863,-35.70169298684161,-0.17587040880217542,-7.914168396097894,30.073839905171997
goals: 31.905656200542087,42.64262617965899,-37.04114101043212,0.005201337552034317,-5.599517751108314,31.92508140311743
goals: 31.905657201680775,42.696088370715245,-37.99951884099259,0.005199640418853238,-4.694602112075128,31.925044643217404
state: 32.00841440199592,42.73650933892863,-37.636267483665534,-0.17587040880217542,-5.979593899273965,30.425580722776346
goals: 31.90565818534517,42.7405433010693,-38.95743522434046,0.005198230202182711,-3.781140659557475,31.92500753404178
goals: 31.90565914938777,42.77563735935987,-39.91219544548142,0.005197117413564552,-2.861474497187202,31.924970166771292
state: 32.00841440199592,42.73650933892863,-39.57084198048947,-0.17587040880217542,-4.22088981125221,30.425580722776346
goals: 31.90566007912334,42.80083027387583,-40.8481960795642,0.005196318610073239,-1.9506667780966318,31.924933149612475
goals: 31.905660993383687,42.816604052351586,-41.78340087331935,0.005195818089162542,-1.031235763298738,31.924895768155704
state: 32.00841440199592,42.912379747730796,-41.5054164773134,-0.17587040880217542,-2.286315314428281,30.425580722776346
goals: 31.90566168729464,42.822158908501265,-42.50310132568989,0.005195641235948018,-0.3170901674524547,31.924866720909847
goals: 31.905661883203987,42.82267049394623,-42.707847350965494,0.005195624727540244,-0.11285572772901911,31.92485841161102
state: 32.00841440199592,42.912379747730796,-42.73650933892863,-0.17587040880217542,-0.7034816352087017,30.425580722776346
goals: 31.905662376194112,42.821814968564354,-43.226116490767474,0.005195650956844381,0.4062689371821379,31.924837286020672
goals: 31.905663243070048,42.81252643347538,-44.14803805495255,0.005195943289716998,1.3374790359663509,31.9247993710318
state: 32.00841440199592,42.912379747730796,-43.96760220054385,-0.17587040880217542,0.35174081760435083,30.425580722776346
goals: 31.905664100362035,42.79293155780451,-45.073088110490325,0.005196561780670825,2.28212396667712,31.92476087947094
goals: 31.905664945399728,42.762711655933316,-45.99787609657276,0.005197516868819681,3.237131854126401,31.924721930912526
state: 32.00841440199592,42.912379747730796,-45.7263062885656,-0.17587040880217542,2.110444905626105,30.425580722776346
goals: 31.905665774933187,42.72173122352448,-46.91815602075054,0.0051988134015635784,4.198392210204303,31.924682687464024
goals: 31.90566659155744,42.66964515857466,-47.836063325021264,0.005200463073181537,5.1683855789104465,31.92464304213435
state: 32.00841440199592,42.73650933892863,-47.48501037658736,-0.17587040880217542,4.045019402450034,30.425580722776346
goals: 31.905667394209782,42.60630049080584,-48.74965447149059,0.005202471733061291,6.145321392629284,31.924603062066144
goals: 31.905668188088406,42.530995197323676,-49.66414453595827,0.005204862915404194,7.135116750051788,31.924562498395648
state: 32.00841440199592,42.56063893012645,-49.41958487341129,-0.17587040880217542,6.15546430807614,30.425580722776346
goals: 31.905668951125378,42.445983902553166,-50.553044309402885,0.005207566415478084,8.109027817746735,31.924522524240473
goals: 31.905669699486314,42.34983362480748,-51.433997548458905,0.005210629336471899,9.086131334025268,31.924482352636616
state: 32.00841440199592,42.20889811252209,-51.17828896143304,-0.17587040880217542,8.265909213702244,30.425580722776346
goals: 31.90567042795706,42.24337345811111,-52.299890449561055,0.005214027044419759,10.058484401301786,31.92444230514374
goals: 31.90567114344208,42.1257637955517,-53.15798090227755,0.005217788322856135,11.034184516052465,31.92440204317723
state: 32.00841440199592,42.033027703719924,-52.936993049454806,-0.17587040880217542,10.37635411932835,30.425580722776346
goals: 31.90567184825571,41.996593138256735,-54.010238559061875,0.005221928662448823,12.015612829601999,31.92436146204741
goals: 31.905672532129344,41.857991710822155,-54.84332644299787,0.005226382142144145,12.987302140446491,31.92432119645097
state: 32.00841440199592,41.85715729491775,-54.69569713747656,-0.17587040880217542,12.31092861615228,30.425580722776346
goals: 31.905673207588972,41.707658020993286,-55.67162131593802,0.005231225305148333,13.965930702684147,31.924280550174927
goals: 31.90567386889837,41.54695885654613,-56.487303921449715,0.0052364170448518585,14.942312472111173,31.92423989855059
state: 31.832543993193752,41.68128688611557,-56.27853081669613,-0.17587040880217542,14.421373521778381,30.425580722776346
goals: 31.905674518466842,41.375549695123674,-57.29253409436821,0.005241971503927615,15.918951805918494,31.924199131995994
goals: 31.905675153382624,41.19451023981789,-58.082910936258465,0.005247856806875382,16.890368102582077,31.924158474436908
state: 32.00841440199592,41.153675659709045,-57.861364495915716,-0.17587040880217542,16.355948018602312,30.425580722776346
goals: 31.905675737189117,41.015852448720274,-58.812057080815045,0.005253683651958762,17.798172037736983,31.92412037599135
goals: 31.90567599593578,40.93283543541738,-59.13582526522214,0.005256397643578993,18.20495723522272,31.924103270486825
state: 31.832543993193752,41.153675659709045,-58.91658694872876,-0.17587040880217542,17.76291128901972,30.601451131578518
goals: 31.905676297116617,40.83317968686807,-59.51308026001468,0.005259660986871905,18.681867978301263,31.92408318884462
goals: 31.90567639818344,40.79900123883445,-59.639757625404734,0.005260781558440845,18.842723791636008,31.924076408799426
state: 32.00841440199592,40.8019348421047,-59.44419817513529,-0.17587040880217542,18.642263333030595,31.304932766787225
goals: 32.41105453763387,40.63194733459617,-59.54333140949438,0.005246665119029364,18.913370641176673,32.429453924397414
goals: 33.40510312005569,40.29660106244347,-59.34237788126773,0.005218614849230161,19.047800887806755,33.423501564500285
state: 32.711896037204625,40.45019402450035,-59.44419817513529,-0.17587040880217542,18.642263333030595,31.4808031755894
goals: 34.42125028511885,39.942318728329845,-59.129275191949375,0.00518962336379615,19.189018611287395,34.43964773154499
goals: 35.4360363830151,39.57683057287527,-58.90856709963488,0.005160352047762548,19.33383643911499,35.45443280326006
state: 34.470600125226376,39.92258279809381,-59.44419817513529,-0.35174081760435083,18.994004150634943,32.1842848107981
goals: 36.45407627986289,39.19833903686571,-58.679078735303214,0.005130668690746225,19.482877229492285,36.47247164675191
goals: 37.46932963711549,38.80897689484561,-58.44201208875879,0.005100751020262954,19.63520997136163,37.48772393554211
state: 36.75691543965466,39.04323075408294,-58.91658694872876,-0.5276112264065262,19.345744968239295,33.591248081215504
goals: 38.4823653559446,38.408503621332706,-58.19713353968567,0.005070586354603621,19.790841589806334,38.500758576248515
goals: 39.49945374449898,37.99429594757365,-57.94273768604056,0.005039988960518341,19.950690176287786,39.51784587636666
state: 38.86736034528077,38.16387871007206,-58.38897572232224,-0.35174081760435083,19.873356194645822,35.349952169237255
goals: 40.5014310540016,37.57423944594522,-57.683584701495455,0.005009542113957911,20.111629640986642,40.51982211373545
goals: 41.49415200653307,37.14620048299515,-57.41829749983848,0.004979080628173404,20.27441674838074,41.51254201011405
state: 40.8019348421047,37.28452666606119,-57.861364495915716,-0.35174081760435083,20.049226603448,37.28452666606119
goals: 42.48031557507523,36.709181319478674,-57.14618214071274,0.00494853034477741,20.439355397243585,42.49870454137009
goals: 43.462677595427834,36.262026907415226,-56.866432417912684,0.004917812001964853,20.606794528352925,43.4810655461274
state: 42.73650933892863,36.40517462205031,-57.157882860707005,-0.35174081760435083,20.40096742105235,39.21910116288512
goals: 44.44675100212226,35.802144338049025,-56.57732001715349,0.004886755699716607,20.777598927804444,44.46513795915208
goals: 45.42241415116597,35.33425998656673,-56.28171689599834,0.004855685247679765,20.949913826151146,45.440800152427926
state: 44.67108383575256,35.349952169237255,-56.63027163430048,-0.5276112264065262,20.7527082386567,40.626064433302524
goals: 46.26434749592037,34.92085893768185,-56.019307098629525,0.004828650870523479,21.100933912774877,46.28273270059405
goals: 46.3970894046939,34.817896225706264,-55.814944968815446,0.00482347482127602,20.999539022742866,46.41547938439923
state: 46.078047106169954,34.822340942830735,-56.10266040789396,-0.5276112264065262,21.104449056261046,42.38476852132428
goals: 46.27634496359931,34.67550425251889,-54.97663866904107,0.004822655546860877,20.30362057853875,46.294761377102205
goals: 46.13822954314331,34.50443670367379,-54.00871335693416,0.0048219083698333495,19.506758100139397,46.15667621537216
state: 46.25391751497214,34.470600125226376,-54.51982672867438,-0.35174081760435083,20.928578647458874,43.791731791741675
goals: 46.00201306029587,34.32715066530392,-53.04456386992701,0.004821369480351063,18.71988999583053,46.02048960467943
goals: 45.86677361492626,34.1427032732699,-52.07785030524506,0.004821028602083582,17.937619195643347,45.88527985272748
state: 46.078047106169954,33.942988898819856,-53.28873386705915,-0.35174081760435083,19.16987455943712,45.19869506215908
goals: 45.73238242235123,33.951073196692626,-51.10772669379747,0.004820881270750991,17.15912105707177,45.750918208872314
goals: 45.59736751575944,33.750165265139955,-50.123472132612704,0.004820925288475737,16.375769797172644,45.615933036357575
state: 45.7263062885656,33.41537767241333,-51.354159370235216,-0.35174081760435083,17.411170471415367,45.19869506215908
goals: 45.46548765610086,33.54578480018324,-49.152635309060074,0.004821154179604106,15.609308910798553,45.4840822733153
goals: 45.334269996279396,33.33442798772659,-48.177299233935145,0.004821564430361561,14.845325138163945,45.35289362213052
state: 45.550435879763434,33.063636854808976,-49.41958487341129,-0.35174081760435083,15.828336792195788,45.19869506215908
goals: 45.2043681594877,33.11730447232329,-47.20241434224291,0.004822150206080757,14.08755929230233,45.223020566229884
goals: 45.07463770248805,32.892611206299904,-46.219430799113326,0.004822914031021233,13.329264546728437,45.09331892087543
state: 45.19869506215908,32.711896037204625,-47.309139967785185,-0.35174081760435083,14.59724393058056,45.19869506215908
goals: 44.94705866620783,32.663960253245364,-45.24348151019248,0.004823840033942271,12.581961811833885,44.96576829129059
goals: 44.87338406379787,32.52843681215439,-44.67565505459392,0.004824454010683271,12.14965625486189,44.89211012843175
state: 45.022824653356906,32.36015521960027,-45.37456547096125,-0.35174081760435083,12.662669433756628,45.19869506215908
goals: 44.835775083270406,32.458270417478424,-44.384589464214876,0.004824789853345127,11.928755760702836,44.854509550274955
goals: 44.814699608151315,32.41970066235753,-44.214115637924046,0.004824952736905856,11.796850961727719,44.83343909769908
state: 44.67108383575256,32.36015521960027,-44.67108383575256,-0.35174081760435083,12.135058207350104,45.022824653356906
goals: 44.97120826446612,32.85170039954926,-44.49761600135354,0.004819246672760028,11.6483569904264,44.989954007066146
goals: 45.33215245288392,33.838733174305645,-45.140568388069134,0.004806086717121893,11.304289035131939,45.3509126244416
state: 45.022824653356906,33.063636854808976,-44.67108383575256,-0.35174081760435083,11.607446980943578,45.022824653356906
goals: 45.71238133939287,34.86476381474652,-45.801889518796635,0.004792224126662425,10.93959258226338,45.73115671520271
goals: 46.096971596464634,35.88850682824608,-46.45462075749874,0.00477820447311384,10.568593972010804,46.115762345922185
state: 45.7263062885656,34.99821135163291,-45.37456547096125,-0.35174081760435083,11.255706163339227,45.022824653356906
goals: 46.3420171996614,36.53355152323073,-46.86226143441175,0.004769273338746295,10.331198319731502,46.360817737692045
goals: 46.41956100152209,36.73482369666689,-47.00301967017531,0.004766497632213242,10.270687025781434,46.43836407369773
state: 46.25391751497214,36.229304213248135,-46.25391751497214,-0.35174081760435083,10.200483710526175,45.7263062885656
goals: 46.4195611690241,36.66311989018439,-47.53909125581151,0.00476862723432453,10.878462417639017,46.4383411020777
goals: 46.41956142175314,36.542304873735205,-48.3724648342545,0.004772221675938849,11.832651012120293,46.43830497951672
state: 46.42978792377431,36.40517462205031,-47.48501037658736,-0.35174081760435083,10.37635411932835,45.550435879763434
goals: 46.419561664269104,36.41042801495903,-49.20187987869293,0.004776154164164244,12.79394291491981,46.438268512535615
goals: 46.41956189339729,36.269598506176344,-50.0143567775325,0.004780363921153804,13.74724932212922,46.438232269006065
state: 46.25391751497214,36.40517462205031,-49.41958487341129,-0.35174081760435083,12.31092861615228,45.7263062885656
goals: 46.41956211243048,36.118323124439144,-50.81924395340209,0.004784897804717167,14.703411879320786,46.43819583268977
goals: 46.419562323869236,35.9548920438425,-51.62430911250129,0.0047898098523731425,15.671908118594702,46.43815883554283
state: 46.42978792377431,36.05343380444596,-51.00241855263087,-0.35174081760435083,14.421373521778381,45.7263062885656
goals: 46.41956252458651,35.78195610740884,-52.41589376465132,0.004795023273114208,16.636428706756856,46.43812189445215
goals: 46.41956271679549,35.59811817578952,-53.20057936159305,0.0048005831009735765,17.604952234893283,46.438084698766076
state: 46.42978792377431,35.70169298684161,-52.58525223185045,-0.35174081760435083,16.531818427404488,45.7263062885656
goals: 46.41956290049221,35.403759840558884,-53.9764477913373,0.004806481056089063,18.575178999441345,46.43804733073211
goals: 46.419563076649546,35.198251193611085,-54.74570893998934,0.00481273976893352,19.549948794610845,46.43800967463052
state: 46.42978792377431,35.349952169237255,-53.992215502267854,-0.35174081760435083,18.46639292422842,45.7263062885656
goals: 46.419563238711206,34.9908024700723,-55.47643063922502,0.004819081000953489,20.4881192169697,46.437973320288386
goals: 46.419563312512636,34.88998136319678,-55.816804331477655,0.004822171401881499,20.92931401590189,46.43795618444623
state: 46.25391751497214,34.99821135163291,-55.39917877268526,-0.35174081760435083,20.225097012250174,45.7263062885656
goals: 46.4195633435649,34.846305142552126,-55.96147805231992,0.004823511916456152,21.11766395730505,46.437948861132284
goals: 46.56694377779244,35.242593935913234,-56.22363477312787,0.004817604970016488,20.983536904645064,46.58533543447706
state: 46.25391751497214,34.822340942830735,-55.750919590289605,-0.35174081760435083,20.928578647458874,45.7263062885656
goals: 46.93598289766103,36.2332478971772,-56.84839512762022,0.004802614168884344,20.617655840168226,46.95439103663263
goals: 47.334071431246436,37.288838405048025,-57.50686021755036,0.0047864504251889746,20.220543907642465,47.352497343190635
state: 46.95739915018084,36.58104503085249,-56.982012451904836,-0.35174081760435083,20.928578647458874,46.25391751497214
goals: 47.73657199311572,38.34261746007103,-58.15677894540878,0.004770117320435972,19.816697168591254,47.75501585781545
goals: 48.146387749037636,39.40185196674693,-58.80263796942802,0.004753499713571415,19.403335472522922,48.164849864813995
state: 47.83675119419172,38.69148993647859,-58.56484613112441,-0.35174081760435083,20.576837829854522,46.95739915018084
goals: 48.55950699919786,40.45589869714682,-59.43798808270184,0.004736762830864791,18.984652703429457,48.577987474669165
goals: 48.97955191131667,41.5137499180562,-60.068307831724326,0.004719762401486313,18.557135260394457,48.998051004842296
state: 48.71610323820259,40.977805250906876,-59.62006858393746,-0.35174081760435083,19.873356194645822,47.309139967785185
goals: 49.406133315936955,42.57402041470058,-60.69275125305287,0.004702516779195401,18.121322379072172,49.42465125658502
goals: 49.83745228962814,43.631945841291234,-61.308555259049,0.004685101076181433,17.679215255430936,49.8559892151298
state: 49.41958487341129,43.08825015653298,-61.02703185435487,-0.35174081760435083,18.46639292422842,48.36436242059823
goals: 50.27888612721568,44.70025516034924,-61.92309201548272,0.004667300754532301,17.22545726790477,50.29744239888439
goals: 50.72701157498242,45.77011185041532,-62.531201061678956,0.004649256531948106,16.763724360736298,50.74558739001877
state: 50.29893691742217,45.19869506215908,-62.258124715970105,-0.35174081760435083,17.411170471415367,49.41958487341129
goals: 51.17910455199395,46.83476706213465,-63.129128938598924,0.004631080149232529,16.297011832300736,51.197699976364255
goals: 51.638697836218576,47.902262739385556,-63.72146224911474,0.004612631565420172,15.821864454730987,51.65731307626632
state: 51.17828896143304,47.309139967785185,-63.489217577585315,-0.35174081760435083,16.531818427404488,50.29893691742217
goals: 52.103977483815115,48.96802760589217,-64.30569808926664,0.004593985618538163,15.340350538209703,52.122612654003035
goals: 52.576722807956095,50.03578904143312,-64.88392283354074,0.004575072883249198,14.85082913220641,52.595378085095504
state: 52.2335114142461,49.41958487341129,-64.3685696215962,-0.35174081760435083,15.476595974591435,51.00241855263087
goals: 52.96956014831262,50.91169022481794,-65.3529713462261,0.00455938206635842,14.443989111534433,52.98823201844995
goals: 53.12345203842275,51.25204268868017,-65.53395396680638,0.004553241514378556,14.284624211036217,53.142130379243085
state: 53.112863458256975,51.17828896143304,-65.42379207440925,-0.35174081760435083,14.59724393058056,51.88177059664175
goals: 53.100047032733414,51.228947090336575,-65.36713114838192,0.004553419969865515,14.140896239870633,53.11873049194629
goals: 52.86106020547406,50.82055870320312,-64.48423844787702,0.004559736560415906,13.66638424657241,52.879759890069884
state: 52.936993049454806,51.354159370235216,-65.42379207440925,-0.35174081760435083,14.59724393058056,52.2335114142461
goals: 52.59525014128724,50.35957174805563,-63.49105700875535,0.00456680058933087,13.134181200297496,52.613968098077635
goals: 52.332096938180236,49.89607214291712,-62.49596406583791,0.004573835956727426,12.602579364681048,52.35083322403445
state: 52.40938182304828,49.94719609981782,-63.84095839518968,-0.35174081760435083,12.662669433756628,52.40938182304828
goals: 52.07186561386339,49.43064294757332,-61.500104652753464,0.004580836382590696,12.072140722837236,52.09062026513052
goals: 51.81373294613759,48.961905406151786,-60.50043589756273,0.0045878249482941775,11.5412011326871,51.832506055901526
state: 51.88177059664175,49.06784405580694,-62.082254307167915,-0.35174081760435083,11.607446980943578,52.2335114142461
goals: 51.55968620626687,48.49361076695349,-59.50484629859324,0.004594748455662393,11.01389790950738,51.57847772238616
goals: 51.30589937165972,48.01877300586548,-58.49840848996418,0.004601712274747971,10.48228958762247,51.32470951863755
state: 51.5300297790374,48.01262160299389,-59.971809401541805,-0.35174081760435083,10.552224528130523,51.88177059664175
goals: 51.05452158071795,47.54141111020066,-57.48959739069216,0.004608659004067293,9.950832169151221,51.07335042706302
goals: 50.80824604511359,47.066840495611615,-56.489520040046706,0.004615514358339685,9.425317366608585,50.82709345362025
state: 51.00241855263087,47.13326955898301,-57.685494087113526,-0.35174081760435083,9.497002075317472,51.354159370235216
goals: 50.56254114839165,46.58645339793874,-55.47994557825109,0.00462240514415459,8.896121936618105,50.58140732064906
goals: 50.32151406275847,46.10838839517149,-54.47789620654871,0.004629216919178478,8.372129637872334,50.34039888443103
state: 50.474807326224344,46.25391751497214,-55.57504918148744,-0.35174081760435083,8.617650031306594,50.826548143828695
goals: 50.08206688571978,45.62665387474567,-53.470717004558125,0.0046360376235652055,7.846677061347251,50.10097047826449
goals: 49.87270116838839,45.19979217822183,-52.58032943101647,0.004642047175091528,7.383144267239125,49.89162137713057
state: 49.94719609981782,45.19869506215908,-53.46460427586132,-0.35174081760435083,7.386557169691368,50.29893691742217
goals: 49.7872192140868,45.023975146559,-52.214141965531205,0.004644513500203564,7.192771005497566,49.806146262574806
goals: 49.733739824952515,44.91352428224602,-51.9842578785215,0.0046460603100918286,7.073336012491199,49.75267116908679
state: 49.595455282213464,44.84695424455473,-52.76112264065262,-0.35174081760435083,6.858945943284841,50.12306650862
goals: 49.72790529607601,44.90648316778094,-51.90242949893628,0.00464608951237395,6.998548554239033,49.74683938919519
goals: 50.03641254653666,45.62244657163048,-52.312088875374144,0.00463490102567283,6.6922547290694565,50.055358560215986
state: 49.595455282213464,45.19869506215908,-52.58525223185045,-0.35174081760435083,6.50720512568049,49.94719609981782
goals: 50.48922360311914,46.660012556168866,-52.899895956639526,0.004618489792552219,6.2425107488931815,50.50818701433109
goals: 50.947359088189394,47.69398773557053,-53.478792401195385,0.004601898453990852,5.787447050383294,50.96633997474276
state: 50.65067773502651,47.309139967785185,-52.40938182304828,-0.35174081760435083,6.15546430807614,49.94719609981782
goals: 51.41438076746463,48.73200895816932,-54.053084577750575,0.004584998447209409,5.323733267654506,51.433379329357045
goals: 51.89361656733689,49.78072287458821,-54.62633736049715,0.0045676699047302646,4.848287728334904,51.91263311329711
state: 51.5300297790374,49.06784405580694,-53.64047468466351,-0.35174081760435083,4.924371446460912,50.826548143828695
goals: 52.379397315606525,50.827106144746466,-55.19138411651839,0.004550118099398189,4.366966950802874,52.39843192504485
goals: 52.84748372887486,51.81984312708,-55.72109269360609,0.004533217746422689,3.9039536413416336,52.86653557894882
state: 52.40938182304828,51.354159370235216,-54.871567546278726,-0.35174081760435083,3.8691489936478587,51.5300297790374
goals: 53.066858172938,52.279943716724006,-55.9645003078827,0.004525301086980067,3.687267717885749,53.08591804565444
goals: 53.15582178447508,52.46371504010523,-56.10371145244328,0.0045221400851022525,3.6427103946593573,53.17488335207164
state: 53.112863458256975,52.40938182304828,-55.750919590289605,-0.35174081760435083,3.3415377672413324,52.40938182304828
goals: 53.15582193705522,52.430474393895445,-56.761603221851175,0.004522998843195718,4.3338428100213,53.174858765508134
goals: 53.155822135249664,52.37601107545235,-57.64742426615819,0.0045244072263485955,5.2741271724230145,53.17482528772858
state: 53.28873386705915,52.2335114142461,-56.982012451904836,-0.35174081760435083,3.693278584845684,52.58525223185045
goals: 53.15582232394102,52.31068210994592,-58.52540562963038,0.004526098649239869,6.217437501051443,53.174791666562385
goals: 53.155822503960025,52.23433672219673,-59.39614650687044,0.004528078037832138,7.164523765688646,53.17475787104424
state: 53.28873386705915,52.05764100544392,-58.56484613112441,-0.35174081760435083,5.803723490471789,52.58525223185045
goals: 53.15582267553877,52.14710098218237,-60.25736095692288,0.004530343320154421,8.112973955402154,53.17472398299694
goals: 53.1558228408463,52.04800293501061,-61.11676185594977,0.004532921166522749,9.071472901243052,53.174689687258834
state: 53.112863458256975,52.05764100544392,-60.49942062794834,-0.35174081760435083,7.738297987295717,52.58525223185045
goals: 53.155822998618056,51.938038330059854,-61.96443689114426,0.004535787291245998,10.029112541030141,53.1746553692884
goals: 53.15582314913438,51.81764398730053,-62.79794384422738,0.0045389319982264455,10.983013836515125,53.17462112846275
state: 53.112863458256975,51.705900187839575,-62.258124715970105,-0.35174081760435083,9.672872484119647,52.58525223185045
goals: 53.15582329542296,51.68477808186272,-63.630597585750756,0.004542410631383355,11.948533483113707,53.17458640852934
goals: 53.155823436427774,51.54071319515826,-64.45309281424147,0.00454619215664014,12.915093597945102,53.174551584225554
state: 52.936993049454806,51.354159370235216,-64.01682880399184,-0.35174081760435083,11.607446980943578,52.40938182304828
goals: 53.15582356466393,51.39514084372703,-65.21667823363693,0.0045500234979725385,13.824251368428879,53.17451876290649
goals: 53.15582361344921,51.33596080540798,-65.51071258351323,0.004551584015338411,14.177465756490722,53.174505993709374
state: 53.112863458256975,51.354159370235216,-65.0720512568049,-0.35174081760435083,13.36615106896533,52.58525223185045
goals: 53.0709727927699,51.37015494682241,-65.59659238418732,0.0045548035186998796,14.229148692577853,53.08965292671398
goals: 52.28192508481612,51.80006594760123,-65.82386400058869,0.004581579862496286,14.026483880309058,52.30060920172444
state: 52.76112264065262,51.354159370235216,-65.59966248321143,-0.35174081760435083,13.717891886569682,52.58525223185045
goals: 51.25559167254687,52.34721236290121,-66.111473058133,0.004616163528762238,13.766913166046777,51.27428099572277
goals: 50.22014885604793,52.88557520248893,-66.39267890516237,0.004650771128561659,13.50972220048759,50.23884345353603
state: 51.00241855263087,52.40938182304828,-66.12727370961795,0.5276112264065262,13.717891886569682,52.40938182304828
goals: 49.17936514935988,53.413087080483834,-66.66650408757036,0.004685268175669113,13.2560010351108,49.19806506241697
goals: 48.14002957310907,53.92640499193913,-66.93133907317838,0.004719425406771726,13.007483368570757,48.15873480043856
state: 48.71610323820259,53.64047468466351,-66.65488493602447,0.35174081760435083,13.36615106896533,51.00241855263087
goals: 47.09097851265404,54.43105133736613,-67.19014505337319,0.0047536034751334425,12.761607617644428,47.10968910214466
goals: 46.04400924647512,54.921371763575515,-67.44013189490255,0.004787412049188387,12.521238399680083,46.06272517782894
state: 46.95739915018084,54.69569713747656,-67.35836657123318,0.17587040880217542,13.190280660163156,50.12306650862
goals: 44.99121419656117,55.40116043805966,-67.6833487909258,0.004821102041356039,12.28463047249143,45.00993548194843
goals: 43.92929652795165,55.8717975993946,-67.92058470644156,0.00485476952130315,12.05119244561465,43.94802318808664
state: 44.67108383575256,55.39917877268526,-67.71010738883754,0.17587040880217542,12.662669433756628,48.71610323820259
goals: 42.867015020580915,56.32937957052009,-68.14996929254869,0.004888129639630494,11.822957949432034,42.885747023713
goals: 41.803383488288816,56.77445356743308,-68.37188536250251,0.0049212096750239145,11.599762549203957,41.82212079985675
state: 42.73650933892863,56.63027163430048,-68.23771861524406,0.17587040880217542,12.135058207350104,46.42978792377431
goals: 40.73276844974187,57.20937083624715,-68.58759863240293,0.004954177987937719,11.380520515948024,40.75151105514881
goals: 39.658839228806855,57.63259967213931,-68.79643707304082,0.004986913821287173,11.166091654437933,39.677587086994635
state: 40.274323615698165,57.50962367831136,-68.5894594328484,0.17587040880217542,11.783317389745752,44.67108383575256
goals: 38.58014300221498,58.04470832953341,-68.99876965374261,0.005019454582434045,10.9562766273748,38.59889607101461
goals: 37.52066570652653,58.43692780088141,-69.19040604726484,0.0050510805013790905,10.755654990762567,37.53942382199521
state: 38.16387871007206,58.38897572232224,-69.11707065925494,0.35174081760435083,11.4315765721414,43.264120565335155
goals: 36.91717432802325,58.654831434218686,-69.29648098392231,0.005068945431485258,10.643804197817541,36.935935283948666
goals: 36.82311292093707,58.49944203286238,-68.93761494538022,0.005071023733163331,10.440324108004884,36.84188190178112
state: 36.58104503085249,58.38897572232224,-69.2929410680571,0.17587040880217542,10.903965345734875,40.626064433302524
goals: 36.65797333685194,58.06694881978601,-67.99188200643388,0.0050741450295637616,9.927078314836642,36.67676278125261
goals: 36.485762885517076,57.60937505310114,-66.99458111347977,0.005077472281109837,9.387344853888486,36.50457388461642
state: 36.75691543965466,57.861364495915716,-68.41358902404623,0.17587040880217542,9.848742892921823,39.39497157168729
goals: 36.31540950693375,57.150046181528054,-65.99670223230777,0.005080838614828937,8.848788570307885,36.3342420496808
goals: 36.14551765777154,56.68523485318373,-64.99008720576133,0.005084272514697262,8.306978607593823,36.16437191071883
state: 36.05343380444596,56.982012451904836,-66.65488493602447,0.17587040880217542,8.617650031306594,38.16387871007206
goals: 35.97759285758233,56.219101627732215,-63.98368487010816,0.005087744399881794,7.766703298037836,35.996468795748264
goals: 35.81183861515806,55.75235621812473,-62.97892167586407,0.005091249714580098,7.22867938700178,35.83073618457283
state: 35.70169298684161,55.750919590289605,-64.19269921279403,0.17587040880217542,7.386557169691368,37.108656257259014
goals: 35.648319109767144,55.28534049525155,-61.976424187598056,0.0050947865320505,6.69319157083279,35.66723824470402
goals: 35.485865952326144,54.81481427407931,-60.96915844072023,0.005098380309696612,6.156446026963226,35.50480673989157
state: 35.349952169237255,54.871567546278726,-62.258124715970105,0.17587040880217542,6.50720512568049,36.05343380444596
goals: 35.32521515057258,54.34297986793205,-59.96177381104121,0.005102015262799625,5.620889845337679,35.34417757935155
goals: 35.16688823391113,53.871517216743555,-58.95776279651488,0.005105679109829756,5.088335603586115,35.185872219011145
state: 34.99821135163291,53.992215502267854,-59.971809401541805,0.17587040880217542,5.276112264065262,35.52582257803944
goals: 35.00957453245866,53.39662439956657,-57.94895610726179,0.005109402278888504,4.554415884329352,35.02858016580435
goals: 34.85305836091868,52.91765841879369,-56.93395255959189,0.0051131911677351595,4.01837249358928,34.87208576574801
state: 34.64647053402855,52.76112264065262,-57.861364495915716,0.17587040880217542,4.045019402450034,35.349952169237255
goals: 34.6983182191435,52.437668113140106,-55.91916167629904,0.005117022789445998,3.483566152018762,34.71736738251904
goals: 34.54532297234822,51.95667274626551,-54.904552122347255,0.005120897795497146,2.9499462599828683,34.564393883367835
state: 34.470600125226376,52.05764100544392,-55.57504918148744,0.17587040880217542,3.165667358439157,34.99821135163291
goals: 34.39373729247721,51.47371124278843,-53.8880347787973,0.005124824849000385,2.4163847616152845,34.412829986326244
goals: 34.2435934592333,50.98896116354885,-52.86992976453903,0.005128803526421544,1.883024216345933,34.262707965505605
state: 34.2947297164242,51.00241855263087,-53.64047468466351,0.17587040880217542,1.9345744968239293,34.64647053402855
goals: 34.09533581940479,50.50396430883252,-51.85341251467428,0.005132821998507473,1.3514982757951353,34.11447210092729
goals: 33.949251524153375,50.019814776952394,-50.84069997444372,0.00513687172247589,0.8229297978698047,33.96840949751341
state: 33.76711849001768,50.12306650862,-51.5300297790374,0.17587040880217542,1.0552224528130525,34.470600125226376
goals: 33.819452284196075,49.58433702081207,-49.931470553468515,0.005140547474728324,0.3491732686494372,33.83862973219092
goals: 33.764933595118805,49.399920041482254,-49.54689408102967,0.005142113660342353,0.14901173111254465,33.78411928032648
state: 33.76711849001768,49.24371446460912,-49.94719609981782,0.17587040880217542,0.0,34.11885930762203
goals: 33.73614861465246,49.30218847972884,-49.34319871978607,0.005142945983983344,0.0430468518941511,33.75533866283603
goals: 33.831824477117635,49.626881508445514,-49.50156427550177,0.005140167955553316,-0.12327703271690628,33.85102137254054
state: 33.591248081215504,49.24371446460912,-49.595455282213464,0.17587040880217542,-0.35174081760435083,33.942988898819856
goals: 34.05658326454832,50.38352853576996,-49.91187447313262,0.005133661368435659,-0.46960544184381253,34.075794388855485
goals: 34.122562975472476,50.60417854319389,-50.05110608009204,0.005131752197913296,-0.5510213728317844,34.14177743723204
state: 33.942988898819856,50.29893691742217,-49.595455282213464,0.17587040880217542,-0.8793520440108771,33.942988898819856
goals: 34.122563365124435,50.6058853981678,-50.46023946580506,0.0051317003790388085,-0.14359484229909536,34.14176108693562
goals: 34.12256370660668,50.605741662500655,-50.820625612517055,0.005131704130880077,0.21693503989726143,34.14174661546137
state: 33.942988898819856,50.29893691742217,-49.77132569101564,0.17587040880217542,-0.8793520440108771,33.942988898819856
goals: 34.1225645398724,50.59869067310939,-51.707095103477506,0.00513191421176779,1.1104555197954782,34.141710735643166
goals: 34.12256540065153,50.58088300056958,-52.633136192535574,0.005132446937330541,2.054304280913509,34.14167280939448
state: 33.942988898819856,50.474807326224344,-51.705900187839575,0.17587040880217542,0.5276112264065262,33.942988898819856
goals: 34.122566252894835,50.552012060382886,-53.55994773611295,0.00513331188379545,3.0099867641908498,34.14163437668948
goals: 34.12256709278262,50.511906847906424,-54.48258471145998,0.0051345147194112005,3.972728951523078,34.141595624088424
state: 33.942988898819856,50.474807326224344,-53.46460427586132,0.17587040880217542,2.638056132032631,33.942988898819856
goals: 34.122567923570706,50.46014816597872,-55.40378073553808,0.00513606878419935,4.945683657031445,34.14155641902514
goals: 34.12256873483902,50.39732045445362,-56.311003951466226,0.005137957498002011,5.915734583987719,34.1415172847944
state: 33.942988898819856,50.29893691742217,-55.57504918148744,0.17587040880217542,4.924371446460912,33.942988898819856
goals: 34.122569525508275,50.32376061362456,-57.201908543998236,0.005140171857112398,6.880199016853579,34.14147832546808
goals: 34.12257030246628,50.239008090045935,-58.08321065432612,0.005142727060756023,7.846253650262943,34.141439246655146
state: 33.942988898819856,50.12306650862,-57.50962367831136,0.17587040880217542,6.858945943284841,33.942988898819856
goals: 34.1225710683303,50.14278708781832,-58.95695197327036,0.005145633019664889,8.816215970934548,34.14139994925171
goals: 34.12257181503595,50.0363113353797,-59.812968412168765,0.00514885480916155,9.778708161773974,34.141360889660035
state: 33.942988898819856,49.94719609981782,-58.91658694872876,0.17587040880217542,8.793520440108772,33.942988898819856
goals: 34.122572554316235,49.9180693638497,-60.6637949571858,0.005152440130712071,10.747776677818802,34.14132149295128
goals: 34.12257327778449,49.78953285652512,-61.498915815845365,0.005156346538246339,11.711434043302221,34.141282241319004
state: 33.942988898819856,49.595455282213464,-61.02703185435487,0.17587040880217542,10.903965345734875,33.942988898819856
goals: 34.12257399308746,49.649544211202524,-62.32631089543716,0.005160611573199814,12.678817767712728,34.141242757666404
goals: 34.122574700118534,49.498170647081494,-63.14506307846842,0.005165235891566507,13.648943514358281,34.1412030761524
state: 33.942988898819856,49.41958487341129,-62.60986553357445,0.17587040880217542,12.662669433756628,33.942988898819856
goals: 34.122575379414414,49.34021616466591,-63.93185813013813,0.005170075027099163,14.593693047948685,34.141164344838124
goals: 34.12257572154053,49.25592006795725,-64.32796315453038,0.005172663311182142,15.074094168797405,34.14114461530466
state: 33.942988898819856,49.24371446460912,-63.84095839518968,0.17587040880217542,14.59724393058056,33.942988898819856
goals: 34.12257582434055,49.22996286860126,-64.44694178249412,0.00517346112744075,15.219029996040966,34.14113865820341
goals: 34.69659409060311,49.032413929524104,-64.34070034727236,0.005157021474735902,15.310358937710719,34.71515536079163
state: 33.942988898819856,49.06784405580694,-64.01682880399184,0.17587040880217542,14.948984748184909,33.942988898819856
goals: 35.72877268749274,48.668432059728346,-64.14212105778257,0.005127194073705433,15.475799854140336,35.747331198550974
goals: 36.77097313518025,48.28886177267363,-63.93415504914128,0.005096748653095957,15.647442560997083,36.789528807157616
state: 35.70169298684161,48.36436242059823,-64.01682880399184,-0.5276112264065262,14.948984748184909,34.99821135163291
goals: 37.82156134824167,47.89386270048305,-63.71677729927214,0.005065726574698595,15.825102333180975,37.84011411069163
goals: 38.867351221829146,47.48820784216205,-63.49251556950214,0.005034517812363893,16.00653344571773,38.88590104717338
state: 37.81213789246772,47.66088078538953,-63.84095839518968,-0.5276112264065262,15.300725565789259,36.58104503085249
goals: 39.912173771184676,47.0703917410101,-63.26044780046194,0.005003013128589269,16.192319434353575,39.93072062813296
goals: 40.9603868863734,46.63849941173656,-63.01940382899194,0.004971082328844698,16.383205274117238,40.97893073799099
state: 40.098453206896,46.78152874137866,-63.489217577585315,-0.5276112264065262,16.00420720099796,37.988008301269886
goals: 41.99512748460467,46.19953020971594,-62.77320089780855,0.004939246007053652,16.57600825054354,42.01366834952977
goals: 43.01493676691675,45.754489791034814,-62.522345150485435,0.00490756416733475,16.770228808507063,43.033474675525795
state: 42.20889811252209,45.90217669736778,-62.9616063511788,-0.5276112264065262,16.355948018602312,39.39497157168729
goals: 44.034650228981135,45.29704534019128,-62.26318494837674,0.004875584788155893,16.968548650448405,44.05318517563857
goals: 45.04720077278329,44.83036507083657,-61.997417299707784,0.004843534779238442,17.169496324567795,45.06573277915235
state: 44.3193430181482,44.84695424455473,-62.433995124772274,-0.35174081760435083,16.707688836206664,40.8019348421047
goals: 46.06157425561892,44.3502666672325,-61.72255496671837,0.0048111340903617275,17.3747672194501,46.08010332406672
goals: 47.066208598953,43.862230046432444,-61.441633247190715,0.004778757480606004,17.581916319654002,47.084734772031894
state: 46.42978792377431,43.96760220054385,-61.73051348956357,-0.35174081760435083,17.059429653811016,42.033027703719924
goals: 48.07277788119245,43.3605843519507,-61.15128168133877,0.004746034003923658,17.793244419992,48.09130117451655
goals: 49.06943135796799,42.85124005457789,-60.85481380892955,0.004713354213010501,18.006154190394618,49.08795182764906
state: 47.83675119419172,42.912379747730796,-61.202902263157036,-0.35174081760435083,17.587040880217543,44.49521342695038
goals: 50.05171127834007,42.33678784759445,-60.55366949735916,0.004680876193802376,18.21949466394782,50.07022899883126
goals: 50.59588950801605,42.04657577404733,-60.38230085613873,0.0046627642474876465,18.338356021157423,50.614405752288334
state: 49.595455282213464,42.033027703719924,-60.67529103675052,-0.35174081760435083,18.114652106624067,46.60565833257648
goals: 50.59588946397444,42.153313656253964,-59.970924861011866,0.004659715867143771,17.82024214403437,50.61442511090713
goals: 50.595889377828556,42.34378826180508,-59.19829208524277,0.004654290412660045,16.85713476310437,50.614461019448385
state: 50.474807326224344,42.033027703719924,-59.795938992739636,-0.5276112264065262,18.114652106624067,48.188492011796065
goals: 50.59588928424086,42.52651384007752,-58.40356955643943,0.004649103038485179,15.879686656423464,50.61449736500271
goals: 50.59588918398892,42.698380179813576,-57.598900593402796,0.0046442393651709565,14.9031513540441,50.61453358339723
state: 50.474807326224344,42.20889811252209,-58.56484613112441,-0.35174081760435083,16.180077609800136,49.77132569101564
goals: 50.595889076390655,42.859548769634856,-56.783387806948234,0.0046396919214673985,13.926469978160544,50.61456971900019
goals: 50.59588896134489,43.00936286721607,-55.96052077106954,0.004635476478644415,12.953788845090168,50.614605623794695
state: 50.65067773502651,42.56063893012645,-56.982012451904836,-0.35174081760435083,14.421373521778381,49.77132569101564
goals: 50.59588883764716,43.14863407000616,-55.12592412846113,0.004631567658376161,11.979921000080662,50.61464149440206
goals: 50.595888704246036,43.27762318110704,-54.277242177798705,0.004627955902270447,11.002249938706907,50.614677431363525
state: 50.65067773502651,42.912379747730796,-55.22330836388308,-0.35174081760435083,12.135058207350104,49.94719609981782
goals: 50.59588856113048,43.395579335245,-53.41888412345609,0.004624660130108596,10.02593573061435,50.61471324943315
goals: 50.595888407733455,43.502460132747075,-52.551395162603576,0.004621679537869013,9.051565972646065,50.61474893203368
state: 50.474807326224344,43.08825015653298,-53.46460427586132,-0.35174081760435083,10.024613301724,49.94719609981782
goals: 50.595888242568144,43.598743470242276,-51.67054622758249,0.004618999033880511,8.074433700516279,50.61478465604193
goals: 50.59588806526682,43.6841010248169,-50.77862826716065,0.004616626187631336,7.097158185905492,50.61482032997145
state: 50.65067773502651,43.439990974137324,-51.5300297790374,-0.35174081760435083,8.090038804900068,49.94719609981782
goals: 50.59588787318489,43.759154962672774,-49.86708292629233,0.004614542324140111,6.110558907569793,50.61485629270513
goals: 50.595887669459756,43.822378677200746,-48.954558907703976,0.0046127885870418436,5.134811174836888,50.61489181341048
state: 50.65067773502651,43.6158613829395,-49.77132569101564,-0.35174081760435083,5.979593899273965,49.94719609981782
goals: 50.59588745252138,43.8743728211263,-48.03646549172576,0.004611347230548298,4.164723615313529,50.614927086592346
goals: 50.595887222422014,43.915219011685046,-47.11549893334111,0.004610215133600667,3.202910866746601,50.61496202226773
state: 50.65067773502651,43.791731791741675,-47.83675119419172,-0.35174081760435083,4.045019402450034,49.94719609981782
goals: 50.59588702749304,43.94016196178356,-46.37287758010895,0.0046095235671510075,2.435346563715839,50.61498987889687
goals: 50.390287147645985,43.993947443545274,-46.33100696916031,0.004616483666473962,2.339683710265766,50.40939335094567
state: 50.474807326224344,43.791731791741675,-46.60565833257648,-0.35174081760435083,2.286315314428281,49.94719609981782
goals: 49.483125883185664,44.217144820661915,-46.46056190869656,0.004647301177965054,2.246011292246137,49.502234909468235
goals: 48.44929063292783,44.46145418675689,-46.601996973973264,0.0046821363723852415,2.143102527934314,48.46840280033959
state: 48.89197364700476,44.143472609346034,-46.60565833257648,-0.35174081760435083,2.110444905626105,49.77132569101564
goals: 47.413075768394805,44.69565581611536,-46.73721353068485,0.004716743491744896,2.0440825980529294,47.43219099790762
goals: 46.3787748841482,44.918850231048026,-46.86574109849253,0.004750975894429513,1.9493806470178048,46.39789307890167
state: 47.13326955898301,44.67108383575256,-46.60565833257648,-0.35174081760435083,1.9345744968239293,48.71610323820259
goals: 45.34217244395478,45.13201529850638,-46.988189190815795,0.004784969890736794,1.8586281809131309,45.36129351409743
goals: 44.305869559670704,45.33465626492491,-47.10431675601366,0.004818636261364576,1.7720789927219103,44.32499340291174
state: 44.84695424455473,45.022824653356906,-46.60565833257648,-0.35174081760435083,1.7587040880217542,48.01262160299389
goals: 43.259652643596574,45.528692115658856,-47.21526178605404,0.004852299334769421,1.688951735038443,43.27877917860722
goals: 42.213225023452274,45.71223488812054,-47.319981104726935,0.0048856391354497675,1.610091530732495,42.23235413746608
state: 42.73650933892863,45.37456547096125,-46.60565833257648,-0.35174081760435083,1.5828336792195785,46.60565833257648
goals: 41.166383102236885,45.885372662327846,-47.41856262439611,0.004918658852641368,1.5354982077949018,41.18551467805534
goals: 40.12253585468791,46.04763826513265,-47.51077642700553,0.004951249239567461,1.465409146230761,40.141669762813656
state: 40.626064433302524,45.7263062885656,-46.60565833257648,-0.35174081760435083,1.231092861615228,44.84695424455473
goals: 39.07758016913324,46.199750957899205,-47.597064702114515,0.004983536359911314,1.3995471316563493,39.09671628492862
goals: 38.02872514121867,46.342093737820576,-47.6776743819926,0.005015601113425939,1.3377759997519405,38.04786334045841
state: 38.69148993647859,46.078047106169954,-46.95739915018084,-0.35174081760435083,1.231092861615228,43.264120565335155
goals: 36.98349497964169,46.473688816986844,-47.752080211750744,0.005047210486617828,1.2805485594183794,37.00263511863927
goals: 35.93349735660807,46.59561986397571,-47.820921204034484,0.005078614866045837,1.227419850807506,35.95263930262408
state: 36.40517462205031,46.42978792377431,-47.309139967785185,-0.35174081760435083,1.0552224528130525,40.626064433302524
goals: 34.87621400339089,46.70804260911997,-47.88430808387483,0.005109880676162847,1.1783447741875204,34.89535762119213
goals: 33.81961446003713,46.81005084199983,-47.94175167524816,0.005140766096787839,1.1337406601442068,33.83875959610673
state: 34.2947297164242,46.60565833257648,-47.48501037658736,-0.35174081760435083,1.0552224528130525,38.16387871007206
goals: 32.76605036748541,46.90150613543809,-47.99319484440507,0.0051712015166786585,1.093688894801962,32.785196861540115
goals: 31.70603356133765,46.98321301799524,-48.03910825236364,0.005201456523575255,1.057855255632868,31.72518126043848
state: 32.53602562840245,46.78152874137866,-47.66088078538953,-0.35174081760435083,1.0552224528130525,36.05343380444596
goals: 30.653195094791798,47.054158492114055,-48.07893889712201,0.005231139756577655,1.0267002583485274,30.672343826677686
goals: 29.593770734287116,47.11530224386755,-48.11323981535381,0.005260636924098039,0.9998167320717684,29.612920336412635
state: 30.073839905171997,46.95739915018084,-47.83675119419172,-0.35174081760435083,0.8793520440108771,34.11885930762203
goals: 28.53995885342934,47.1659472945963,-48.14163202484723,0.005289605325165963,0.9775231448703178,28.559109149221044
goals: 27.478558768020683,47.20671565825538,-48.16447429293226,0.005318404193602814,0.9595557424244505,27.49770958537132
state: 28.139265408348066,47.13326955898301,-48.01262160299389,-0.35174081760435083,0.8793520440108771,32.53602562840245
goals: 26.42374552613012,47.23706277548212,-48.18146950453411,0.005346645922426181,0.9461625238110155,26.442896682139533
goals: 25.366209844904613,47.25732200470832,-48.19281042114642,0.005374579374319726,0.9372025324314088,25.385361157148886
state: 25.852950093919787,47.13326955898301,-48.01262160299389,-0.35174081760435083,0.8793520440108771,31.832543993193752
goals: 24.307789639986478,47.26741293199165,-48.198455994958294,0.005402151657474769,0.9327152090739841,24.326940921445747
goals: 23.251373293778112,47.267327447756024,-48.19840368911162,0.00542928579635394,0.9327062449574626,23.2705243545412
state: 23.91837559709586,47.13326955898301,-48.01262160299389,-0.35174081760435083,0.7034816352087017,28.66687663475459
goals: 22.1953751801689,47.2571003752583,-48.192672979534485,0.005456021567862239,0.9371602339443624,22.2145258274954
goals: 21.140927006726624,47.23676772868806,-48.18128202951266,0.005482329191287093,0.9460593748237935,21.16007704583215
state: 21.456189873865398,47.13326955898301,-48.01262160299389,-0.35174081760435083,0.8793520440108771,25.852950093919787
goals: 20.08175980463474,47.20615618705093,-48.164129718370724,0.005508361144794095,0.9594756174409931,20.10090903330435
goals: 19.025453421077227,47.16544763529596,-48.141311924733316,0.005533927977005968,0.9773232661154898,19.044601639555072
state: 19.52161537704147,47.309139967785185,-48.01262160299389,-0.35174081760435083,0.8793520440108771,23.566634779491505
goals: 17.968129665663525,47.11450566765862,-48.112744147156704,0.00555912253187181,0.9996540711850147,17.987276668317048
goals: 16.912879590340594,47.05347744102434,-48.07849886860899,0.0055838697533467565,1.0263934895912685,16.93202517282947
state: 17.76291128901972,47.13326955898301,-48.01262160299389,-0.35174081760435083,0.8793520440108771,21.280319465063226
goals: 15.856165625706755,46.98214680797406,-48.03844270042741,0.005608251012558985,1.057624138063023,15.875309576660468
goals: 14.799138246995875,46.90054181380578,-47.99257713290349,0.005632236877724398,1.0933195124505415,14.818280353964859
state: 14.948984748184909,47.13326955898301,-48.01262160299389,-0.35174081760435083,0.8793520440108771,18.994004150634943
goals: 13.747188475222483,46.80912040659912,-47.94114363664186,0.005655705916256831,1.133263365161332,13.766328534400524
goals: 13.069754238202878,46.7448419334033,-47.904948534623315,0.005670606604242327,1.161318250560544,13.088892865378954
state: 13.36615106896533,46.78152874137866,-48.01262160299389,-0.35174081760435083,0.8793520440108771,17.059429653811016
goals: 13.044761677648877,46.73649831330442,-48.27140860104577,0.00567135344932971,1.5361208842188234,13.063883134898655
goals: 13.044763015457674,46.71510208912142,-49.16746025351104,0.005672081766733606,2.4535687602699037,13.06384245040099
goals: 13.044764384561613,46.68234809016343,-50.09028582815923,0.005673198172573023,3.4091483332528205,13.063800035319732
goals: 13.0447657484914,46.63823846920531,-51.015083496517406,0.005674703333750628,4.378055621935722,13.06375698227036
goals: 13.044767090654826,46.58309188262792,-51.930025126809,0.005676587301675117,5.348143838169135,13.063713824649877
goals: 13.044768427910899,46.51600900333322,-52.846010663091825,0.00567888199283058,6.331212253101064,13.063670030868922
goals: 13.04476974171772,46.437763737395635,-53.74973336610054,0.005681562378703043,7.313180221400943,13.063626221509528
goals: 13.044771024095121,46.34908321955693,-54.63499330437138,0.005684605120607929,8.287120676867673,13.0635827009031
