Joint0,Joint1,Joint2,Joint3,Joint4,Joint5 
goals: 0.0,0.0,0.0,0.0,0.0,0.0
state: 0.0015339807878856412,-0.007669903939428206,-0.01687378866674205,0.0015339807878856412,0.0,-0.0046019423636569235
state: 0.0015339807878856412,-0.007669903939428206,-0.015339807878856412,0.0015339807878856412,0.0,-0.0046019423636569235
state: 0.0015339807878856412,-0.007669903939428206,-0.01687378866674205,0.0015339807878856412,0.0,-0.0046019423636569235
state: 0.0015339807878856412,-0.006135923151542565,-0.01687378866674205,0.0015339807878856412,0.0,-0.0046019423636569235
state: 0.0015339807878856412,-0.007669903939428206,-0.01687378866674205,0.0015339807878856412,0.0,-0.0046019423636569235
state: 0.0015339807878856412,-0.006135923151542565,-0.015339807878856412,0.0015339807878856412,0.0,-0.0046019423636569235
state: 0.0015339807878856412,-0.007669903939428206,-0.015339807878856412,0.0015339807878856412,0.0,-0.0046019423636569235
state: 0.0015339807878856412,-0.007669903939428206,-0.01687378866674205,0.0015339807878856412,0.0,-0.0046019423636569235
state: 0.0015339807878856412,-0.007669903939428206,-0.015339807878856412,0.0015339807878856412,0.0,-0.0046019423636569235
state: 0.0015339807878856412,-0.007669903939428206,-0.015339807878856412,0.0015339807878856412,0.0,-0.006135923151542565
state: 0.0015339807878856412,-0.007669903939428206,-0.015339807878856412,0.0015339807878856412,0.0,-0.0046019423636569235
state: 0.0015339807878856412,-0.007669903939428206,-0.015339807878856412,0.0015339807878856412,0.0,-0.006135923151542565
state: 0.0015339807878856412,-0.007669903939428206,-0.01687378866674205,0.0015339807878856412,0.0,-0.0046019423636569235
state: 0.0015339807878856412,-0.007669903939428206,-0.015339807878856412,0.0015339807878856412,0.0,-0.0046019423636569235
state: 0.0015339807878856412,-0.006135923151542565,-0.01687378866674205,0.0015339807878856412,0.0,-0.0046019423636569235
state: 0.0015339807878856412,-0.007669903939428206,-0.015339807878856412,0.0015339807878856412,0.0,-0.0046019423636569235
state: 0.0015339807878856412,-0.006135923151542565,-0.015339807878856412,0.0015339807878856412,0.0,-0.0046019423636569235
state: 0.0015339807878856412,-0.007669903939428206,-0.015339807878856412,0.0015339807878856412,0.0,-0.0046019423636569235
state: 0.0015339807878856412,-0.007669903939428206,-0.015339807878856412,0.0015339807878856412,-0.0015339807878856412,-0.0046019423636569235
state: 0.0015339807878856412,-0.007669903939428206,-0.015339807878856412,0.0015339807878856412,0.0,-0.006135923151542565
goals: -4.204440602656115e-08,1.6232929679978308e-07,1.3257715071892202e-07,-1.3732842839554635e-07,1.7077396206650707e-09,-1.2609864355381518e-07
state: 0.0015339807878856412,-0.007669903939428206,-0.015339807878856412,0.0015339807878856412,0.0,-0.0046019423636569235
goals: -2.5000115204602474e-05,9.65229742694646e-05,7.883198633790017e-05,-8.16571538336575e-05,1.0154427494853791e-06,-7.497978718020023e-05
state: 0.0015339807878856412,-0.006135923151542565,-0.015339807878856412,0.0,0.0,-0.0046019423636569235
state: 0.0015339807878856412,-0.007669903939428206,-0.015339807878856412,0.0,0.0,-0.0046019423636569235
state: 0.0015339807878856412,-0.007669903939428206,-0.015339807878856412,0.0,-0.0015339807878856412,-0.0046019423636569235
state: 0.0,-0.007669903939428206,-0.015339807878856412,0.0,0.0,-0.0046019423636569235
state: 0.0015339807878856412,-0.007669903939428206,-0.015339807878856412,0.0,0.0,-0.0046019423636569235
state: 0.0015339807878856412,-0.006135923151542565,-0.015339807878856412,0.0,0.0,-0.0046019423636569235
state: 0.0015339807878856412,-0.007669903939428206,-0.015339807878856412,0.0,0.0,-0.0046019423636569235
state: 0.0,-0.006135923151542565,-0.015339807878856412,0.0,0.0,-0.0046019423636569235
state: 0.0015339807878856412,-0.007669903939428206,-0.01227184630308513,0.0,0.0,-0.0046019423636569235
state: 0.0015339807878856412,-0.006135923151542565,-0.01227184630308513,0.0,0.0,-0.0046019423636569235
state: 0.0,-0.007669903939428206,-0.01227184630308513,0.0,0.0,-0.0046019423636569235
state: 0.0015339807878856412,-0.007669903939428206,-0.01227184630308513,0.0,0.0,-0.0046019423636569235
state: 0.0,-0.006135923151542565,-0.01227184630308513,0.0,0.0,-0.0046019423636569235
state: 0.0,-0.007669903939428206,-0.01227184630308513,0.0,0.0,-0.0046019423636569235
state: 0.0,-0.006135923151542565,-0.01227184630308513,0.0,0.0,-0.0046019423636569235
state: 0.0015339807878856412,-0.006135923151542565,-0.01227184630308513,0.0,0.0,-0.0046019423636569235
state: 0.0,-0.006135923151542565,-0.01227184630308513,0.0,0.0,-0.0046019423636569235
state: 0.0015339807878856412,-0.006135923151542565,-0.01227184630308513,0.0,0.0,-0.0046019423636569235
state: 0.0,-0.006135923151542565,-0.01227184630308513,0.0,0.0,-0.0046019423636569235
state: 0.0,-0.006135923151542565,-0.010737865515199488,0.0,0.0,-0.0046019423636569235
state: 0.0,-0.006135923151542565,-0.010737865515199488,0.0015339807878856412,0.0,-0.0046019423636569235
state: 0.0,-0.006135923151542565,-0.010737865515199488,0.0,0.0,-0.0046019423636569235
state: 0.0,-0.006135923151542565,-0.010737865515199488,0.0,-0.0015339807878856412,-0.0046019423636569235
state: 0.0,-0.006135923151542565,-0.010737865515199488,0.0,0.0,-0.0046019423636569235
goals: -2.4999930592585683e-05,9.535828453217899e-05,7.895076929523874e-05,-8.165715386841377e-05,2.0613495085391404e-06,-7.497951332058641e-05
state: 0.0015339807878856412,-0.006135923151542565,-0.010737865515199488,0.0,0.0,-0.0046019423636569235
goals: -2.4311351671754893e-05,-0.0042704472707173905,0.0005384870711595555,-8.165790693658095e-05,0.003908330524942331,-7.395760903471469e-05
goals: -2.287019951623611e-05,-0.01354946494463772,0.0016091976416080578,-8.166373127665836e-05,0.012116637465124267,-7.181598732342553e-05
goals: -2.137539702426929e-05,-0.023379794420090142,0.0028804992044900745,-8.167592917252438e-05,0.020675665208125117,-6.95906328957799e-05
state: 0.0015339807878856412,-0.006135923151542565,-0.006135923151542565,0.0,0.0,-0.006135923151542565
goals: -1.992212803459507e-05,-0.03314205837632915,0.004279547714743642,-8.16938918254446e-05,0.02903888048906016,-6.74232732824986e-05
state: 0.0,-0.009203884727313847,-0.0046019423636569235,0.0,0.009203884727313847,-0.006135923151542565
goals: -1.8501646139857288e-05,-0.04288342854716274,0.005808486916663208,-8.17173502352683e-05,0.03725131129646816,-6.530123533553471e-05
state: 0.0,-0.018407769454627694,-0.0015339807878856412,0.0,0.018407769454627694,-0.0046019423636569235
goals: -1.7086206149065455e-05,-0.0527901339840873,0.007496858980294211,-8.17466064542364e-05,0.045469644508657106,-6.318330203400071e-05
state: 0.0,-0.02914563496982718,0.0,0.0,0.0260776733940559,-0.0046019423636569235
goals: -1.5700242326456687e-05,-0.06268765067817454,0.009315552739635982,-8.178101210244866e-05,0.05354846728549154,-6.110625545490603e-05
state: 0.0,-0.039883500485026674,0.0015339807878856412,0.0,0.0337475773334841,-0.0046019423636569235
goals: -1.4346853854777623e-05,-0.07254435782753388,0.011255399654244954,-8.182016983551528e-05,0.061465327365893295,-5.9075055815434664e-05
state: 0.0,-0.0521553467881118,0.0046019423636569235,0.0015339807878856412,0.04295146206079795,-0.0046019423636569235
goals: -1.3002650934018088e-05,-0.08252526966029462,0.013348233166566838,-8.186455456962284e-05,0.06935340553289089,-5.7054846081209264e-05
state: 0.0,-0.06289321230331128,0.009203884727313847,0.0,0.05368932757599744,-0.006135923151542565
goals: -1.1680126110278772e-05,-0.09253450917353953,0.015574746210622843,-8.191361312335248e-05,0.0771361318509826,-5.506461428285583e-05
state: 0.0,-0.07209709703062514,0.010737865515199488,0.0,0.059825250727540004,-0.0046019423636569235
goals: -1.0388213683026713e-05,-0.10249662194293344,0.01791576361664822,-8.196673685186802e-05,0.08475722706663237,-5.311808076922832e-05
state: 0.0,-0.08436894333371027,0.01380582709097077,0.0,0.0674951546669682,-0.0046019423636569235
goals: -9.112092654939653e-06,-0.11251917137937728,0.020394864736292366,-8.202428812494874e-05,0.09230067523741009,-5.119317063704294e-05
state: 0.0,-0.09357282806102411,0.01380582709097077,0.0,0.07516505860639641,-0.0046019423636569235
goals: -7.849321075707202e-06,-0.1226182623989953,0.02301675469691336,-8.208622967995558e-05,0.09977787615181302,-4.9286410522621345e-05
state: 0.0,-0.1043106935762236,0.01687378866674205,0.0,0.08283496254582462,-0.0046019423636569235
goals: -6.612438496587678e-06,-0.1326881931655208,0.025753095664475655,-8.215173238271618e-05,0.10711146580905755,-4.7416969048752884e-05
state: 0.0,-0.1119805975156518,0.01687378866674205,0.0,0.09050486648525283,-0.0046019423636569235
goals: -5.390494810615184e-06,-0.1428122990735537,0.028625334002352835,-8.222114957726168e-05,0.1143633332391271,-4.5568531498615574e-05
state: 0.0,-0.12578642460662257,0.021475731030398976,0.0,0.0966407896367954,-0.0046019423636569235
goals: -4.185651395638836e-06,-0.15296864889269635,0.031627223433284606,-8.229417844146094e-05,0.12151779348914282,-4.3744583533439254e-05
state: 0.0,-0.13652429012182207,0.02454369260617026,0.0,0.10277671278833796,-0.0046019423636569235
goals: -3.0026720280764924e-06,-0.16311145544423933,0.034744060473762356,-8.237030643044309e-05,0.12854376286446184,-4.195256277509109e-05
state: 0.0,-0.14726215563702155,0.030679615757712823,0.0,0.11044661672776616,-0.006135923151542565
goals: -1.8337642245219152e-06,-0.1733024984889361,0.037994029252234336,-8.244982560119469e-05,0.135484836996506,-4.018088336116426e-05
state: 0.0,-0.1564660403643354,0.0337475773334841,0.0,0.11504855909142309,-0.0046019423636569235
goals: -6.841861442931588e-07,-0.18349135633634717,0.04136051022668326,-8.253217960992732e-05,0.14230721373746746,-3.843772688857189e-05
state: 0.0,-0.16566992509164924,0.03681553890925539,0.0,0.12425244381873693,-0.0046019423636569235
goals: 4.534123424323115e-07,-0.1937389622323391,0.04486332289956025,-8.261770396923627e-05,0.14905200682992803,-3.671215636676484e-05
state: 0.0,-0.17947575218262002,0.04141748127291231,0.0,0.1303883669702795,-0.006135923151542565
goals: 1.573828214234612e-06,-0.20399465588889926,0.04848509011405395,-8.270582562325107e-05,0.1556859331432943,-3.501226824025323e-05
state: 0.0,-0.1902136176978195,0.044485442848683596,0.0,0.13959225169759334,-0.0046019423636569235
goals: 2.6792386558538383e-06,-0.21427382888564794,0.05223062512730994,-8.279651482636462e-05,0.16221957099980078,-3.3334963107498534e-05
state: 0.0,-0.19941750242513334,0.047553404424454875,0.0,0.14419419406125028,-0.006135923151542565
goals: 3.7718918460805064e-06,-0.22459377219651372,0.0561062237524241,-8.288977556459318e-05,0.1686639155600323,-3.167702981061606e-05
state: 0.0,-0.21015536794033285,0.0521553467881118,0.0,0.15033011721279282,-0.0046019423636569235
goals: 4.8415686388195055e-06,-0.23485252497146303,0.06007221843927651,-8.298451390289996e-05,0.17495667352525873,-3.0054169467606137e-05
state: 0.0,-0.22242721424341796,0.056757289151768725,0.0,0.1564660403643354,-0.006135923151542565
goals: 5.905592685565532e-06,-0.24521230244982153,0.06419100245363643,-8.308207534106775e-05,0.18119766686705627,-2.8440293577654234e-05
state: 0.0,-0.2316310989707318,0.059825250727540004,0.0,0.16106798272799233,-0.006135923151542565
goals: 6.95699907547528e-06,-0.2556035763382877,0.06843618455368301,-8.318167869854531e-05,0.18734375853475407,-2.684616438709296e-05
state: 0.0015339807878856412,-0.24083498369804565,0.06289321230331128,0.0,0.16873788666742054,-0.0046019423636569235
goals: 7.927014365916394e-06,-0.26532849898971356,0.07251167173538747,-8.327633623125648e-05,0.19299319389313507,-2.5376165276842253e-05
state: 0.0,-0.25157284921324513,0.06596117387908257,0.0,0.17640779060684875,-0.0046019423636569235
goals: -1.307999670840244e-05,-0.2696721679141452,0.07435257855624719,-8.331512391612375e-05,0.1954959578553925,-4.6162122448543285e-05
state: 0.0,-0.25924275315267337,0.07056311624273949,0.0,0.18100973297050565,-0.0046019423636569235
goals: -0.004587885650261005,-0.26626539880128125,0.07051088352441676,-8.244651525388049e-05,0.19593128904460522,-0.00462109965783561
state: 0.0,-0.26231071472844464,0.07056311624273949,0.0,0.18407769454627693,-0.0046019423636569235
goals: -0.013102907120539383,-0.26004720994628,0.06352484148452538,-8.082373163112817e-05,0.19669988606827665,-0.013136373217964433
state: 0.0,-0.26231071472844464,0.07209709703062514,0.0,0.18407769454627693,-0.0046019423636569235
goals: -0.02181903329855095,-0.2538448070262856,0.05659001832703599,-7.915464272385826e-05,0.19743305353685744,-0.021852765899488386
state: 0.0,-0.26231071472844464,0.07209709703062514,0.0,0.1856116753341626,-0.007669903939428206
goals: -0.03049640326754152,-0.247830307461925,0.04989726699778183,-7.74851671547044e-05,0.19811203490779006,-0.030530409167831292
state: -0.0015339807878856412,-0.26231071472844464,0.07209709703062514,0.0,0.1856116753341626,-0.015339807878856412
goals: -0.03928886394772311,-0.24189611415856088,0.04332477219521393,-7.578581646963948e-05,0.19875106107887935,-0.03932315438638338
state: -0.006135923151542565,-0.26231071472844464,0.07056311624273949,0.0,0.1856116753341626,-0.023009711818284616
goals: -0.04804996199735658,-0.23614042760034096,0.036979333854979264,-7.408499656740346e-05,0.19934152026321025,-0.04808454310180571
state: -0.01687378866674205,-0.26231071472844464,0.06902913545485385,0.0,0.1856116753341626,-0.02761165418194154
goals: -0.05687278421723911,-0.2305000767712704,0.030789116328211987,-7.236480780971707e-05,0.19989208447791582,-0.056907664779116116
state: -0.02914563496982718,-0.260776733940559,0.06135923151542565,0.0,0.1856116753341626,-0.035281558121369745
goals: -0.06577285818010702,-0.22496605932834282,0.024742624871560696,-7.062226021683334e-05,0.20040524694416076,-0.06580804723255719
state: -0.039883500485026674,-0.25924275315267337,0.0521553467881118,0.0,0.18714565612204823,-0.03834951969714103
goals: -0.07461628995048802,-0.2196195608116006,0.018926467217209832,-6.88837512221744e-05,0.20087557500426387,-0.07465179148923166
state: -0.04601942363656923,-0.2500388684253595,0.04908738521234052,0.0,0.18714565612204823,-0.04295146206079795
goals: -0.0835623114167072,-0.21436293405206186,0.013232477667032356,-6.711813274319205e-05,0.20131359906136018,-0.08359813470647025
state: -0.05368932757599744,-0.23930100291016002,0.039883500485026674,0.0,0.18714565612204823,-0.047553404424454875
goals: -0.09253807846425398,-0.20923989598653805,0.007706490148309289,-6.533983592323481e-05,0.20171719634407986,-0.09257422988965638
state: -0.06442719309119693,-0.23623304133438874,0.032213596545598466,0.0,0.1902136176978195,-0.04908738521234052
goals: -0.10148112989130806,-0.2042836723441189,0.0023823413687527914,-6.356144473639158e-05,0.20208575132101106,-0.1015176131872193
state: -0.07363107781851078,-0.22856313739496054,0.02914563496982718,0.0,0.1902136176978195,-0.05062136600022616
goals: -0.11050910180906258,-0.19942808549528293,-0.0028127973223991106,-6.17597148162194e-05,0.20242592311000526,-0.11054592477072994
state: -0.08436894333371027,-0.22242721424341796,0.023009711818284616,0.0,0.1902136176978195,-0.0521553467881118
goals: -0.11957977660762768,-0.19469677270714156,-0.007855059123042159,-5.994314059888428e-05,0.20273747888861082,-0.11961694520768937
state: -0.09203884727313846,-0.2193592526676467,0.018407769454627694,0.0,0.1902136176978195,-0.06596117387908257
goals: -0.12864232375696985,-0.19011497345284303,-0.012719238189931759,-5.812206991295494e-05,0.20302044874420203,-0.128679841741135
state: -0.09817477042468103,-0.21475731030398976,0.01380582709097077,0.0,0.1902136176978195,-0.07976700097005335
goals: -0.13775092182327808,-0.18565416156569015,-0.017437247316206113,-5.62857811474335e-05,0.20327822268069454,-0.1377887947519936
state: -0.10737865515199488,-0.20708740636456155,0.007669903939428206,0.0,0.1902136176978195,-0.0966407896367954
goals: -0.14691083991094295,-0.18131211440062808,-0.022012838380643905,-5.443331921795381e-05,0.2035123299528042,-0.14694907332590343
state: -0.11811652066719437,-0.20248546400090464,0.0046019423636569235,0.0,0.1902136176978195,-0.10891263593988053
goals: -0.1560312019394237,-0.17713029415926002,-0.02640390683580257,-5.258325232717864e-05,0.20372212254808314,-0.15606979754502415
state: -0.1303883669702795,-0.19634954084936207,-0.0046019423636569235,0.0,0.1902136176978195,-0.11965050145508001
goals: -0.1652211764039332,-0.17305753424874534,-0.030665665713383496,-5.071360809695975e-05,0.2039116532931809,-0.16526014000220673
state: -0.13959225169759334,-0.1932815792735908,-0.009203884727313847,0.0,0.1902136176978195,-0.12732040539450823
goals: -0.1744399989816542,-0.1691124277280675,-0.0347799247441471,-4.883279160702979e-05,0.20408132230346945,-0.1744793345508382
state: -0.14726215563702155,-0.18714565612204823,-0.01227184630308513,0.0,0.1902136176978195,-0.1349903093339364
goals: -0.1836802890908388,-0.1652976046958947,-0.038745280488943726,-4.694246437674927e-05,0.20423235564180567,-0.18372000010725031
state: -0.15493205957644976,-0.18407769454627693,-0.018407769454627694,0.0,0.1902136176978195,-0.14419419406125028
goals: -0.19295388462175178,-0.16160780069838823,-0.04256848924868319,-4.504035783525646e-05,0.20436624560193117,-0.19299397485130576
state: -0.1641359443037636,-0.17947575218262002,-0.021475731030398976,0.0,0.1902136176978195,-0.15033011721279282
goals: -0.20226199107756462,-0.15804250422890706,-0.04625129503512132,-4.3126368712306814e-05,0.2044842245210215,-0.2023024641594028
state: -0.17487380981896308,-0.17487380981896308,-0.023009711818284616,0.0,0.1902136176978195,-0.1564660403643354
goals: -0.21157417159002073,-0.15461275442831013,-0.049783516150876436,-4.1206922720818045e-05,0.20458714815720516,-0.2116150297354273
state: -0.18407769454627693,-0.17027186745530618,-0.02761165418194154,0.0,0.1902136176978195,-0.15800002115222103
goals: -0.22086995324648429,-0.15132440562908087,-0.053160376700264536,-3.928644381043126e-05,0.20467609394895098,-0.22091119763937883
state: -0.1932815792735908,-0.16720390587953488,-0.032213596545598466,0.0,0.1902136176978195,-0.15800002115222103
goals: -0.23024033214356887,-0.14814518525096468,-0.05641610918084174,-3.7346286190716156e-05,0.20475302585974364,-0.23028196759973527
state: -0.20248546400090464,-0.16566992509164924,-0.035281558121369745,0.0,0.1902136176978195,-0.16106798272799233
goals: -0.23963476892294072,-0.14509309300957512,-0.05953327024638335,-3.539704169190428e-05,0.2048184976761465,-0.23967679801968625
state: -0.21168934872821848,-0.1641359443037636,-0.039883500485026674,0.0,0.1902136176978195,-0.16260196351587797
goals: -0.24904461444522258,-0.1421705400081445,-0.06251043272711196,-3.344067425636131e-05,0.2048734928132288,-0.24908703926085513
state: -0.22242721424341796,-0.15800002115222103,-0.04141748127291231,0.0,0.1902136176978195,-0.17794177139473438
goals: -0.2584519183308362,-0.1393821972891051,-0.06534385653498466,-3.1481101319905556e-05,0.20491894141878209,-0.2584947400558205
state: -0.23316507975861744,-0.15033011721279282,-0.04601942363656923,0.0,0.1902136176978195,-0.1978835216372477
goals: -0.2678113903280009,-0.13673932670510525,-0.06802312671794741,-2.9527976628425677e-05,0.20495568873470932,-0.26785460810700046
state: -0.24236896448593132,-0.14726215563702155,-0.047553404424454875,0.0,0.1902136176978195,-0.21782527187976106
goals: -0.2772909722252848,-0.13419495342148646,-0.07059672338168706,-2.7546405851657545e-05,0.20498524603372184,-0.2773345922055561
state: -0.24850488763747386,-0.14726215563702155,-0.0521553467881118,0.0,0.1902136176978195,-0.2316310989707318
goals: -0.2867772511664784,-0.13178117950811433,-0.0730329428594126,-2.5560220482013563e-05,0.20500800732525493,-0.2868212745954547
state: -0.2561747915769021,-0.14266021327336462,-0.05368932757599744,0.0,0.1902136176978195,-0.24083498369804565
goals: -0.29630664564777204,-0.12948881661934947,-0.07534186458248152,-2.3561963593579837e-05,0.20502486473327117,-0.29635107522720516
state: -0.2684466378799872,-0.13959225169759334,-0.05829126993965436,0.0,0.1902136176978195,-0.25310683000113077
goals: -0.3057948271621663,-0.12733728287265877,-0.07750472328302119,-2.1569508920264474e-05,0.20503646843354253,-0.3058396619063196
state: -0.2791845033951867,-0.1380582709097077,-0.06289321230331128,0.0,0.1902136176978195,-0.26231071472844464
goals: -0.31525729908640976,-0.12532084873450555,-0.0795280644808963,-1.9579819406184882e-05,0.20504363503763373,-0.3153025385781222
state: -0.28838838812250056,-0.13345632854605077,-0.06135923151542565,0.0,0.1902136176978195,-0.2715145994557585
goals: -0.32477694728350764,-0.12342170411736379,-0.08143043467824118,-1.7575642326637067e-05,0.20504710311864302,-0.3248225945754606
state: -0.29605829206192874,-0.13192234775816514,-0.06596117387908257,0.0,0.1902136176978195,-0.2807184841830723
goals: -0.33426677882578476,-0.12165703930686259,-0.08319524486731525,-1.5575469014751752e-05,0.20504747163503084,-0.3343128331745244
state: -0.3052621767892426,-0.13192234775816514,-0.06902913545485385,0.0,0.1902136176978195,-0.2899223689103862
goals: -0.343887466751968,-0.11999833744415758,-0.0848515787900368,-1.354558907704172e-05,0.20504531092962222,-0.3439339342466993
state: -0.3144660615165564,-0.13192234775816514,-0.07056311624273949,0.0,0.1902136176978195,-0.30066023442558565
goals: -0.35345722271432045,-0.11847792137441622,-0.08636769232267867,-1.152452195234412e-05,0.2050411955528334,-0.35350410158146134
state: -0.32673790781964157,-0.13192234775816514,-0.07209709703062514,0.0,0.1902136176978195,-0.31139809994078516
goals: -0.3630542397521157,-0.1170822987196787,-0.08775757040053214,-9.495951232105523e-06,0.20503561964401204,-0.36310153152067454
state: -0.3374757733348411,-0.1303883669702795,-0.07209709703062514,0.0,0.1902136176978195,-0.32213596545598466
goals: -0.3726467002187492,-0.11581601650543703,-0.08901715346551561,-7.466785594345676e-06,0.20502907002827525,-0.3726944049977534
state: -0.3436116964863836,-0.1303883669702795,-0.07363107781851078,0.0,0.1902136176978195,-0.3328738309711841
goals: -0.3797296185730188,-0.11496329052799889,-0.08986457101514568,-5.967593275631299e-06,0.20502385977952492,-0.37977762847973373
state: -0.3512816004258118,-0.12578642460662257,-0.07516505860639641,0.0,0.1902136176978195,-0.342077715698498
goals: -0.37877941031973167,-0.11392760047824833,-0.09089294117777305,-6.168745705856102e-06,0.20501652738964302,-0.3788273793643871
state: -0.3604854851531257,-0.11965050145508001,-0.07516505860639641,0.0,0.1902136176978195,-0.34974761963792617
goals: -0.3707614088849914,-0.10960523853099982,-0.09517451751372664,-7.865605074486988e-06,0.20497562857922333,-0.3708090331084136
state: -0.3620194659410113,-0.11811652066719437,-0.07669903939428206,0.0,0.1902136176978195,-0.35588354278946877
goals: -0.3614509500810039,-0.10472479801725113,-0.09998909967145646,-9.834663432033518e-06,0.20490962206801927,-0.36149817458376216
state: -0.3620194659410113,-0.11658253987930872,-0.08283496254582462,0.0,0.1902136176978195,-0.35895150436524004
goals: -0.3521123708831122,-0.09997727527922409,-0.10465240173348307,-1.180805709577983e-05,0.20482523476455222,-0.3521591953157018
state: -0.3620194659410113,-0.11044661672776616,-0.09050486648525283,0.0,0.1902136176978195,-0.35895150436524004
goals: -0.34272199395188174,-0.09535047827658553,-0.10917799603148626,-1.3790579246403074e-05,0.20472384632002935,-0.3427684170748837
state: -0.3604854851531257,-0.10277671278833796,-0.09357282806102411,0.0,0.1902136176978195,-0.3574175235773544
goals: -0.3332931692611633,-0.09085112139021449,-0.11356083572971734,-1.577919606493282e-05,0.20460712429689462,-0.3333391905212653
state: -0.3574175235773544,-0.0966407896367954,-0.09817477042468103,0.0,0.1902136176978195,-0.34974761963792617
goals: -0.3238649978181614,-0.0864968344560622,-0.11778537012775968,-1.77654614117356e-05,0.2044771485877702,-0.32391061842428553
state: -0.3528155812136975,-0.09510680884890975,-0.10124273200045232,0.0,0.1902136176978195,-0.3436116964863836
goals: -0.3143904933510243,-0.08226511498127348,-0.1218749796549721,-1.9759071686912047e-05,0.20433479590504117,-0.31443571260178815
state: -0.3466796580621549,-0.08743690490948154,-0.10737865515199488,0.0,0.1902136176978195,-0.3390097541227267
goals: -0.3048615669396477,-0.07815288453597592,-0.12583399555395702,-2.1761503398236087e-05,0.20418131857872107,-0.30490638387888214
state: -0.33594179254695544,-0.08130098175793898,-0.11044661672776616,0.0,0.1902136176978195,-0.33594179254695544
goals: -0.2953708043687213,-0.07419875596710651,-0.12962675218474978,-2.3753109791757565e-05,0.20401966634621424,-0.2954152220091047
state: -0.32520392703175593,-0.0782330201821677,-0.11504855909142309,0.0,0.1902136176978195,-0.32980586939541284
goals: -0.28577770413421943,-0.07034398155164033,-0.13331095495478965,-2.576316110085076e-05,0.2038487925793462,-0.28582171963860686
state: -0.3175340230923277,-0.07516505860639641,-0.11811652066719437,0.0,0.1902136176978195,-0.32520392703175593
goals: -0.2761836801070524,-0.06663003076776815,-0.13684819069683984,-2.777017455536149e-05,0.2036717565054188,-0.276227294951042
state: -0.3083301383650139,-0.07209709703062514,-0.12118448224296566,0.0,0.1902136176978195,-0.3175340230923277
goals: -0.2666163681628115,-0.06306552282254874,-0.14023167632188996,-2.976820008610222e-05,0.20349039527285087,-0.2666595849985149
state: -0.29605829206192874,-0.06902913545485385,-0.12732040539450823,0.0,0.1902136176978195,-0.3083301383650139
goals: -0.2569962625834706,-0.05961994860697525,-0.14349164195425113,-3.1773646657751505e-05,0.20330442703635412,-0.25703908078181337
state: -0.2868544073346149,-0.06596117387908257,-0.12732040539450823,0.0,0.1902136176978195,-0.2975922728498144
goals: -0.24729858678958042,-0.056285877339198195,-0.14663616836598267,-3.379142261076596e-05,0.20311450050614407,-0.24734100473934387
state: -0.2791845033951867,-0.059825250727540004,-0.12885438618239387,0.0,0.1902136176978195,-0.28838838812250056
goals: -0.23760542652880423,-0.05309174555683553,-0.149639542589916,-3.580422333834646e-05,0.2029233423052219,-0.23764744602945118
state: -0.2699806186678728,-0.05368932757599744,-0.1380582709097077,0.0,0.1902136176978195,-0.2791845033951867
goals: -0.22794000190113817,-0.05004325772192051,-0.15249760487824116,-3.7807066907740794e-05,0.20273249823855075,-0.22798162569656552
state: -0.2561747915769021,-0.05368932757599744,-0.14112623248547898,0.0,0.1902136176978195,-0.2699806186678728
goals: -0.2182297923753986,-0.04711668557753362,-0.1552336821475364,-3.9814790452309776e-05,0.2025415638152764,-0.21827102023600317
state: -0.24697090684958822,-0.05062136600022616,-0.14572817484913592,0.0,0.1902136176978195,-0.260776733940559
goals: -0.20843910671106794,-0.04430274687931879,-0.15785736014766188,-4.183450704257567e-05,0.2023508405963107,-0.20847993696819317
state: -0.23930100291016002,-0.044485442848683596,-0.14726215563702155,0.0,0.1902136176978195,-0.2500388684253595
goals: -0.19864382649554202,-0.04162391795695403,-0.16034860045556007,-4.3850321308655194e-05,0.2021627698654572,-0.19868426056248312
state: -0.23009711818284617,-0.044485442848683596,-0.1487961364249072,0.0,0.1902136176978195,-0.24083498369804565
goals: -0.1888749384763773,-0.03908716709870873,-0.1627019016189265,-4.5855692980754025e-05,0.20197882009439844,-0.18891497898876725
state: -0.2193592526676467,-0.04295146206079795,-0.1518640980006785,0.0,0.1902136176978195,-0.2316310989707318
goals: -0.17907719540400854,-0.03667720803790544,-0.16493234569986825,-4.7861782467490434e-05,0.20179878429068063,-0.17911684274208345
state: -0.21015536794033285,-0.03834951969714103,-0.15493205957644976,0.0,0.1902136176978195,-0.22242721424341796
goals: -0.16930829848331944,-0.03440730647277978,-0.1670285012814781,-4.985659836442314e-05,0.20162449985193837,-0.16934755530861909
state: -0.19941750242513334,-0.0337475773334841,-0.15493205957644976,0.0,0.1902136176978195,-0.21322332951610412
goals: -0.15943499842843906,-0.032247147977190097,-0.16901911330239133,-5.186710929968639e-05,0.20145438977694693,-0.15947386205473896
state: -0.18867963690993386,-0.0337475773334841,-0.15800002115222103,0.0,0.1902136176978195,-0.20248546400090464
goals: -0.1495208489029024,-0.0302127738899128,-0.1708900675186259,-5.38800679986544e-05,0.2012903844120274,-0.14955931916575071
state: -0.18100973297050565,-0.032213596545598466,-0.16106798272799233,0.0,0.1902136176978195,-0.1932815792735908
goals: -0.13965532804153497,-0.028321585512168727,-0.17262607922812379,-5.587713525996872e-05,0.2011346057226477,-0.13969340827986204
state: -0.17027186745530618,-0.030679615757712823,-0.16106798272799233,0.0,0.1902136176978195,-0.1856116753341626
goals: -0.12978508277465886,-0.02656174989705494,-0.17423869487421684,-5.7868972958609644e-05,0.20098676413576624,-0.1298227741617027
state: -0.15800002115222103,-0.02914563496982718,-0.1641359443037636,0.0,0.1902136176978195,-0.17487380981896308
goals: -0.11991351633396963,-0.02493331276668326,-0.1757284810184775,-5.985471220608704e-05,0.20084747219343038,-0.11995082012927476
state: -0.14726215563702155,-0.02914563496982718,-0.16566992509164924,0.0,0.1902136176978195,-0.16720390587953488
goals: -0.11000375167582728,-0.02343035876370606,-0.17710140002534183,-6.184155546284673e-05,0.20071677445516448,-0.1100406676482415
state: -0.14112623248547898,-0.0260776733940559,-0.16566992509164924,0.0,0.1902136176978195,-0.15339807878856412
goals: -0.10015543150671079,-0.02206697361693621,-0.17834510682844046,-6.380937283353198e-05,0.20059641837871936,-0.10019196326900541
state: -0.13192234775816514,-0.023009711818284616,-0.16873788666742054,0.0,0.1902136176978195,-0.14112623248547898
goals: -0.0902020268366396,-0.020820442448662095,-0.17948078434232576,-6.579121733422196e-05,0.2004848604814376,-0.0902381714602808
state: -0.11965050145508001,-0.023009711818284616,-0.17027186745530618,0.0,0.1902136176978195,-0.12885438618239387
goals: -0.08023264594679286,-0.01970385129987742,-0.18049691278720148,-6.776904077688368e-05,0.20038367304637483,-0.0802684039373607
state: -0.11044661672776616,-0.021475731030398976,-0.17027186745530618,0.0,0.1902136176978195,-0.11965050145508001
goals: -0.0702746104433827,-0.01871993030996864,-0.18139139238868676,-6.973723951203134e-05,0.20029348848234635,-0.07030998331384686
state: -0.10124273200045232,-0.021475731030398976,-0.17027186745530618,0.0,0.1902136176978195,-0.11044661672776616
goals: -0.06027445412562581,-0.017863632846768552,-0.18216914778816565,-7.170616781713755e-05,0.2002141807925655,-0.06030944127352009
state: -0.09050486648525283,-0.021475731030398976,-0.17487380981896308,0.0,0.1902136176978195,-0.09970875121256667
goals: -0.050309600731863045,-0.01714138740978244,-0.1828246335558503,-7.366039688500535e-05,0.20014663903212437,-0.050344204490702676
state: -0.08130098175793898,-0.019941750242513337,-0.17487380981896308,0.0,0.1902136176978195,-0.09050486648525283
goals: -0.04032635422936894,-0.01654869872485164,-0.18336217985388548,-7.56102989722311e-05,0.20009069400062468,-0.04036057481445146
state: -0.07056311624273949,-0.019941750242513337,-0.17487380981896308,0.0,0.1902136176978195,-0.08436894333371027
goals: -0.03032675401860651,-0.016086145944718706,-0.18378146321214586,-7.755525648739462e-05,0.20004660152492887,-0.030360591680266447
state: -0.059825250727540004,-0.018407769454627694,-0.17487380981896308,0.0,0.1902136176978195,-0.08436894333371027
goals: -0.020357257418832736,-0.015755429628027808,-0.18408110101168554,-7.948607344955987e-05,0.20001468349011664,-0.02039071413910079
state: -0.04908738521234052,-0.018407769454627694,-0.17487380981896308,0.0,0.1902136176978195,-0.07363107781851078
goals: -0.010357008576193219,-0.015554422668112137,-0.18426313419775692,-8.141435762895561e-05,0.1999948486915743,-0.010390083968996272
state: -0.04295146206079795,-0.018407769454627694,-0.17487380981896308,0.0,0.1902136176978195,-0.06289321230331128
goals: -0.0003862553313753953,-0.015484279412338061,-0.1843265859852818,-8.332831425790869e-05,0.19998727996164797,-0.00041895126860825275
state: -0.032213596545598466,-0.018407769454627694,-0.17794177139473438,0.0,0.1902136176978195,-0.047553404424454875
goals: 0.009614600898996538,-0.015544572533145954,-0.18427186704185441,-8.523920559217402e-05,0.19999195548172238,0.009582284849520641
state: -0.021475731030398976,-0.018407769454627694,-0.17947575218262002,0.0,0.1902136176978195,-0.032213596545598466
goals: 0.019600085154065337,-0.01573533666923804,-0.18409892579626605,-8.713814670149441e-05,0.20000886245403024,0.019568147727565616
state: -0.010737865515199488,-0.018407769454627694,-0.17947575218262002,0.0,0.1902136176978195,-0.019941750242513337
goals: 0.02956493607518668,-0.016055839760411243,-0.18380836058435415,-8.902400981606427e-05,0.20003786782823152,0.02953337583849814
state: -0.0015339807878856412,-0.018407769454627694,-0.17947575218262002,0.0,0.1902136176978195,-0.009203884727313847
goals: 0.0395432103235384,-0.016507152889015313,-0.18339909072709892,-9.090307463131988e-05,0.200078958934177,0.03951202715596372
state: 0.009203884727313847,-0.018407769454627694,-0.17794177139473438,0.0,0.1902136176978195,0.0015339807878856412
goals: 0.04954421427786881,-0.017090577899059687,-0.18286978005803217,-9.277686617850785e-05,0.20013210055635264,0.04951340842443668
state: 0.018407769454627694,-0.018407769454627694,-0.17947575218262002,0.0,0.1902136176978195,0.01227184630308513
goals: 0.059499100519072125,-0.01780186513288621,-0.18222408552163755,-9.46323424683694e-05,0.20019670683781948,0.059468669641205237
state: 0.030679615757712823,-0.018407769454627694,-0.17947575218262002,0.0,0.1902136176978195,0.021475731030398976
goals: 0.06950181876880884,-0.018648024710967243,-0.1814553975146386,-9.648683579602344e-05,0.20027316908161946,0.0694717640723418
state: 0.04141748127291231,-0.018407769454627694,-0.17947575218262002,0.0,0.1902136176978195,0.032213596545598466
goals: 0.07947087989047717,-0.01962277689276966,-0.18056912898432653,-9.832503955510826e-05,0.20036062877699554,0.07944119951442678
state: 0.04908738521234052,-0.018407769454627694,-0.17947575218262002,0.0,0.1902136176978195,0.04141748127291231
goals: 0.08942156763315214,-0.02072695139659307,-0.17956419526257253,-0.0001001496749613952,0.20045882964778394,0.08939226028733673
state: 0.05829126993965436,-0.018407769454627694,-0.17947575218262002,0.0,0.1902136176978195,0.05062136600022616
goals: 0.0994193274764501,-0.021968803865314235,-0.17843269458105981,-0.0001019725208665539,0.2005681187556264,0.0993903943062794
state: 0.06902913545485385,-0.018407769454627694,-0.17947575218262002,0.0,0.1902136176978195,0.06135923151542565
goals: 0.10941231070830543,-0.023343211465151927,-0.17717885452419482,-0.00010378387936130469,0.20068760635507504,0.10938375089164139
state: 0.0782330201821677,-0.018407769454627694,-0.17947575218262002,0.0,0.1902136176978195,0.07056311624273949
goals: 0.11940332649638229,-0.024850962745041526,-0.17580147543835006,-0.00010558409070503434,0.20081688116295549,0.11937513928515037
state: 0.08743690490948154,-0.018407769454627694,-0.17794177139473438,0.0,0.1902136176978195,0.08130098175793898
goals: 0.12937105380321717,-0.026488917273081006,-0.1743029042902734,-0.0001073691749570583,0.20095515223190036,0.12934323761657074
state: 0.0966407896367954,-0.018407769454627694,-0.17947575218262002,0.0,0.1902136176978195,0.09050486648525283
goals: 0.13934677123025405,-0.028262538829169615,-0.17267756915865065,-0.00010914457956612789,0.20110230808182766,0.139319325603849
state: 0.10737865515199488,-0.018407769454627694,-0.17947575218262002,0.0,0.1902136176978195,0.10124273200045232
goals: 0.14934028843855865,-0.03017479534390049,-0.17092210992034662,-0.00011091182549957172,0.20125795545296105,0.14931321321002836
state: 0.11811652066719437,-0.018407769454627694,-0.17947575218262002,0.0,0.1902136176978195,0.11044661672776616
goals: 0.15933305456635996,-0.032223236751588155,-0.16903808458085612,-0.00011266742087501198,0.20142120449020787,0.15930634881379405
state: 0.1303883669702795,-0.018407769454627694,-0.17947575218262002,0.0,0.1902136176978195,0.12118448224296566
goals: 0.16931821261013594,-0.03440709419564786,-0.16702546808625562,-0.00011440999242877533,0.20159126222226456,0.16929187507853233
state: 0.13959225169759334,-0.018407769454627694,-0.17947575218262002,0.0,0.1902136176978195,0.13192234775816514
goals: 0.17929999073569902,-0.036727937459265135,-0.16488203007181704,-0.0001161401129725553,0.20176746771248583,0.17927402023554137
state: 0.14726215563702155,-0.018407769454627694,-0.17794177139473438,0.0,0.1902136176978195,0.14112623248547898
goals: 0.1892549816238702,-0.03918063225406631,-0.16261169060492886,-0.00011785359402925783,0.20194860974825746,0.18922937600625447
state: 0.15800002115222103,-0.018407769454627694,-0.17794177139473438,0.0,0.1902136176978195,0.1518640980006785
goals: 0.1991935964697358,-0.04176782125199107,-0.1602111422492837,-0.00011955212131764711,0.20213402252606383,0.19916835385963969
state: 0.16873788666742054,-0.018407769454627694,-0.17947575218262002,0.0,0.1902136176978195,0.16106798272799233
goals: 0.20896998109667095,-0.04444883906159407,-0.1577173412402855,-0.00012121091257563993,0.20232001547074416,0.2089450942016523
state: 0.17794177139473438,-0.018407769454627694,-0.17794177139473438,0.0,0.1902136176978195,0.17027186745530618
goals: 0.2187492111660019,-0.04726669805706781,-0.1550894579163637,-0.00012285809001169726,0.2025087511384828,0.21872467859778352
state: 0.18714565612204823,-0.019941750242513337,-0.17794177139473438,0.0,0.1902136176978195,0.18100973297050565
goals: 0.22842267407641037,-0.05018905207740409,-0.15235676337074872,-0.00012447537333925906,0.20269716859866865,0.22839849038973165
state: 0.19634954084936207,-0.02454369260617026,-0.17794177139473438,0.0,0.1902136176978195,0.1902136176978195
goals: 0.23814923495362333,-0.05326395412205003,-0.14947332543285832,-0.00012608924265324943,0.2028873685262242,0.23812540028697562
state: 0.2055534255766759,-0.0260776733940559,-0.17640779060684875,0.0,0.1902136176978195,0.200951483213019
goals: 0.2478222223084185,-0.05645887860420292,-0.1464685413697799,-0.00012768182126085656,0.20307623658561616,0.24779873280114698
state: 0.2162912910918754,-0.02914563496982718,-0.1718058482431918,0.0015339807878856412,0.1902136176978195,0.21015536794033285
goals: 0.25752440290333617,-0.059801940618305544,-0.14331483256649696,-0.00012926660051082204,0.2032642985450479,0.25750125746836866
state: 0.22549517581918926,-0.035281558121369745,-0.16566992509164924,0.0,0.1902136176978195,0.2193592526676467
goals: 0.2671367686635023,-0.06325215613681294,-0.14004973830176198,-0.00013082407991432224,0.203448125755698,0.2671139618143791
state: 0.23316507975861744,-0.03834951969714103,-0.1641359443037636,0.0015339807878856412,0.1902136176978195,0.23009711818284617
goals: 0.27671431874253455,-0.06682796608490818,-0.13665474250609067,-0.00013236323592244462,0.20362763607434445,0.2766918467627781
state: 0.24390294527381695,-0.044485442848683596,-0.15800002115222103,0.0,0.1902136176978195,0.24083498369804565
goals: 0.2862885633800399,-0.07054176120068471,-0.1331168313870319,-0.00013388902604348417,0.2038022023620404,0.28626642344286973
state: 0.25310683000113077,-0.047553404424454875,-0.15493205957644976,0.0,0.1902136176978195,0.24850488763747386
goals: 0.295880570235392,-0.07440353403343733,-0.1294250796974638,-0.00013540459578597372,0.2039708891112876,0.2958587599947527
state: 0.26231071472844464,-0.0521553467881118,-0.1518640980006785,0.0,0.1902136176978195,0.2561747915769021
goals: 0.30538656715873896,-0.07837158258316591,-0.12561805668605705,-0.00013689350308498705,0.20413057827821834,0.30536508047533667
state: 0.27304858024364415,-0.059825250727540004,-0.14726215563702155,0.0,0.1902136176978195,0.260776733940559
goals: 0.31486567173050706,-0.08246970098420119,-0.12167168897903875,-0.00013836505610241245,0.20428098268125186,0.31484450426147126
state: 0.2807184841830723,-0.06135923151542565,-0.14419419406125028,0.0,0.1902136176978195,0.2684466378799872
goals: 0.3243707236111905,-0.08672240900483465,-0.11756081726229689,-0.000139827273674437,0.20442145539433418,0.32434987250282715
state: 0.2899223689103862,-0.06596117387908257,-0.14112623248547898,0.0015339807878856412,0.1902136176978195,0.2791845033951867
goals: 0.3337848462973147,-0.09107771724354649,-0.11333425218559436,-0.0001412621249871586,0.20454883469182522,0.33376430453837874
state: 0.3021942152134713,-0.07363107781851078,-0.1349903093339364,0.0,0.1902136176978195,0.29145634969827183
goals: 0.3432156055171671,-0.09558552137994929,-0.10894209583194947,-0.00014268597475346263,0.20466310303276278,0.3431953693544468
state: 0.31139809994078516,-0.07669903939428206,-0.13192234775816514,0.0,0.1902136176978195,0.3021942152134713
goals: 0.3525909531381687,-0.10021239138826227,-0.10441530225153653,-0.00014408783877130582,0.20476179518225962,0.3525710161699077
state: 0.320601984668099,-0.08436894333371027,-0.1303883669702795,0.0,0.1902136176978195,0.3129320807286708
goals: 0.3619275892247825,-0.10496634412336943,-0.09974451801167475,-0.0001454702284299316,0.20484357241237305,0.3619079452941807
state: 0.32673790781964157,-0.08743690490948154,-0.12732040539450823,0.0,0.1902136176978195,0.3236699462438703
goals: 0.37124401297012793,-0.10985746439992074,-0.0949181677111924,-0.00014683581910567025,0.20490694162021936,0.37122465617151895
state: 0.33594179254695544,-0.09357282806102411,-0.1119805975156518,0.0,0.1902136176978195,0.33440781175906975
goals: 0.37902680279208556,-0.11405787903821868,-0.09075653977903463,-0.00014796589844989343,0.20494454865229045,0.37900768153554437
state: 0.3466796580621549,-0.0966407896367954,-0.11044661672776616,0.0,0.1902136176978195,0.3436116964863836
goals: 0.3796077244693641,-0.11498409209210135,-0.08983680492598177,-0.00014805001262207149,0.20495093847906448,0.379588621281477
state: 0.35434956200158313,-0.10124273200045232,-0.11044661672776616,0.0015339807878856412,0.1902136176978195,0.34974761963792617
goals: 0.37222511906871225,-0.1158757871472459,-0.08895076052942166,-0.00014698046377789828,0.20495770916055073,0.37220579919098545
state: 0.35588354278946877,-0.10277671278833796,-0.10737865515199488,0.0,0.1902136176978195,0.35434956200158313
goals: 0.3626728148941923,-0.11714225275499236,-0.0876910986001074,-0.0001455840785499575,0.204965950501003,0.3626532120047069
state: 0.35588354278946877,-0.1043106935762236,-0.1043106935762236,0.0,0.1902136176978195,0.35434956200158313
goals: 0.35304006342570965,-0.1185485887256879,-0.08629064287932348,-0.00014416175844493816,0.20497326722850326,0.3530201720931391
goals: 0.34348251363627796,-0.12007272659306593,-0.08477089237393141,-0.0001427365889663712,0.2049790665294358,0.3434623330467985
state: 0.35434956200158313,-0.10584467436410924,-0.1043106935762236,0.0,0.1902136176978195,0.35434956200158313
goals: 0.33389400833279576,-0.12173129221855675,-0.08311475859353173,-0.00014129295430315945,0.20498290141988143,0.333873534436708
state: 0.3528155812136975,-0.10737865515199488,-0.10277671278833796,0.0,0.1902136176978195,0.3512816004258118
goals: 0.3242794084696896,-0.12352524240716235,-0.08132069390443163,-0.00013983158131834062,0.20498418011081396,0.3242586372902457
state: 0.34821363885004053,-0.10891263593988053,-0.09817477042468103,0.0,0.1902136176978195,0.34514567727426926
goals: 0.3146741058912516,-0.12544902905738975,-0.07939361762946896,-0.0001383579310047629,0.2049822685299956,0.3146530344860149
state: 0.34054373491061235,-0.11044661672776616,-0.09817477042468103,0.0,0.1902136176978195,0.34054373491061235
goals: 0.3051022468216445,-0.12749768542400353,-0.07733785753933713,-0.00013687591860576977,0.20497652420525672,0.30508087297051445
state: 0.3313398501832985,-0.11351457830353745,-0.0966407896367954,0.0,0.1902136176978195,0.33440781175906975
goals: 0.2954922722839181,-0.12968745001442958,-0.07513639568299485,-0.00013537457332050498,0.20496617771893935,0.2954705914459682
state: 0.32213596545598466,-0.11658253987930872,-0.09050486648525283,0.0,0.1902136176978195,0.3282718886075272
goals: 0.2859002448574577,-0.13200683827944157,-0.07279999501709508,-0.0001338627317911507,0.20495049943016594,0.2858782542127305
state: 0.3098641191528995,-0.11658253987930872,-0.08743690490948154,0.0015339807878856412,0.1902136176978195,0.320601984668099
goals: 0.2763096797976618,-0.13446036425276223,-0.07032329859556971,-0.00013233795695669618,0.2049286486394417,0.2762873759424475
state: 0.3021942152134713,-0.12425244381873693,-0.08743690490948154,0.0,0.1902136176978195,0.3129320807286708
goals: 0.26673931338081786,-0.13704376542232732,-0.06770975310572004,-0.00013080339371130388,0.20489980687167578,0.2667166934719092
state: 0.2945243112740431,-0.12732040539450823,-0.08283496254582462,0.0,0.1902136176978195,0.303728196001357
goals: 0.2571376304279834,-0.13977224750350267,-0.06494303387248992,-0.00012925088100964983,0.2048628620327697,0.25711468984962665
state: 0.2837864457588436,-0.12885438618239387,-0.08130098175793898,0.0,0.1902136176978195,0.29605829206192874
goals: 0.24755596396178464,-0.14263258175662433,-0.06203555770486893,-0.0001276888196776043,0.20481699513930307,0.24753269974021722
state: 0.27304858024364415,-0.13345632854605077,-0.07976700097005335,0.0,0.1902136176978195,0.2899223689103862
goals: 0.23813737454518485,-0.14557929967832298,-0.05903272167229205,-0.00012614101621849435,0.20476211602221697,0.2381137885774535
state: 0.2653786763042159,-0.1349903093339364,-0.07516505860639641,0.0,0.1902136176978195,0.28838838812250056
goals: 0.22876400648446157,-0.14864599975020426,-0.05589948123505031,-0.00012458862850129576,0.20469679449089698,0.22874009669682516
state: 0.2561747915769021,-0.1380582709097077,-0.07363107781851078,0.0,0.1902136176978195,0.2791845033951867
goals: 0.21942326938154877,-0.15183637019539378,-0.05263108060180447,-0.0001230298380793857,0.20461996468431826,0.21939903324693932
state: 0.2454369260617026,-0.14112623248547898,-0.07363107781851078,0.0,0.1902136176978195,0.27765052260730105
goals: 0.2101213827748459,-0.15514803549489414,-0.049228921558938994,-0.00012146593517168158,0.20453065212933333,0.21009681796280463
state: 0.23623304133438874,-0.14726215563702155,-0.06289321230331128,0.0,0.1902136176978195,0.27304858024364415
goals: 0.20078993530300707,-0.15860651268251857,-0.045665614189843044,-0.00011988555325959385,0.20442699254819388,0.20076503700890533
state: 0.2270291566070749,-0.15033011721279282,-0.06135923151542565,0.0,0.1902136176978195,0.25157284921324513
goals: 0.19150400472260978,-0.16218504015502674,-0.04196751686665919,-0.00011830155610807702,0.20430857322802226,0.19147877077352374
state: 0.2193592526676467,-0.15339807878856412,-0.056757289151768725,0.0,0.1902136176978195,0.2346990605465031
goals: 0.18220301080661822,-0.165907793918288,-0.03810839469726158,-0.00011670378454662237,0.20417334275837398,0.18217743679803344
state: 0.21015536794033285,-0.1564660403643354,-0.0521553467881118,0.0,0.1902136176978195,0.22089323345553233
goals: 0.17300251855899268,-0.1697281555808786,-0.03413539215981564,-0.00011511236353340441,0.20402181318934126,0.17297660430691889
state: 0.19941750242513334,-0.16106798272799233,-0.04908738521234052,0.0,0.1902136176978195,0.21015536794033285
goals: 0.1637874608157603,-0.17369357761019058,-0.0299979353206648,-0.00011350766230112861,0.20385087705990126,0.16376120187924034
state: 0.1902136176978195,-0.1641359443037636,-0.044485442848683596,0.0,0.1902136176978195,0.200951483213019
goals: 0.15459483405545238,-0.17778964099318847,-0.025709630739270545,-0.00011189625690443478,0.20365971743084313,0.15456822732875816
state: 0.1825437137583913,-0.16873788666742054,-0.04295146206079795,0.0,0.1902136176978195,0.1902136176978195
goals: 0.14546787601122016,-0.18199680537536517,-0.021289635558451467,-0.0001102859982354909,0.20344794611973196,0.14544092003043296
state: 0.17487380981896308,-0.17333982903107745,-0.035281558121369745,0.0,0.1902136176978195,0.18100973297050565
goals: 0.13633166103540229,-0.18635012969561,-0.016699689677311797,-0.00010866388317376951,0.2032123707054729,0.13630435145808795
state: 0.16260196351587797,-0.17947575218262002,-0.02914563496982718,0.0,0.1902136176978195,0.1718058482431918
goals: 0.1271973127164397,-0.19084636742344682,-0.0119415650208576,-0.0001070319973894628,0.20295151520561167,0.12716964558161387
state: 0.1518640980006785,-0.18407769454627693,-0.02761165418194154,0.0,0.1902136176978195,0.16260196351587797
goals: 0.1181338590165746,-0.19545179252531478,-0.007049468777744896,-0.00010540291508295345,0.20266585306827778,0.11810583307250824
state: 0.14572817484913592,-0.18867963690993386,-0.021475731030398976,0.0,0.1902136176978195,0.15339807878856412
goals: 0.10909976897682383,-0.20018715777622798,-0.0019999117413758284,-0.00010376945670006853,0.2023526526410558,0.10907138135759072
state: 0.1380582709097077,-0.19481556006147643,-0.018407769454627694,0.0,0.1902136176978195,0.14419419406125028
goals: 0.10008581011526486,-0.2050582247406265,0.0032148970140727495,-0.00010213015506869396,0.20200988561281571,0.10005705758606978
state: 0.1303883669702795,-0.19941750242513334,-0.010737865515199488,0.0,0.1902136176978195,0.1349903093339364
goals: 0.0911284111839226,-0.21004562030895288,0.00857581811467124,-0.00010049187945569807,0.20163731441379382,0.09109929200880705
state: 0.1227184630308513,-0.20401944478879028,-0.0046019423636569235,0.0,0.1902136176978195,0.12732040539450823
goals: 0.08216282971405335,-0.21518647980302624,0.014124528610399284,-9.88429882609993e-05,0.20123040425240138,0.08213333951691981
state: 0.1119805975156518,-0.20708740636456155,0.0,0.0,0.1902136176978195,0.11811652066719437
goals: 0.07322796823205129,-0.22046030330542116,0.01984081930108462,-9.719079636167908e-05,0.20078886030785403,0.07319810424455749
state: 0.10124273200045232,-0.2162912910918754,0.006135923151542565,0.0,0.1902136176978195,0.10737865515199488
goals: 0.06435747210729273,-0.22584727797753149,0.025704899466843116,-9.55417938401463e-05,0.20031265714069416,0.06432723302133087
state: 0.09203884727313846,-0.2193592526676467,0.010737865515199488,0.0,0.1902136176978195,0.09817477042468103
goals: 0.05549174130901955,-0.23138438119853397,0.03175886740699939,-9.388512993585365e-05,0.19979667998819448,0.05546112333713169
state: 0.08436894333371027,-0.2270291566070749,0.01687378866674205,0.0,0.1902136176978195,0.08897088569736719
goals: 0.04667493482209437,-0.2370452651209897,0.03797587602275424,-9.222926248254693e-05,0.19924142374217058,0.046643936101149974
state: 0.0782330201821677,-0.23009711818284617,0.019941750242513337,0.0,0.1902136176978195,0.08130098175793898
goals: 0.03792269345561795,-0.242819631073109,0.04434634764426165,-9.057741753468866e-05,0.1986461660664723,0.03789131288117907
state: 0.0674951546669682,-0.23776702212227438,0.032213596545598466,0.0,0.1902136176978195,0.07209709703062514
goals: 0.029138193438023336,-0.2487733415137275,0.05094513572131263,-8.891149662679427e-05,0.19800192536351072,0.029106425717198348
state: 0.05522330836388308,-0.24390294527381695,0.03834951969714103,0.0,0.1902136176978195,0.06289321230331128
goals: 0.020429499725868123,-0.2548349127016346,0.057695203738623003,-8.72521843375411e-05,0.19731424415352722,0.02039734437890819
state: 0.047553404424454875,-0.24850488763747386,0.047553404424454875,0.0,0.1902136176978195,0.05368932757599744
goals: 0.011749700198931,-0.26103717441734675,0.06463504339455663,-8.559081455285922e-05,0.19657746510400348,0.011717154756054287
state: 0.04141748127291231,-0.25464081078901646,0.0521553467881118,0.0,0.1902136176978195,0.04601942363656923
goals: 0.003447743520738318,-0.26712257051693417,0.07147661789800616,-8.399482628411735e-05,0.1958220376603617,0.003414821489630285
state: 0.035281558121369745,-0.260776733940559,0.05829126993965436,0.0,0.1902136176978195,0.03681553890925539
goals: 8.348069153732283e-06,-0.2696882315860104,0.07437072774149305,-8.333166935137159e-05,0.19549389621879676,-2.4730963313190137e-05
state: 0.02761165418194154,-0.26691265709210155,0.06442719309119693,0.0,0.1902136176978195,0.02761165418194154
state: 0.023009711818284616,-0.2684466378799872,0.06442719309119693,0.0,0.1902136176978195,0.018407769454627694
state: 0.023009711818284616,-0.2684466378799872,0.06596117387908257,0.0,0.1902136176978195,0.01227184630308513
state: 0.023009711818284616,-0.2684466378799872,0.06596117387908257,0.0,0.1902136176978195,0.006135923151542565
state: 0.023009711818284616,-0.2684466378799872,0.06442719309119693,0.0,0.1902136176978195,0.0015339807878856412
state: 0.023009711818284616,-0.2684466378799872,0.06596117387908257,0.0,0.1902136176978195,0.0015339807878856412
goals: 8.34449727718089e-06,-0.26967902103234137,0.07436818511949295,-8.332954168701137e-05,0.19548722263180646,-2.4731182903949637e-05
goals: 1.988786513089689e-06,-0.2532899845538399,0.06984390501561023,-7.95436271734407e-05,0.18361240331512182,-2.5121917391483945e-05
state: 0.021475731030398976,-0.2684466378799872,0.06596117387908257,0.0,0.1902136176978195,0.0015339807878856412
goals: -4.35040674000969e-06,-0.23694354065077594,0.0653313828171955,-7.576755166716804e-05,0.1717684448204396,-2.5511636420412237e-05
state: 0.021475731030398976,-0.26691265709210155,0.06596117387908257,0.0,0.18867963690993386,0.0015339807878856412
goals: -1.0697676466643782e-05,-0.22057627049801454,0.06081311142252577,-7.198666523737975e-05,0.15990939648490388,-2.5901851972367585e-05
state: 0.021475731030398976,-0.26231071472844464,0.06596117387908257,0.0,0.17640779060684875,0.0015339807878856412
goals: -2.079944627534868e-05,-0.19452752787308752,0.05362221840427468,-6.596933085086216e-05,0.14103555283316827,-2.6522885558680925e-05
state: 0.019941750242513337,-0.24390294527381695,0.06596117387908257,0.0,0.1641359443037636,0.0015339807878856412
goals: -3.241906178704002e-05,-0.16456482038753042,0.04535085470860009,-5.9047859336399144e-05,0.11932581180620846,-2.7237232809653663e-05
state: 0.019941750242513337,-0.200951483213019,0.06596117387908257,0.0,0.14112623248547898,0.0015339807878856412
goals: -4.4031978455511925e-05,-0.1346193867506367,0.03708425955010752,-5.213037813060654e-05,0.09762858669695076,-2.7951168231144294e-05
state: 0.01687378866674205,-0.16566992509164924,0.06442719309119693,0.0,0.11965050145508001,0.0015339807878856412
goals: -5.565968809234659e-05,-0.10463580749838672,0.028807134092970917,-4.520408517807119e-05,0.07590372284940156,-2.8666013090324407e-05
state: 0.01380582709097077,-0.14419419406125028,0.05522330836388308,0.0,0.09817477042468103,0.0015339807878856412
goals: -6.731876692547253e-05,-0.07457133864599576,0.02050767863437212,-3.825910649550086e-05,0.05412024973659546,-2.9382786455582313e-05
state: 0.01380582709097077,-0.11044661672776616,0.04601942363656923,0.0,0.07516505860639641,0.0015339807878856412
goals: -7.728557314153785e-05,-0.04887061740296311,0.01341285875720506,-3.2322166048094647e-05,0.03549856801236296,-2.999552279046883e-05
state: 0.01227184630308513,-0.07209709703062514,0.03834951969714103,0.0,0.05522330836388308,0.0015339807878856412
goals: -8.362921458802051e-05,-0.032512703247974915,0.008897170135148777,-2.8543440880672513e-05,0.023646298646611726,-3.0385515284101007e-05
state: 0.010737865515199488,-0.0521553467881118,0.030679615757712823,0.0,0.039883500485026674,0.0015339807878856412
goals: -8.99829361508174e-05,-0.01612879618674643,0.004374306034003208,-2.4758711277229134e-05,0.011775195893948223,-3.0776127480112436e-05
state: 0.010737865515199488,-0.039883500485026674,0.0260776733940559,0.0,0.02761165418194154,0.0015339807878856412
goals: -9.623484150506557e-05,-7.435616059228776e-06,-7.608072138391436e-05,-2.1034630667418248e-05,9.432349079288543e-05,-3.1160480249673125e-05
state: 0.010737865515199488,-0.021475731030398976,0.021475731030398976,0.0,0.015339807878856412,0.0015339807878856412
state: 0.009203884727313847,-0.009203884727313847,0.01687378866674205,0.0,0.006135923151542565,0.0015339807878856412
state: 0.009203884727313847,-0.009203884727313847,0.01687378866674205,0.0,0.0046019423636569235,0.0015339807878856412
state: 0.009203884727313847,-0.007669903939428206,0.01687378866674205,0.0,0.0046019423636569235,0.0015339807878856412
state: 0.009203884727313847,-0.009203884727313847,0.01687378866674205,0.0,0.0046019423636569235,0.0015339807878856412
state: 0.009203884727313847,-0.007669903939428206,0.01687378866674205,0.0,0.0030679615757712823,0.0015339807878856412
state: 0.009203884727313847,-0.009203884727313847,0.01687378866674205,0.0,0.0,0.0015339807878856412
state: 0.009203884727313847,-0.009203884727313847,0.01687378866674205,0.0,0.0015339807878856412,0.0015339807878856412
state: 0.009203884727313847,-0.009203884727313847,0.01687378866674205,0.0,0.0,0.0015339807878856412
state: 0.009203884727313847,-0.007669903939428206,0.01687378866674205,0.0,0.0,0.0015339807878856412
state: 0.009203884727313847,-0.009203884727313847,0.01687378866674205,0.0,0.0,0.0015339807878856412
state: 0.009203884727313847,-0.007669903939428206,0.01687378866674205,0.0,0.0015339807878856412,0.0015339807878856412
state: 0.009203884727313847,-0.007669903939428206,0.01687378866674205,0.0,0.0,0.0015339807878856412
state: 0.009203884727313847,-0.009203884727313847,0.01687378866674205,0.0,0.0,0.0015339807878856412
state: 0.009203884727313847,-0.007669903939428206,0.01687378866674205,0.0,0.0,0.0015339807878856412
state: 0.009203884727313847,-0.009203884727313847,0.01687378866674205,0.0,0.0,0.0015339807878856412
state: 0.009203884727313847,-0.007669903939428206,0.015339807878856412,0.0,0.0,0.0015339807878856412
state: 0.009203884727313847,-0.007669903939428206,0.015339807878856412,0.0,0.0015339807878856412,0.0015339807878856412
state: 0.009203884727313847,-0.009203884727313847,0.015339807878856412,0.0,0.0,0.0015339807878856412
state: 0.009203884727313847,-0.009203884727313847,0.015339807878856412,0.0,0.0015339807878856412,0.0015339807878856412
state: 0.009203884727313847,-0.007669903939428206,0.015339807878856412,0.0,0.0,0.0015339807878856412
state: 0.009203884727313847,-0.009203884727313847,0.015339807878856412,0.0,0.0,0.0015339807878856412
state: 0.009203884727313847,-0.007669903939428206,0.015339807878856412,0.0,0.0015339807878856412,0.0015339807878856412
state: 0.009203884727313847,-0.007669903939428206,0.015339807878856412,0.0,0.0,0.0015339807878856412
state: 0.009203884727313847,-0.007669903939428206,0.015339807878856412,0.0,0.0015339807878856412,0.0015339807878856412
state: 0.009203884727313847,-0.007669903939428206,0.015339807878856412,0.0,0.0,0.0015339807878856412
state: 0.009203884727313847,-0.007669903939428206,0.015339807878856412,0.0,0.0015339807878856412,0.0015339807878856412
state: 0.009203884727313847,-0.007669903939428206,0.01380582709097077,0.0,0.0,0.0015339807878856412
state: 0.009203884727313847,-0.007669903939428206,0.010737865515199488,0.0,0.0,0.0015339807878856412
state: 0.009203884727313847,-0.0046019423636569235,0.0046019423636569235,0.0,0.0015339807878856412,0.0015339807878856412
state: 0.009203884727313847,-0.0046019423636569235,0.0046019423636569235,0.0,0.0,0.0015339807878856412
state: 0.009203884727313847,-0.0030679615757712823,0.0046019423636569235,0.0,0.0,0.0015339807878856412
state: 0.007669903939428206,-0.0030679615757712823,0.0046019423636569235,0.0,0.0015339807878856412,0.0015339807878856412
state: 0.009203884727313847,-0.0030679615757712823,0.0046019423636569235,0.0,0.0015339807878856412,0.0015339807878856412
state: 0.009203884727313847,-0.0030679615757712823,0.0046019423636569235,0.0,0.0,0.0015339807878856412
state: 0.007669903939428206,-0.0030679615757712823,0.0046019423636569235,0.0,0.0015339807878856412,0.0015339807878856412
state: 0.009203884727313847,-0.0030679615757712823,0.0046019423636569235,0.0,0.0,0.0015339807878856412
state: 0.007669903939428206,-0.0030679615757712823,0.0046019423636569235,0.0,0.0015339807878856412,0.0015339807878856412
state: 0.007669903939428206,-0.0030679615757712823,0.0046019423636569235,0.0,0.0,0.0015339807878856412
state: 0.009203884727313847,-0.0030679615757712823,0.0046019423636569235,0.0,0.0,0.0015339807878856412
state: 0.007669903939428206,-0.0030679615757712823,0.0046019423636569235,0.0,0.0,0.0015339807878856412
state: 0.009203884727313847,-0.0030679615757712823,0.0046019423636569235,0.0,0.0,0.0015339807878856412
state: 0.007669903939428206,-0.0030679615757712823,0.0046019423636569235,0.0,0.0,0.0015339807878856412
state: 0.009203884727313847,-0.0030679615757712823,0.0046019423636569235,0.0,0.0,0.0015339807878856412
state: 0.007669903939428206,-0.0030679615757712823,0.0046019423636569235,0.0,0.0,0.0015339807878856412
state: 0.009203884727313847,-0.0030679615757712823,0.0046019423636569235,0.0,0.0015339807878856412,0.0015339807878856412
state: 0.007669903939428206,-0.0030679615757712823,0.0046019423636569235,0.0,0.0,0.0015339807878856412
state: 0.009203884727313847,-0.0030679615757712823,0.0046019423636569235,0.0,0.0,0.0015339807878856412
state: 0.007669903939428206,-0.0030679615757712823,0.0046019423636569235,0.0,0.0,0.0015339807878856412
